Geospatial/Brazil_soybean_harvested_area.asc
NCOLS 470 
NROWS 468 
XLLCORNER -74.0004239999869 
YLLCORNER -33.7495049999942 
CELLSIZE 0.0833330000000103 
NODATA_value -9999 
[rows 252 to 279 of 468, columns 315 to 377 of 470]
249.648994445801 1093.52193403244 1451.4457988739 1449.23490142822 1341.44560241699 114.446960449219 68.5686645507812 605.333068847656 2373.75561523438 1381.77917480469 1339.88208007812 476.416290283203 718.738525390625 1065.87036132812 802.628662109375 1628.32006835938 1327.2978515625 640.78955078125 474.478271484375 226.489608764648 342.465393066406 505.864562988281 417.618927001953 436.400695800781 750.808776855469 181.901031494141 608.219482421875 265.041442871094 326.751190185547 764.891174316406 658.173767089844 627.865356445312 552.339111328125 0 0 0 0 0 0 0 0 0 0 0 0 0 0 0 0 0 0 0 0 0 0 0 0 0 0 0 0 0 0
214.972962379456 812.685734510422 1114.20854187012 1565.2956943512 969.445962905884 13.7681798934937 25.184289932251 420.766754150391 1453.99877929688 1808.82421875 1165.71240234375 820.769958496094 959.560363769531 482.30126953125 185.180404663086 1145.01696777344 682.310760498047 241.934692382812 261.212982177734 232.375274658203 175.431801080704 143.087997436523 261.14574432373 305.332489013672 777.286385536194 371.122039794922 621.055515289307 458.752986907959 605.617126464844 715.261816978455 855.167593955994 0 0 0 0 0 0 0 0 0 0 0 0 0 0 0 0 0 0 0 0 0 0 0 0 0 0 0 0 0 0 0 0
255.466812133789 605.61833190918 1410.50238776207 1497.84936714172 905.257843017578 3.27267932891846 256.989135742188 1466.71025848389 1399.48480606079 1278.87432861328 991.183237791061 513.792585372925 1217.69946289062 874.831665039062 462.740783691406 301.514598846436 627.546508789062 612.784289598465 331.871429443359 358.359733581543 327.018615722656 308.205226421356 293.374115943909 257.847188949585 653.175552368164 637.370204925537 584.178512573242 0 713.603942871094 728.812412261963 686.032123565674 418.704940795898 0 0 0 0 0 0 0 0 0 0 0 0 0 0 63.1020660400391 84.0830459594727 122.131797790527 44.9734077453613 27.9296875 0 0 0 0 0 0 0 0 0 0 0 0
912.270147323608 1101.99201202393 1536.17921447754 1753.96069335938 1609.33851623535 742.218505859375 1413.85314941406 1643.6025390625 1315.72143554688 1411.27075195312 826.047058105469 573.6396484375 876.313537597656 785.485412597656 1056.27844238281 512.993591308594 697.95361328125 801.614440917969 522.730407714844 504.049407958984 332.817535400391 190.814712524414 358.928039550781 212.182678222656 366.477325439453 464.213775634766 397.558929443359 0 669.260559082031 316.209777832031 580.913635253906 714.956909179688 0 0 0 0 0 0 0 0 0 0 0 0 38.8096961975098 39.9534149169922 86.5258255004883 146.04948425293 151.41584777832 41.2089538574219 41.9919357299805 0 0 0 0 0 0 0 0 0 0 0 0
1010.83612060547 1562.490234375 1602.06225585938 1568.82861328125 1435.31323242188 976.736083984375 1364.71008300781 1179.87963867188 1048.96850585938 844.460327148438 823.938781738281 736.250854492188 304.947540283203 1365.26623535156 987.426391601562 731.670471191406 1159.51159667969 1169.82946777344 1027.52661132812 500.611480712891 706.363403320312 651.494567871094 386.114379882812 378.825744628906 555.971069335938 548.6552734375 613.086120605469 0 562.787841796875 753.934997558594 549.217346191406 475.948486328125 0 0 0 0 0 0 0 0 0 0 0 28.0613307952881 31.8367595672607 27.6029529571533 95.3421249389648 27.0676574707031 16.671760559082 37.8378067016602 58.9364433288574 74.1315841674805 0 0 0 0 0 0 0 0 0 0 0
877.241394042969 1552.55590820312 1622.14135742188 1594.51135253906 1610.05981445312 832.017852783203 457.781995773315 536.891418457031 969.747688293457 921.895420074463 1267.75355911255 760.859027862549 578.754699707031 1168.8576965332 1341.38730430603 930.485778808594 755.800506591797 738.500564575195 733.519432067871 684.344497680664 870.416984558105 792.524732589722 551.873096466064 447.974805831909 437.354355812073 299.383644104004 417.321350097656 0 0 346.968977928162 351.512497901917 0 0 0 0 0 0 0 0 0 0 0 0 0 21.8446369171143 14.5592374801636 24.7776260375977 20.5777549743652 16.4735431671143 34.9365392923355 100.102272033691 118.609211444855 29.7526352405548 0 0 0 0 0 0 0 0 0 0
1384.29040527344 1248.61376953125 1462.85498046875 1537.65100097656 1534.50854492188 1220.23156738281 712.201293945312 146.377853393555 756.230224609375 1078.78576660156 1197.27844238281 898.92626953125 798.115234375 498.929016113281 904.974548339844 1324.18774414062 760.638549804688 621.466247558594 505.470336914062 893.035583496094 566.608602523804 621.359390258789 717.625915527344 535.346557617188 643.119140625 261.386871337891 212.653518676758 0 0 0 0 0 0 0 0 0 0 0 0 0 0 18.3715467453003 21.3216556310654 55.5508918762207 43.6225814819336 25.3381595611572 28.4744777679443 32.3189573287964 34.932731628418 86.2531814575195 108.869331359863 154.141555786133 31.9392242431641 5.87084436416626 0 0 0 0 0 0 0 0 0
1130.61694335938 1325.14172363281 1279.94970703125 1274.45202636719 1076.8291015625 1375.91552734375 1829.080078125 1739.7783203125 361.405914306641 918.159118652344 1043.14096641541 705.131591796875 603.192810058594 865.953735351562 661.82861328125 1681.64978027344 1022.56066894531 461.470306396484 513.852905273438 241.429504394531 339.733610033989 460.714691162109 336.015823364258 617.542053222656 493.47021484375 557.590759277344 368.226501464844 0 0 0 0 0 0 0 0 0 0 0 0 0 0 39.7962417602539 73.9839134216309 36.5483283996582 7.29929399490356 16.0194187164307 16.1315500736237 29.0621922016144 32.1407673358917 95.007942199707 98.7679443359375 142.604049682617 8.33367156982422 3.51441431045532 0 0 0 0 0 0 0 0 0
764.887512207031 1249.72314453125 1094.16296386719 810.212524414062 1423.58288574219 1581.30322265625 1639.20056152344 2069.9453125 1025.0986328125 281.383087158203 1043.21130371094 949.5234375 558.093200683594 460.560028076172 512.160888671875 464.655487060547 1520.46459960938 1261.82421875 534.510620117188 272.318817138672 861.757934570312 622.470031738281 477.803924560547 418.546844482422 945.698852539062 644.083923339844 317.378936767578 689.307922363281 541.856384277344 350.748077392578 634.598205566406 0 0 0 0 0 0 0 0 0 0 8.93014430999756 16.0245895385742 33.4283866882324 18.3184070587158 18.7991080284119 20.3561758995056 44.5690307617188 86.5994186401367 75.8964157104492 107.610443115234 90.5413818359375 2.31058669090271 1.15894389152527 0 0 0 0 0 0 0 0 0
863.89208984375 1457.11584472656 1077.88989257812 645.576904296875 855.890075683594 1421.04516601562 1632.88415527344 1755.47375488281 1104.01013183594 170.55143737793 597.220092773438 721.454895019531 479.042724609375 568.646545410156 834.4951171875 890.737121582031 302.08251953125 1198.48941040039 823.94091796875 529.923278808594 649.35986328125 842.679138183594 349.759307861328 474.208526611328 355.892822265625 621.571411132812 700.509521484375 518.507080078125 278.218383789062 354.126434326172 379.919036865234 457.899566650391 810.434143066406 0 0 0 0 0 0 0 0 6.41082715988159 13.4160804748535 9.5113582611084 5.05540752410889 15.8720779418945 22.9075870513916 30.1956081390381 62.4183578491211 113.492172241211 98.0547637939453 65.0205078125 0 0 0 0 0 0 0 0 0 0 0
665.014587402344 1094.3857421875 1457.41870117188 422.908569335938 159.831481933594 1207.79675292969 1277.25073242188 1610.63696289062 1437.416015625 592.629272460938 595.793823242188 899.625549316406 719.600463867188 726.191345214844 703.019409179688 701.314636230469 569.64013671875 601.936584472656 611.779052734375 958.898254394531 1010.19213867188 511.355987548828 295.194732666016 435.875732421875 491.668762207031 529.788513183594 575.838684082031 556.61181640625 481.784759521484 411.111968994141 273.160827636719 373.104125976562 838.521789550781 640.665161132812 523.356628417969 573.262817382812 0 0 0 0 0 0 7.88493537902832 11.1772794723511 3.51621103286743 9.58510208129883 19.3713932037354 25.4762725830078 77.7365570068359 67.4928512573242 125.790863037109 22.7927513122559 0 0 0 0 0 0 0 0 0 0 0
774.367614746094 163.997024536133 734.313781738281 848.228881835938 761.68408203125 1436.14123535156 984.425537109375 1593.28686523438 1741.89562988281 503.950836181641 415.811737060547 822.669372558594 827.767395019531 753.743774414062 701.498413085938 150.94775390625 546.921264648438 745.165222167969 934.125061035156 641.583251953125 650.977783203125 210.672668457031 0 0 0 0 0 645.690734863281 268.305206298828 461.411743164062 725.870178222656 294.761810302734 143.088424682617 349.808044433594 0 0 0 0 0 0 0 2.09482789039612 10.8769931793213 14.6259717941284 10.599461555481 3.95049381256104 11.5261135101318 33.9387702941895 46.7088356018066 112.991050720215 47.3485488891602 0 0 0 0 0 0 0 0 0 0 0 0
1068.76354980469 657 840.623596191406 604.458801269531 1078.21838378906 549.745483398438 946.4912109375 1186.21057128906 1878.3056640625 424.994995117188 664.066589355469 660.96728515625 759.859436035156 614.69970703125 601.528625488281 874.17236328125 515.576171875 703.939880371094 915.923706054688 578.72412109375 436.244689941406 525.387939453125 264.225921630859 0 0 0 0 654.837829589844 494.153411865234 372.502777099609 559.260803222656 734.755065917969 741.263061523438 476.350646972656 621.669982910156 908.557373046875 499.106506347656 0 0 0 4.80890655517578 1.26984226703644 2.47502589225769 7.67181444168091 16.7851791381836 18.6580486297607 17.9377956390381 21.2809238433838 38.4414596557617 15.2857608795166 0 0 0 0 0 0 0 0 0 0 0 0 0
1193.18872070312 1039.64782714844 1532.85986328125 941.748168945312 1214.61376953125 850.227905273438 906.5966796875 1173.21899414062 462.618927001953 282.728393554688 573.048645019531 508.270568847656 613.490966796875 801.173400878906 763.743103027344 744.406982421875 891.979187011719 565.446838378906 662.254821777344 676.959655761719 550.905883789062 723.222778320312 379.249908447266 405.612640380859 0 0 0 330.200317382812 463.115997314453 303.579071044922 585.919616699219 1264.46057128906 1297.74755859375 807.747009277344 702.835876464844 1071.41772460938 756.332763671875 0 0 7.22652101516724 6.42053508758545 2.14497232437134 0 1.00440168380737 5.28518676757812 5.60721397399902 5.65292501449585 26.0207862854004 38.2336616516113 28.5187892913818 0 0 0 0 0 0 0 0 0 0 0 0 0
2046.77856445312 1880.14587402344 761.793029785156 1435.46533203125 986.148803710938 748.483642578125 713.826721191406 877.139892578125 1153.3564453125 575.191711425781 640.686645507812 774.949890136719 326.588287353516 476.348358154297 821.107849121094 963.718566894531 1040.380859375 932.587707519531 787.988220214844 860.813537597656 341.8466796875 510.351470947266 267.212554931641 58.8843231201172 288.558135986328 310.337768554688 272.995788574219 218.772674560547 643.062255859375 455.900268554688 740.285400390625 1366.43542480469 1075.20642089844 584.248901367188 503.465362548828 718.183898925781 897.854553222656 0 0 7.86669826507568 10.0530729293823 0 3.13515257835388 12.7639579772949 6.49155712127686 3.70691466331482 5.05983066558838 23.7667080163956 15.4730434417725 26.5920917987823 0 0 0 0 0 0 0 0 0 0 0 0 0
2071.15209960938 1891.37585449219 1434.01647949219 1423.69653320312 1281.68786621094 799.416870117188 797.257690429688 456.536956787109 800.573303222656 290.329040527344 854.061462402344 645.309753417969 491.562286376953 632.233703613281 595.320739746094 855.282836914062 819.542869567871 855.475891113281 454.935302734375 279.900398254395 492.108520507812 586.924198150635 245.240669250488 153.158473968506 133.004684448242 21.2700634002686 120.490287780762 794.05078125 547.592956542969 622.673706054688 384.741695404053 1067.26695251465 605.314880371094 369.172866821289 467.319519042969 933.146240234375 534.101013183594 0 7.3737473487854 7.92723178863525 0 0 6.86879670619965 18.9449045658112 12.8376848697662 17.4404977560043 23.2175770998001 28.4218508005142 0 5.73015451431274 0 0 0 0 0 0 0 0 0 0 0 0 0
1103.81468200684 1461.35628128052 1530.52278137207 1799.46691894531 1142.88390350342 655.906307220459 582.93115234375 801.326416015625 86.8602905273438 507.318267822266 646.067604064941 397.672088623047 243.696533203125 866.288940429688 533.934181213379 643.20580291748 571.158203125 917.268737792969 228.90885925293 436.230850219727 178.009750366211 422.369842529297 460.949676513672 413.043914794922 159.059906005859 173.837158203125 170.626190185547 216.865859985352 620.919471740723 488.0595703125 408.696838378906 1010.59924316406 831.390502929688 382.304046630859 543.143615722656 745.753662109375 784.841857910156 0 0 0 0 3.85858416557312 10.8189897537231 27.9206409454346 21.1438732147217 24.9053287506104 18.2864990234375 8.44370651245117 0 5.33121824264526 0 0 0 0 0 0 0 0 0 0 0 0 0
1803.23034667969 1565.00708007812 643.647155761719 1859.89477539062 1087.48449707031 328.991851806641 302.022735595703 624.321594238281 814.096313476562 368.737670898438 533.539306640625 582.298400878906 142.169525146484 942.1083984375 873.002502441406 715.4072265625 889.371276855469 896.044555664062 387.557800292969 448.969268798828 236.29914855957 259.197021484375 196.545852661133 307.604156494141 152.493789672852 238.566864013672 269.649505615234 237.274490356445 641.811462402344 469.322540283203 808.6748046875 436.783721923828 820.139770507812 323.681976318359 548.855041503906 366.090301513672 424.345947265625 0 0 0 0 5.27146816253662 8.55933666229248 28.1761436462402 20.716329574585 27.6004123687744 0 0 0 0 0 0 0 0 0 0 0 0 0 0 0 0 0
2245.845703125 1351.80334472656 989.431091308594 445.236541748047 507.610748291016 555.030151367188 862.311645507812 872.989990234375 991.835876464844 1113.96716308594 628.560302734375 649.978637695312 270.314239501953 891.348022460938 1055.30517578125 309.803619384766 602.336730957031 209.937789916992 267.207672119141 299.162445068359 277.499420166016 587.369506835938 38.4693870544434 404.623992919922 175.160980224609 280.144500732422 61.8427810668945 260.777618408203 680.573791503906 723.306640625 1101.37048339844 744.070373535156 386.300567626953 297.165374755859 613.346435546875 603.701049804688 263.749908447266 556.115234375 0 0 0 3.14277815818787 3.08103799819946 17.0141887664795 13.8947095870972 16.4409198760986 0 0 0 0 0 0 0 0 0 0 0 0 0 0 0 0 0
941.924903869629 965.531066894531 851.840270996094 776.742614746094 957.386596679688 1234.94250488281 1090.98571777344 982.489501953125 1665.67211914062 836.8603515625 425.164855957031 733.404968261719 514.020629882812 481.267883300781 652.710266113281 385.151245117188 660.437744140625 185.256591796875 266.208831787109 260.312896728516 595.587707519531 574.621887207031 288.067504882812 619.711730957031 365.311431884766 54.0357818603516 37.3041076660156 614.913757324219 84.6473693847656 253.563674926758 352.760467529297 729.660278320312 292.465728759766 683.117431640625 539.666870117188 448.642059326172 806.072143554688 707.691345214844 144.570129394531 9.90567302703857 0 0 0 0 0 0 0 0 0 0 0 0 0 0 0 0 0 0 0 0 0 0 0
835.146731376648 605.730010986328 982.122314453125 1158.83129882812 886.383544921875 1468.68615722656 1189.11547851562 1372.87841796875 1132.40222167969 1099.3173828125 602.490966796875 803.352111816406 609.534545898438 687.260986328125 371.470703125 169.197204589844 354.627288818359 500.178039550781 383.5283203125 413.516235351562 381.984161376953 828.409484863281 677.617919921875 544.286865234375 419.719360351562 65.3987350463867 46.4660415649414 224.475204467773 139.512603759766 536.937255859375 5.18837714195251 395.113128662109 505.648803710938 720.526428222656 202.598098754883 881.422668457031 296.701354980469 60.77294921875 53.8761787414551 21.2962493896484 15.1990556716919 0 0 0 0 0 0 0 0 0 0 0 0 0 0 0 0 0 0 0 0 0 0
754.081970214844 512.992431640625 764.188171386719 1142.47497558594 2572.85571289062 2715.44165039062 2473.8876953125 1635.72790527344 785.8388671875 1281.77917480469 687.523010253906 939.986938476562 726.685852050781 325.118316650391 467.831268310547 180.282089233398 347.038879394531 335.556213378906 518.582885742188 712.208557128906 586.922424316406 830.796752929688 762.622741699219 277.395385742188 504.039581298828 202.302398681641 212.072158813477 45.7510147094727 1.85157454013824 311.943908691406 444.735229492188 277.646850585938 866.233471632004 487.892913818359 445.733612060547 599.486755371094 37.2557563781738 67.1372604370117 46.0830879211426 6.8200296163559 12.7394298315048 0 0 0 0 0 0 0 0 0 0 0 0 0 0 0 0 0 0 0 0 0 0
2032.23681640625 509.743988037109 1104.16284179688 1926.00024414062 2541.01245117188 1621.0166015625 2133.74199223518 1245.84453678131 1527.22636723518 641.048730492592 1202.3681640625 261.792572021484 122.570152282715 63.7548217773438 636.339135766029 575.641357421875 560.27978515625 456.403991699219 658.454556584358 605.217834472656 482.282012939453 549.316772460938 443.82234287262 351.463403344154 335.276147484779 218.479034423828 621.669372558594 33.8926239013672 1141.49719238281 470.744683861732 700.186889648438 580.783325195312 808.011779785156 601.811645507812 322.731536865234 260.332183837891 49.6311645507812 63.5686683654785 32.9016189575195 0 0 0 0 0 0 0 0 0 0 0 0 0 0 0 0 0 0 0 0 0 0 0 0
1296.00500488281 890.643920898438 2002.73559570312 2194.27550506592 1598.3720703125 600.914306640625 1605.42749023438 1471.07421875 921.494750976562 1231.34289550781 462.921173095703 231.830902099609 187.206436157227 300.906433105469 416.865081787109 368.508728027344 905.629699707031 662.315734863281 628.492309570312 552.57568359375 468.742095947266 401.341888427734 243.921493530273 505.733123779297 515.764526367188 124.803703308105 164.942962646484 32.8195610046387 412.673217773438 216.033233642578 81.7850341796875 334.540161132812 946.6142578125 341.244598388672 25.8650512695312 86.1152038574219 51.2289352416992 69.2203140258789 221.642761230469 0 0 0 5.41284132003784 15.8505439758301 14.2046689987183 0 0 0 0 0 0 0 0 0 0 0 0 0 0 0 0 0 0
501.535705566406 751.787780761719 1564.07434082031 1851.92602539062 1828.05639648438 1800.8876953125 941.6650390625 1495.87756347656 1010.50708007812 1240.39953613281 442.605407714844 353.560363769531 375.811889648438 871.246276855469 870.108947753906 789.311401367188 993.288269042969 727.24169921875 552.201843261719 564.256958007812 407.182708740234 488.430450439453 307.970703125 230.246368408203 282.968841552734 176.003021240234 378.523223876953 521.639831542969 602.547607421875 1162.6806640625 455.820709228516 646.815185546875 1348.39880371094 71.8313140869141 39.9843902587891 113.939308166504 215.491516113281 100.361381530762 156.75373840332 0 0 0 15.9732980728149 47.3943557739258 22.5228137969971 0 0 0 0 0 0 0 0 0 0 0 0 0 0 0 0 0 0
506.474983215332 910.688537597656 1612.5654296875 1950.03686523438 2157.54321289062 1672.63439941406 2010.21118164062 1265.14656066895 1358.30004882812 1332.64147949219 303.068939208984 307.045623779297 697.490966796875 1040.65014648438 872.879150390625 847.597900390625 719.558288574219 572.789428710938 290.361602783203 594.181884765625 320.984252929688 327.630035400391 447.547027587891 198.516876220703 94.8864440917969 109.568832397461 293.725830078125 1149.294921875 604.381408691406 698.726409912109 506.174621582031 590.821105957031 69.0063705444336 28.3350048065186 35.1951637268066 87.6221542358398 296.740692138672 394.992919921875 152.701629638672 0 2.41624546051025 0 20.1602649688721 20.5690002441406 31.7861919403076 0 0 0 0 0 0 0 0 0 0 0 0 0 0 0 0 0 0
721.033752441406 824.507995605469 1630.91296386719 1916.43151855469 2041.88208007812 1431.59204101562 1340.26013183594 1445.01147460938 1418.60632324219 310.576019287109 206.668319702148 155.159317016602 631.473388671875 865.087158203125 698.550415039062 417.569213867188 313.223419189453 209.119964599609 210.453491210938 122.666221618652 354.862060546875 197.625778198242 356.934173583984 261.627990722656 103.793907165527 270.197143554688 483.038024902344 275.750274658203 714.702819824219 264.907012939453 488.743194580078 216.312515258789 28.5690135955811 0 35.6371841430664 48.5562362670898 118.367469787598 301.400360107422 126.784294128418 2.90567398071289 1.02876877784729 0 18.2095260620117 39.6881523132324 19.697359085083 0 0 0 0 0 0 0 0 0 0 0 0 0 0 0 0 0 0
727.6728515625 626.803039550781 229.466430664062 1450.12707519531 1172.93786621094 610.172668457031 428.414581298828 241.929870605469 162.905303955078 374.887420654297 233.00830078125 226.0458984375 837.44189453125 602.629150390625 273.504119873047 988.382568359375 535.318664550781 154.750228881836 132.671478271484 235.863830566406 133.554061889648 169.8505859375 317.910766601562 245.167297363281 201.886047363281 535.611877441406 418.074676513672 350.307861328125 332.489776611328 171.21028137207 684.063171386719 45.9544258117676 14.0380258560181 0 75.1308481693268 19.7307319641113 161.082336425781 59.073582649231 38.2767944335938 15.0217590332031 4.68534326553345 21.8934860229492 65.9371852874756 70.6653423309326 10.1482572555542 0 0 0 0 0 0 0 0 0 0 0 0 0 0 0 0 0 0
