Geospatial/Brazil_culicoides_map.asc
NCOLS 392 
NROWS 390 
XLLCORNER -74 
YLLCORNER -33.7 
CELLSIZE 0.1 
NODATA_value -9999 
[rows 24 to 47 of 390, columns 106 to 158 of 392]
0.0829999968409538 0.0729999989271164 0.0769999995827675 0.0790000036358833 0.0700000002980232 0.068000003695488 0.0590000003576279 0.0570000000298023 0.0610000006854534 0.0810000002384186 0.0810000002384186 0.0700000002980232 0.0560000017285347 0.0540000014007092 0.0610000006854534 0.0659999996423721 0.105999998748302 0.157000005245209 0.412000000476837 0.45100000500679 0.444999992847443 0.430999994277954 0.28600001335144 0.275999993085861 0.333000004291534 0.361000001430511 0.36599999666214 0.374000012874603 0.485000014305115 0.444000005722046 0.345999985933304 0.303999990224838 0.266000002622604 0.282000005245209 -9999 -9999 -9999 -9999 -9999 -9999 -9999 -9999 -9999 -9999 -9999 -9999 -9999 -9999 -9999 -9999 -9999 -9999 -9999
0.118000000715256 0.0869999974966049 0.0810000002384186 0.090999998152256 0.101000003516674 0.109999999403954 0.0920000001788139 0.0890000015497208 0.0939999967813492 0.090999998152256 0.090999998152256 0.101000003516674 0.097000002861023 0.101999998092651 0.0850000008940697 0.0900000035762787 0.137999996542931 0.282000005245209 0.356000006198883 0.435000002384186 0.465000003576279 0.433999985456467 0.446999996900558 0.340999990701675 0.32600000500679 0.33500000834465 0.372000008821487 0.42399999499321 0.458000004291534 0.342000007629395 0.335999995470047 0.25900000333786 0.303000003099442 0.421999990940094 -9999 -9999 -9999 -9999 -9999 -9999 -9999 -9999 -9999 -9999 -9999 -9999 -9999 -9999 -9999 -9999 -9999 -9999 -9999
0.148000001907349 0.136999994516373 0.0759999975562096 0.0790000036358833 0.0689999982714653 0.0920000001788139 0.100000001490116 0.096000000834465 0.108999997377396 0.0750000029802322 0.0719999969005585 0.0850000008940697 0.0560000017285347 0.0689999982714653 0.103000000119209 0.104000002145767 0.0989999994635582 0.312000006437302 0.465000003576279 0.479000002145767 0.474999994039536 0.43299999833107 0.416999995708466 0.435999989509583 0.46399998664856 0.30799999833107 0.421000003814697 0.456000000238419 0.368999987840652 0.342999994754791 0.430000007152557 0.30799999833107 0.244000002741814 0.261000007390976 -9999 -9999 -9999 -9999 -9999 -9999 -9999 -9999 -9999 -9999 -9999 -9999 -9999 -9999 -9999 -9999 -9999 -9999 -9999
0.165000006556511 0.174999997019768 0.122000001370907 0.0700000002980232 0.0750000029802322 0.0829999968409538 0.0610000006854534 0.0780000016093254 0.0949999988079071 0.0759999975562096 0.0780000016093254 0.0829999968409538 0.0549999997019768 0.046000000089407 0.063000001013279 0.0750000029802322 0.165000006556511 0.368000000715256 0.358999997377396 0.351999998092651 0.381999999284744 0.368000000715256 0.360000014305115 0.384999990463257 0.477999985218048 0.405000001192093 0.407999992370605 0.428999990224838 0.321000009775162 0.128000006079674 0.351999998092651 0.335999995470047 0.308999985456467 0.238000005483627 0.219999998807907 -9999 -9999 -9999 -9999 -9999 -9999 -9999 -9999 -9999 -9999 -9999 -9999 -9999 -9999 -9999 -9999 -9999 -9999
0.156000003218651 0.165999993681908 0.142000004649162 0.0850000008940697 0.0920000001788139 0.0900000035762787 0.0700000002980232 0.0570000000298023 0.0610000006854534 0.0590000003576279 0.068000003695488 0.0719999969005585 0.0540000014007092 0.0540000014007092 0.0549999997019768 0.0829999968409538 0.0850000008940697 0.0850000008940697 0.179000005125999 0.261999994516373 0.361000001430511 0.356000006198883 0.344999998807907 0.375 0.497999995946884 0.477999985218048 0.458999991416931 0.456000000238419 0.370999991893768 0.119999997317791 0.128000006079674 0.244000002741814 0.36599999666214 0.328000009059906 0.19200000166893 -9999 -9999 -9999 -9999 -9999 -9999 -9999 -9999 -9999 -9999 -9999 -9999 -9999 -9999 -9999 -9999 -9999 -9999
0.14300000667572 0.126000002026558 0.0860000029206276 0.0729999989271164 0.068000003695488 0.0750000029802322 0.0610000006854534 0.0740000009536743 0.0719999969005585 0.0689999982714653 0.0529999993741512 0.0500000007450581 0.0529999993741512 0.0529999993741512 0.0599999986588955 0.05799999833107 0.0509999990463257 0.0939999967813492 0.167999997735023 0.27700001001358 0.301999986171722 0.40599998831749 0.439000010490417 0.351000010967255 0.479999989271164 0.528999984264374 0.439000010490417 0.428999990224838 0.193000003695488 0.06700000166893 0.0839999988675117 0.0769999995827675 0.284000009298325 0.284999996423721 0.152999997138977 -9999 -9999 -9999 -9999 -9999 -9999 -9999 -9999 -9999 -9999 -9999 -9999 -9999 -9999 -9999 -9999 -9999 -9999
0.159999996423721 0.141000002622604 0.116999998688698 0.0879999995231628 0.0649999976158142 0.06700000166893 0.05799999833107 0.0700000002980232 0.0649999976158142 0.0480000004172325 0.0520000010728836 0.0520000010728836 0.0439999997615814 0.0480000004172325 0.0529999993741512 0.061999998986721 0.0489999987185001 0.0719999969005585 0.146999999880791 0.194000005722046 0.319999992847443 0.404000014066696 0.41100001335144 0.426999986171722 0.497999995946884 0.508000016212463 0.430000007152557 0.418000012636185 0.236000001430511 0.108999997377396 0.112000003457069 0.06700000166893 0.261000007390976 0.323000013828278 0.254999995231628 0.241999998688698 -9999 -9999 -9999 -9999 -9999 -9999 -9999 -9999 -9999 -9999 -9999 -9999 -9999 -9999 -9999 -9999 -9999
0.146999999880791 0.136999994516373 0.0780000016093254 0.068000003695488 0.0540000014007092 0.0520000010728836 0.0520000010728836 0.0729999989271164 0.0799999982118607 0.0769999995827675 0.0590000003576279 0.0450000017881393 0.0430000014603138 0.0439999997615814 0.0480000004172325 0.0480000004172325 0.0430000014603138 0.0599999986588955 0.06700000166893 0.0769999995827675 0.268999993801117 0.31700000166893 0.412000000476837 0.512000024318695 0.51800000667572 0.301999986171722 0.321999996900558 0.405000001192093 0.20100000500679 0.177000001072884 0.137999996542931 0.0729999989271164 0.291000008583069 0.32600000500679 0.298000007867813 0.273000001907349 0.216000005602837 -9999 -9999 -9999 -9999 -9999 -9999 -9999 -9999 -9999 -9999 -9999 -9999 -9999 -9999 -9999 -9999
0.119999997317791 0.068000003695488 0.0509999990463257 0.0640000030398369 0.0659999996423721 0.0540000014007092 0.0570000000298023 0.0500000007450581 0.063000001013279 0.0799999982118607 0.0780000016093254 0.0480000004172325 0.0439999997615814 0.0450000017881393 0.0419999994337559 0.0540000014007092 0.0560000017285347 0.05799999833107 0.0869999974966049 0.291000008583069 0.323000013828278 0.418000012636185 0.448000013828278 0.555000007152557 0.252999991178513 0.268999993801117 0.250999987125397 0.363000005483627 0.180999994277954 0.142000004649162 0.104000002145767 0.0729999989271164 0.263000011444092 0.330000013113022 0.312000006437302 0.307000011205673 0.282999992370605 -9999 -9999 -9999 -9999 -9999 -9999 -9999 -9999 -9999 -9999 -9999 -9999 -9999 -9999 -9999 -9999
0.0509999990463257 0.0560000017285347 0.0560000017285347 0.0549999997019768 0.046000000089407 0.0659999996423721 0.0520000010728836 0.0450000017881393 0.0509999990463257 0.0729999989271164 0.0900000035762787 0.0500000007450581 0.068000003695488 0.046000000089407 0.0430000014603138 0.0489999987185001 0.0430000014603138 0.0590000003576279 0.130999997258186 0.20100000500679 0.395000010728836 0.46900001168251 0.421000003814697 0.570999979972839 0.203999996185303 0.0850000008940697 0.165999993681908 0.307000011205673 0.123999997973442 0.0810000002384186 0.0700000002980232 0.05799999833107 0.111000001430511 0.328999996185303 0.33899998664856 0.166999995708466 -9999 -9999 -9999 -9999 -9999 -9999 -9999 -9999 -9999 -9999 -9999 -9999 -9999 -9999 -9999 -9999 -9999
0.0419999994337559 0.0480000004172325 0.0430000014603138 0.0450000017881393 0.0469999983906746 0.0509999990463257 0.0610000006854534 0.0540000014007092 0.0549999997019768 0.0599999986588955 0.0829999968409538 0.0790000036358833 0.0540000014007092 0.0529999993741512 0.0520000010728836 0.0599999986588955 0.0810000002384186 0.0599999986588955 0.0790000036358833 0.116999998688698 0.130999997258186 0.159999996423721 0.361999988555908 0.30799999833107 0.135000005364418 0.0890000015497208 0.145999997854233 0.179000005125999 0.167999997735023 0.0879999995231628 0.0599999986588955 0.0780000016093254 0.0810000002384186 0.333999991416931 0.261999994516373 0.158999994397163 0.0549999997019768 -9999 -9999 -9999 -9999 -9999 -9999 -9999 -9999 -9999 -9999 -9999 -9999 -9999 -9999 -9999 -9999
0.0430000014603138 0.0450000017881393 0.0549999997019768 0.0500000007450581 0.0529999993741512 0.0540000014007092 0.046000000089407 0.0520000010728836 0.0599999986588955 0.0540000014007092 0.0829999968409538 0.0780000016093254 0.0689999982714653 0.0850000008940697 0.160999998450279 0.160999998450279 0.155000001192093 0.0700000002980232 0.0920000001788139 0.116999998688698 0.0900000035762787 0.142000004649162 0.360000014305115 0.273999989032745 0.14300000667572 0.120999999344349 0.0879999995231628 0.0839999988675117 0.164000004529953 0.129999995231628 0.0930000022053719 0.0480000004172325 0.0860000029206276 0.166999995708466 0.0719999969005585 0.0560000017285347 0.0610000006854534 -9999 -9999 -9999 -9999 -9999 -9999 -9999 -9999 -9999 -9999 -9999 -9999 -9999 -9999 -9999 -9999
0.0570000000298023 0.0529999993741512 0.0500000007450581 0.0430000014603138 0.0570000000298023 0.0590000003576279 0.0489999987185001 0.0439999997615814 0.0500000007450581 0.068000003695488 0.111000001430511 0.0529999993741512 0.0829999968409538 0.0769999995827675 0.152999997138977 0.165999993681908 0.0829999968409538 0.0710000023245811 0.150000005960464 0.157000005245209 0.119000002741814 0.162000000476837 0.177000001072884 0.293000012636185 0.25900000333786 0.151999995112419 0.0740000009536743 0.090999998152256 0.0790000036358833 0.127000004053116 0.178000003099442 0.0610000006854534 0.063000001013279 0.0829999968409538 0.0719999969005585 0.0489999987185001 0.0469999983906746 0.0549999997019768 0.05799999833107 -9999 -9999 -9999 -9999 -9999 -9999 -9999 -9999 -9999 -9999 -9999 -9999 -9999 -9999
0.061999998986721 0.0439999997615814 0.0469999983906746 0.0439999997615814 0.0599999986588955 0.105999998748302 0.0570000000298023 0.0610000006854534 0.0540000014007092 0.0689999982714653 0.0810000002384186 0.119999997317791 0.194999992847443 0.127000004053116 0.136999994516373 0.150000005960464 0.0590000003576279 0.100000001490116 0.184000000357628 0.185000002384186 0.145999997854233 0.219999998807907 0.136000007390976 0.151999995112419 0.296000003814697 0.212999999523163 0.216999992728233 0.0979999974370003 0.112999998033047 0.170000001788139 0.155000001192093 0.05799999833107 0.0759999975562096 0.068000003695488 0.068000003695488 0.0520000010728836 0.0469999983906746 0.068000003695488 0.0610000006854534 0.0659999996423721 -9999 -9999 -9999 -9999 -9999 -9999 -9999 -9999 -9999 -9999 0.123999997973442 0.129999995231628 -9999
0.0729999989271164 0.05799999833107 0.0529999993741512 0.0450000017881393 0.0450000017881393 0.0599999986588955 0.046000000089407 0.0520000010728836 0.0509999990463257 0.0469999983906746 0.0790000036358833 0.100000001490116 0.143999993801117 0.0860000029206276 0.0719999969005585 0.05799999833107 0.0649999976158142 0.105999998748302 0.158000007271767 0.188999995589256 0.170000001788139 0.216999992728233 0.177000001072884 0.172000005841255 0.179000005125999 0.382999986410141 0.409000009298325 0.163000002503395 0.112000003457069 0.104999996721745 0.135000005364418 0.185000002384186 0.0839999988675117 0.0810000002384186 0.0489999987185001 0.0560000017285347 0.0489999987185001 0.0450000017881393 0.0560000017285347 0.0769999995827675 0.114000000059605 -9999 -9999 -9999 -9999 -9999 -9999 -9999 -9999 0.122000001370907 0.0710000023245811 0.06700000166893 0.0799999982118607
0.090999998152256 0.0810000002384186 0.0790000036358833 0.0599999986588955 0.0489999987185001 0.0560000017285347 0.0520000010728836 0.0590000003576279 0.0570000000298023 0.0839999988675117 0.0890000015497208 0.137999996542931 0.0930000022053719 0.0689999982714653 0.0989999994635582 0.103000000119209 0.0780000016093254 0.133000001311302 0.181999996304512 0.181999996304512 0.159999996423721 0.232999995350838 0.247999995946884 0.270000010728836 0.248999997973442 0.160999998450279 0.104000002145767 0.180000007152557 0.165000006556511 0.119000002741814 0.186000004410744 0.331000000238419 0.162000000476837 0.0599999986588955 0.0570000000298023 0.0439999997615814 0.0520000010728836 0.0439999997615814 0.046000000089407 0.0509999990463257 0.061999998986721 0.0920000001788139 0.122000001370907 -9999 -9999 -9999 -9999 -9999 -9999 0.101000003516674 0.0700000002980232 0.097000002861023 0.108999997377396
0.0529999993741512 0.061999998986721 0.0759999975562096 0.0879999995231628 0.0719999969005585 0.0430000014603138 0.063000001013279 0.0890000015497208 0.101999998092651 0.0979999974370003 0.0790000036358833 0.104000002145767 0.096000000834465 0.126000002026558 0.199000000953674 0.24600000679493 0.188999995589256 0.218999996781349 0.248999997973442 0.158000007271767 0.189999997615814 0.254999995231628 0.291999995708466 0.275000005960464 0.238999992609024 0.162000000476837 0.138999998569489 0.097000002861023 0.166999995708466 0.301999986171722 0.275000005960464 0.247999995946884 0.160999998450279 0.143999993801117 0.0799999982118607 0.0769999995827675 0.0570000000298023 0.0430000014603138 0.0469999983906746 0.0540000014007092 0.0570000000298023 0.0469999983906746 0.063000001013279 0.123000003397465 0.144999995827675 -9999 -9999 0.115000002086163 0.112000003457069 0.111000001430511 0.0790000036358833 0.11599999666214 0.122000001370907
0.136000007390976 0.0710000023245811 0.0500000007450581 0.0769999995827675 0.0799999982118607 0.0790000036358833 0.0659999996423721 0.0920000001788139 0.104999996721745 0.128000006079674 0.105999998748302 0.123999997973442 0.123999997973442 0.123000003397465 0.194000005722046 0.230000004172325 0.188999995589256 0.208000004291534 0.197999998927116 0.157000005245209 0.216000005602837 0.234999999403954 0.261999994516373 0.234999999403954 0.187999993562698 0.162000000476837 0.130999997258186 0.0649999976158142 0.0839999988675117 0.317999988794327 0.379000008106232 0.323000013828278 0.202000007033348 0.319999992847443 0.178000003099442 0.241999998688698 0.103000000119209 0.0469999983906746 0.0610000006854534 0.061999998986721 0.0520000010728836 0.0509999990463257 0.0599999986588955 0.0729999989271164 0.0649999976158142 0.0810000002384186 0.0759999975562096 0.0649999976158142 0.0649999976158142 0.0689999982714653 0.0700000002980232 0.0689999982714653 0.115000002086163
0.186000004410744 0.101999998092651 0.063000001013279 0.0540000014007092 0.0769999995827675 0.0900000035762787 0.0790000036358833 0.0989999994635582 0.0920000001788139 0.103000000119209 0.101999998092651 0.129999995231628 0.14300000667572 0.159999996423721 0.181999996304512 0.148000001907349 0.158000007271767 0.199000000953674 0.162000000476837 0.165000006556511 0.277999997138977 0.193000003695488 0.209000006318092 0.202999994158745 0.174999997019768 0.171000003814697 0.148000001907349 0.0769999995827675 0.111000001430511 0.379000008106232 0.377000004053116 0.407999992370605 0.409999996423721 0.497999995946884 0.504999995231628 0.409999996423721 0.289000004529953 0.234999999403954 0.24600000679493 0.11599999666214 0.0930000022053719 0.0920000001788139 0.0540000014007092 0.0689999982714653 0.111000001430511 0.097000002861023 0.0590000003576279 0.0649999976158142 0.0780000016093254 0.068000003695488 0.063000001013279 0.068000003695488 0.0610000006854534
0.324000000953674 0.20100000500679 0.0979999974370003 0.0520000010728836 0.046000000089407 0.0560000017285347 0.0820000022649765 0.0900000035762787 0.0759999975562096 0.0659999996423721 0.0700000002980232 0.13400000333786 0.112999998033047 0.141000002622604 0.194999992847443 0.195999994874001 0.144999995827675 0.165000006556511 0.13400000333786 0.172999992966652 0.24099999666214 0.151999995112419 0.210999995470047 0.179000005125999 0.127000004053116 0.151999995112419 0.103000000119209 0.119999997317791 0.26800000667572 0.446000009775162 0.361999988555908 0.279000014066696 0.324999988079071 0.453999996185303 0.522000014781952 0.497000008821487 0.453000009059906 0.465000003576279 0.416999995708466 0.36599999666214 0.135000005364418 0.136999994516373 0.0610000006854534 0.0689999982714653 0.0879999995231628 0.0810000002384186 0.109999999403954 0.0759999975562096 0.0850000008940697 0.05799999833107 0.068000003695488 0.0649999976158142 0.0759999975562096
0.337999999523163 0.296999990940094 0.0829999968409538 0.0590000003576279 0.0700000002980232 0.0759999975562096 0.0599999986588955 0.0989999994635582 0.0989999994635582 0.061999998986721 0.0750000029802322 0.170000001788139 0.156000003218651 0.119999997317791 0.160999998450279 0.175999999046326 0.142000004649162 0.156000003218651 0.122000001370907 0.245000004768372 0.159999996423721 0.179000005125999 0.194000005722046 0.150999993085861 0.127000004053116 0.0890000015497208 0.0879999995231628 0.103000000119209 0.324000000953674 0.386999994516373 0.314000010490417 0.296999990940094 0.324000000953674 0.492000013589859 0.566999971866608 0.505999982357025 0.612999975681305 0.570999979972839 0.541999995708466 0.503000020980835 0.382999986410141 0.291000008583069 0.061999998986721 0.0689999982714653 0.0710000023245811 0.114000000059605 0.115000002086163 0.0890000015497208 0.0979999974370003 0.0590000003576279 0.0729999989271164 0.0590000003576279 0.0769999995827675
0.149000003933907 0.275999993085861 0.122000001370907 0.0759999975562096 0.0689999982714653 0.0640000030398369 0.0879999995231628 0.13400000333786 0.13400000333786 0.0869999974966049 0.096000000834465 0.165999993681908 0.168999999761581 0.0939999967813492 0.122000001370907 0.165000006556511 0.195999994874001 0.157000005245209 0.193000003695488 0.186000004410744 0.144999995827675 0.141000002622604 0.131999999284744 0.145999997854233 0.123999997973442 0.061999998986721 0.05799999833107 0.0740000009536743 0.28999999165535 0.340999990701675 0.298000007867813 0.310999989509583 0.31700000166893 0.370000004768372 0.319000005722046 0.419999986886978 0.513000011444092 0.488999992609024 0.485000014305115 0.462999999523163 0.409999996423721 0.246999993920326 0.063000001013279 0.063000001013279 0.06700000166893 0.0939999967813492 0.0939999967813492 0.103000000119209 0.100000001490116 0.0659999996423721 0.0689999982714653 0.0710000023245811 0.0719999969005585
0.326999992132187 0.303000003099442 0.174999997019768 0.160999998450279 0.11599999666214 0.14300000667572 0.131999999284744 0.123999997973442 0.144999995827675 0.153999999165535 0.156000003218651 0.142000004649162 0.146999999880791 0.12899999320507 0.136000007390976 0.184000000357628 0.163000002503395 0.196999996900558 0.259999990463257 0.186000004410744 0.129999995231628 0.166999995708466 0.145999997854233 0.123000003397465 0.096000000834465 0.05799999833107 0.0599999986588955 0.0599999986588955 0.284999996423721 0.33899998664856 0.26800000667572 0.32600000500679 0.33899998664856 0.103000000119209 0.111000001430511 0.298000007867813 0.36599999666214 0.324999988079071 0.291999995708466 0.291000008583069 0.261000007390976 0.0710000023245811 0.0520000010728836 0.0450000017881393 0.0549999997019768 0.063000001013279 0.0640000030398369 0.0740000009536743 0.0860000029206276 0.0469999983906746 0.0829999968409538 0.0640000030398369 0.0570000000298023
0.202999994158745 0.377999991178513 0.330000013113022 0.180000007152557 0.165000006556511 0.125 0.119999997317791 0.149000003933907 0.153999999165535 0.151999995112419 0.123000003397465 0.112999998033047 0.152999997138977 0.120999999344349 0.181999996304512 0.164000004529953 0.166999995708466 0.24099999666214 0.175999999046326 0.165000006556511 0.160999998450279 0.20100000500679 0.175999999046326 0.142000004649162 0.0989999994635582 0.0810000002384186 0.0710000023245811 0.0750000029802322 0.187000006437302 0.40599998831749 0.203999996185303 0.118000000715256 0.097000002861023 0.0750000029802322 0.0520000010728836 0.185000002384186 0.237000003457069 0.145999997854233 0.0729999989271164 0.0689999982714653 0.0810000002384186 0.0729999989271164 0.063000001013279 0.0469999983906746 0.0439999997615814 0.0489999987185001 0.0549999997019768 0.0489999987185001 0.0930000022053719 0.0659999996423721 0.096000000834465 0.0469999983906746 0.0529999993741512
