Geospatial/Brazil_cattle_production.asc
NCOLS 470 
NROWS 468 
XLLCORNER -74 
YLLCORNER -33.75 
CELLSIZE 0.0833333333333333 
NODATA_value -9999 
[rows 50 to 74 of 468, columns 110 to 164 of 470]
0.263937219977379 39.8464622497559 82.8083572387695 111.329959869385 113.803680419922 112.715785980225 118.360366821289 111.309913635254 136.062545776367 157.226577758789 169.179740905762 175.626136779785 194.342323303223 188.06372833252 142.200782775879 129.633758544922 0 0 0 0 0 0 0 0 3.78108894824982 94.9308090209961 118.643531799316 131.900527954102 82.6169509887695 61.9983196258545 64.399242401123 66.8404960632324 68.783821105957 73.5544242858887 0 1.04197600483894 21.0225005149841 3.24831080436707 0 0 13.0640268325806 44.9372329711914 4.5752694606781 1.94516485929489 15.1849527359009 125.787666320801 183.003471374512 201.158462524414 91.8776473999023 83.8960723876953 80.3354721069336 95.0777359008789 307.81111907959 867.0751953125 1981.04632568359
0.268773049116135 0.278506472706795 5.5920557975769 96.7554321289062 107.551906585693 112.179470062256 113.526222229004 111.806999206543 120.326820373535 139.72673034668 167.388389587402 171.048484802246 173.644386291504 172.535850524902 186.92227935791 146.03369140625 0 0 0 0 0 0 0 0 57.57008934021 96.5858917236328 104.326179504395 102.949722290039 0 0 0 0 0 0 24.5877475738525 58.7773189544678 54.0049724578857 24.2309246063232 0 9.07320737838745 56.9831562042236 87.8093643188477 127.322647094727 127.929065704346 128.698913574219 187.989196777344 203.057189941406 193.980354309082 129.660575866699 79.5882606506348 82.5479469299316 226.870735168457 669.996162414551 851.632568359375 1086.20138549805
0.256797537207603 0.252483293414116 0.242148578166962 15.9279570579529 82.8296051025391 114.37963104248 109.85470199585 111.030296325684 120.864875793457 142.210456848145 168.73477935791 170.889556884766 177.880256652832 171.569473266602 197.744926452637 126.885856628418 0 0 16.0181217193604 0 0 0 0 11.500002861023 89.7316589355469 97.9934463500977 102.15397644043 92.3825302124023 0 0 0 0 16.6105456352234 47.7091312408447 64.9005813598633 69.3645668029785 56.1368522644043 52.3653831481934 6.96637868881226 39.790433883667 57.4817314147949 148.982078552246 153.709957122803 178.899520874023 187.13484954834 198.796348571777 198.631759643555 170.252769470215 161.734664916992 146.472984313965 212.677101135254 422.777046203613 618.461555480957 460.320411682129 355.69132232666
0.240218818187714 0.243379846215248 0.251415476202965 0.263289645314217 10.9081082344055 86.7621536254883 112.399398803711 121.75129699707 130.424171447754 143.2392578125 156.121963500977 153.474868774414 154.733757019043 154.58145904541 157.181785583496 138.703910827637 51.7691116333008 22.615894317627 135.863792419434 55.1184692382812 24.2759695053101 38.9172649383545 25.9310598373413 54.0886173248291 91.8633308410645 94.5071182250977 91.2277450561523 77.7098045349121 0 0 9.13509654998779 41.9975872039795 60.855302810669 58.1537246704102 54.6441020965576 64.5751457214355 61.5611324310303 55.1657638549805 28.3831052780151 53.99680519104 86.5500564575195 158.063301086426 157.983352661133 167.81135559082 171.515563964844 192.938827514648 187.1689453125 147.657943725586 156.05534362793 172.156936645508 222.503898620605 352.385261535645 520.065650939941 460.997291564941 822.994079589844
0.229525119066238 0.248279109597206 0.261732921004295 0.262590005993843 0.279459685087204 5.38398933410645 43.3746471405029 125.9384765625 135.782157897949 140.263778686523 150.588249206543 145.297897338867 141.944541931152 160.327346801758 142.794410705566 134.821807861328 135.434616088867 121.155857086182 162.445320129395 152.43586730957 110.181720733643 111.909648895264 100.78874206543 93.4512939453125 89.6131896972656 89.1911354064941 88.3065795898438 65.2750759124756 5.40423107147217 30.9429550170898 49.3488063812256 56.3337860107422 58.3608207702637 55.1811141967773 52.0419387817383 58.4348030090332 60.9080448150635 51.9381294250488 54.9307956695557 70.1555328369141 148.614322662354 164.004386901855 158.146583557129 161.777946472168 174.83863067627 178.314262390137 161.726463317871 152.020397186279 155.733207702637 164.577919006348 174.083892822266 233.485832214355 436.38550567627 306.894248962402 410.221542358398
0.254333943128586 0.283976912498474 0.299013361334801 0.315946742892265 0.325595363974571 0.357244580984116 0.359989911317825 4.47295546531677 83.6167488098145 130.420455932617 123.408508300781 128.296272277832 122.469856262207 156.498374938965 153.013343811035 159.616806030273 177.962196350098 172.544624328613 175.653411865234 163.984764099121 133.424346923828 135.298355102539 111.95528793335 110.172901153564 98.7120895385742 100.805332183838 87.5586891174316 87.4782600402832 49.0691995620728 55.9640483856201 48.6520662307739 50.166919708252 54.5546169281006 54.3785667419434 53.5574645996094 52.5937995910645 55.4604110717773 52.9768695831299 66.4079875946045 125.644580841064 166.504295349121 135.754211425781 150.066745758057 165.131088256836 172.141105651855 172.833358764648 171.030494689941 155.110706329346 157.315460205078 164.154457092285 182.125900268555 260.040046691895 467.601951599121 255.85782623291 306.375038146973
0.326830893754959 0.355723425745964 0.356330141425133 0.370652809739113 0.368353500962257 0.38593415915966 0.370790854096413 0.373805835843086 0.323886796832085 109.220840454102 113.793922424316 105.521003723145 114.297740936279 150.872173309326 170.583835601807 181.552127838135 185.536151885986 174.195812225342 176.304721832275 167.769580841064 141.624523162842 136.567783355713 124.883586883545 127.618762969971 110.797008514404 103.364540100098 97.9935455322266 113.077362060547 59.4079704284668 50.3256826400757 48.84739112854 52.1700801849365 50.4718360900879 50.3304271697998 61.4921321868896 58.563310623169 51.6273612976074 54.8084392547607 100.269866943359 153.851299285889 147.182247161865 138.428833007812 150.819232940674 164.742218017578 170.665283203125 171.312812805176 171.905479431152 168.792839050293 164.632217407227 181.108024597168 192.877624511719 294.090744018555 421.947067260742 302.36897277832 216.766403198242
0.335121348500252 0.368477001786232 0.31646828353405 0.33226116001606 0.338496342301369 0.315568923950195 0.327796116471291 0.295371159911156 0.293081775307655 67.6529960632324 101.259819030762 99.8551750183105 108.477466583252 137.444355010986 157.124675750732 174.385204315186 180.192218780518 171.803943634033 179.809146881104 157.303493499756 125.461605072021 134.638256072998 135.966442108154 131.093494415283 119.601642608643 102.07942199707 130.268939971924 143.801834106445 75.42041015625 55.4088020324707 52.633960723877 55.045841217041 50.4977035522461 49.0731182098389 63.3532409667969 70.1015777587891 55.8942966461182 71.9660530090332 147.246654510498 160.232574462891 133.254543304443 143.00866317749 140.533538818359 156.102714538574 157.691375732422 160.366371154785 158.776702880859 149.281387329102 161.007904052734 187.62769317627 182.57869720459 223.679733276367 412.431655883789 213.928161621094 177.594772338867
0.29170224070549 0.28637258708477 0.277184933423996 0.292998805642128 0.292554751038551 0.259885907173157 0.253816366195679 0.259813383221626 0.245287448167801 31.1028957366943 96.8890037536621 110.380863189697 115.356037139893 125.11429977417 139.312549591064 154.224124908447 185.432636260986 184.550449371338 191.8518409729 174.116695404053 157.500301361084 139.506290435791 136.126857757568 136.372318267822 108.679107666016 99.5729713439941 135.322292327881 153.036556243896 134.776630401611 61.2542381286621 53.9905376434326 56.0841903686523 51.8566570281982 48.9905729293823 68.2027626037598 64.1254444122314 53.6103477478027 102.589138031006 150.722351074219 142.504669189453 137.287124633789 142.359363555908 145.414440155029 146.244068145752 141.877338409424 151.52592086792 153.835388183594 151.220497131348 163.788459777832 177.093727111816 212.780937194824 319.183303833008 308.530090332031 189.56128692627 166.604888916016
0.240195572376251 0.25101837515831 0.242933228611946 0.260707870125771 0.2756307721138 0.240432247519493 0.231808125972748 0.234895616769791 0.227384179830551 16.1382985115051 90.9246025085449 114.44388961792 124.248401641846 131.154056549072 131.258762359619 119.100704193115 138.468563079834 154.930484771729 158.465785980225 165.267650604248 142.719127655029 136.793529510498 134.798778533936 144.371471405029 110.919570922852 97.4929275512695 124.540477752686 158.357089996338 140.867988586426 66.1468830108643 57.2211170196533 53.353401184082 55.938045501709 53.962516784668 63.0836200714111 64.8618469238281 54.2650012969971 137.635746002197 147.489753723145 127.899742126465 141.67756652832 135.365261077881 144.680080413818 139.258369445801 132.105876922607 143.897144317627 145.565891265869 158.116157531738 184.731330871582 191.299125671387 187.211227416992 345.386245727539 236.312301635742 186.194534301758 169.687728881836
0.229101866483688 0.219557918608189 0.224216647446156 0.234967350959778 0.26184456050396 0.229650661349297 0.22877898812294 0.231696158647537 0.223942898213863 0.213474549353123 81.3306541442871 107.84126663208 96.3835029602051 114.336933135986 108.283531188965 128.247814178467 117.305667877197 143.704906463623 121.639240264893 154.4186668396 169.340076446533 151.173526763916 158.830654144287 139.906978607178 119.551006317139 104.722259521484 140.103244781494 138.606060028076 124.66577911377 61.2086734771729 60.7101364135742 55.5117454528809 55.2898044586182 54.9927444458008 57.0091934204102 59.076530456543 58.0773315429688 131.611309051514 132.694164276123 126.986083984375 149.768203735352 137.091499328613 134.173034667969 131.362915039062 132.207527160645 150.440685272217 157.109909057617 157.436363220215 170.909652709961 211.063652038574 205.862648010254 333.444580078125 221.773727416992 175.88240814209 156.354667663574
0.214644737541676 0.204087145626545 0.213275738060474 0.21814302355051 0.225026644766331 0.232352927327156 0.265390768647194 0.215902522206306 0.223736204206944 0.202802747488022 62.020622253418 98.2899055480957 91.518913269043 104.784790039062 112.165496826172 110.46342086792 122.024028778076 122.729236602783 114.208019256592 149.126834869385 137.404857635498 149.686786651611 135.673511505127 131.588771820068 110.663276672363 105.122817993164 132.980464935303 123.524089813232 141.158168792725 58.814847946167 58.170446395874 56.7090969085693 48.810549736023 55.2873210906982 59.7976360321045 56.0074291229248 57.7398815155029 140.59578704834 136.1630859375 138.783435821533 150.559787750244 130.843753814697 139.844539642334 135.617767333984 138.851985931396 139.584945678711 147.515045166016 166.45467376709 176.684097290039 183.033554077148 244.700149536133 324.944564819336 203.061973571777 167.620307922363 154.856460571289
0.204994641244411 0.199368543922901 0.209155738353729 0.218498468399048 0.20990502089262 0.216972410678864 0.281353399157524 0.240304157137871 0.220842242240906 0.21969049423933 74.0692844390869 96.1134757995605 96.7534828186035 94.599681854248 113.101428985596 120.605960845947 103.123062133789 120.922817230225 104.87650680542 140.491703033447 129.624561309814 129.488330841064 118.587970733643 124.483249664307 82.4447975158691 102.059089660645 133.12130355835 128.963771820068 145.085887908936 104.829322814941 50.5985536575317 62.0234966278076 50.2201461791992 52.6772918701172 59.9496116638184 56.8297996520996 73.7673778533936 148.310543060303 130.785877227783 133.860023498535 151.555316925049 142.379615783691 149.518695831299 141.895503997803 143.973167419434 156.661972045898 162.774871826172 188.786193847656 203.749031066895 196.146362304688 321.539489746094 188.925216674805 194.150421142578 165.600074768066 154.225044250488
0.212335854768753 0.207476049661636 0.199050456285477 0.196307562291622 0.203114368021488 0.219604484736919 0.236698895692825 0.233048602938652 0.222840964794159 10.8812880516052 82.3570823669434 85.1704711914062 86.4817810058594 94.1060600280762 101.049308776855 114.198070526123 100.449886322021 104.149089813232 135.955867767334 139.163753509521 114.5143699646 84.7108993530273 108.582504272461 113.706115722656 82.6677169799805 88.3382530212402 132.964130401611 112.166507720947 130.213161468506 119.057094573975 55.6320362091064 51.1122827529907 45.7575616836548 51.6689109802246 51.5730171203613 52.9332714080811 97.8937110900879 138.555904388428 126.639354705811 136.054271697998 156.155639648438 145.457695007324 153.3542137146 145.657596588135 153.039379119873 160.487419128418 169.502922058105 176.273254394531 216.600570678711 286.353225708008 211.369682312012 160.50666809082 156.859794616699 151.635192871094 161.922439575195
0.200304716825485 0.198622643947601 0.19354010373354 0.186412341892719 0.197152309119701 0.186944380402565 0.195787787437439 0.210208639502525 11.2304067611694 64.4783115386963 87.340892791748 90.9718246459961 84.8236274719238 87.886833190918 99.1008377075195 118.865711212158 98.7312927246094 100.375308990479 115.869945526123 132.816570281982 97.3658981323242 90.2717208862305 96.1186408996582 86.7562599182129 85.1112365722656 85.2866287231445 115.531604766846 116.299457550049 104.802196502686 123.3401222229 62.0931301116943 45.2460594177246 47.6268863677979 52.380729675293 54.3995723724365 52.5548763275146 93.3469886779785 139.128452301025 128.662544250488 148.895122528076 170.362037658691 149.74836730957 153.3366355896 149.69197845459 167.766174316406 154.553176879883 173.847915649414 194.983016967773 197.82999420166 283.018371582031 179.971229553223 152.667675018311 150.043334960938 149.98836517334 153.528755187988
0.1934799477458 0.202931024134159 0.20441547781229 0.195176512002945 0.195432797074318 0.19924771040678 0.204175308346748 0.218054085969925 6.76272892951965 87.8231735229492 90.4911575317383 101.567493438721 106.306308746338 103.119705200195 105.08366394043 98.5535774230957 92.9257888793945 102.09268951416 104.26944732666 109.454586029053 111.975414276123 101.571338653564 89.0608329772949 86.2473297119141 85.8036231994629 83.6284523010254 104.417011260986 115.195919036865 88.4449882507324 95.7906455993652 87.2802581787109 46.0224514007568 50.6114511489868 50.070330619812 59.0482311248779 56.8005256652832 116.678806304932 138.57145690918 135.971977233887 151.397537231445 166.925506591797 150.809017181396 160.260780334473 151.892574310303 170.912574768066 182.500358581543 216.054725646973 227.620193481445 217.544036865234 372.032760620117 181.070381164551 154.243144989014 145.572513580322 145.786022186279 109.62292098999
0.20306871086359 0.204973317682743 0.19979851692915 0.197799131274223 0.189978130161762 0.180412709712982 0.177162848412991 2.02510458230972 21.1038932800293 50.3311004638672 63.326494216919 62.0705909729004 53.7381534576416 68.272087097168 99.0024566650391 101.946979522705 114.957889556885 94.8507041931152 91.5415000915527 94.1786766052246 100.266502380371 111.861080169678 105.234146118164 83.0193901062012 82.0524024963379 81.5480937957764 93.7325325012207 105.115032196045 84.1900749206543 83.4447746276855 86.3101005554199 55.8681316375732 49.1100072860718 50.8232679367065 58.1395664215088 50.326229095459 134.980667114258 136.695388793945 144.149841308594 153.407165527344 169.885116577148 161.450225830078 176.328430175781 162.949066162109 176.752960205078 178.051498413086 184.514518737793 197.306846618652 192.524833679199 214.007110595703 193.124992370605 155.597206115723 158.454917907715 150.731819152832 88.2581977844238
0.196967162191868 0.185353696346283 0.188642561435699 5.69788098335266 0 0 69.6724987030029 51.3758983612061 54.0644435882568 63.2800483703613 55.0809288024902 65.1363143920898 82.1195449829102 59.8380222320557 0 72.6235446929932 71.3465843200684 100.590576171875 92.4501800537109 85.8930702209473 88.4546813964844 88.2047080993652 98.9313659667969 82.5500526428223 79.0373878479004 79.224573135376 81.6977081298828 80.4429244995117 83.8745994567871 91.1813850402832 86.4251289367676 72.4869747161865 48.2636623382568 49.3952789306641 59.018928527832 51.7106342315674 144.071670532227 150.416736602783 152.22004699707 157.781509399414 171.812423706055 184.73169708252 184.683883666992 173.188217163086 173.877746582031 172.470573425293 170.721366882324 176.296936035156 165.715927124023 204.890747070312 177.596710205078 160.839508056641 166.496604919434 160.787994384766 52.2841835021973
17.7699489593506 12.7455348968506 0 69.3362236022949 111.485862731934 96.1877021789551 104.38635635376 106.192474365234 112.970523834229 98.9156227111816 84.1291732788086 83.2294845581055 88.4805297851562 95.7689781188965 84.7512893676758 0 71.1566982269287 106.154678344727 105.143394470215 96.1890983581543 102.837055206299 86.1028213500977 92.3869094848633 80.814432144165 79.3644676208496 84.0210151672363 81.9714469909668 72.3398056030273 81.8744277954102 86.0551681518555 75.6546783447266 47.6584405899048 47.7029628753662 51.0621271133423 54.6900405883789 53.5887470245361 111.836875915527 153.541492462158 161.72395324707 162.980758666992 166.11402130127 159.737258911133 176.109619140625 153.134342193604 156.796127319336 151.926723480225 151.516529083252 157.385063171387 163.97087097168 185.331085205078 181.636703491211 162.070281982422 155.839111328125 121.275440216064 39.0090579986572
86.9455108642578 93.6477737426758 91.0734634399414 84.3854713439941 93.6738052368164 85.1696434020996 100.021732330322 91.3492393493652 85.4556121826172 79.8446445465088 84.8964080810547 84.5156898498535 83.3583145141602 93.6177406311035 83.4177093505859 81.3489456176758 0 50.0720977783203 78.5364227294922 85.0228576660156 90.2055015563965 99.3211784362793 103.048240661621 85.9843254089355 92.5388069152832 108.516143798828 104.738006591797 79.4926433563232 88.9882926940918 82.5801734924316 57.4327850341797 44.5449695587158 49.3042650222778 49.1528549194336 53.407096862793 53.1008434295654 124.740715026855 149.268928527832 152.646472930908 145.519695281982 144.228553771973 154.243667602539 148.89262008667 146.301162719727 130.088428497314 142.238578796387 151.656730651855 150.509536743164 158.29468536377 180.294456481934 198.20711517334 166.688041687012 165.633071899414 80.8497314453125 41.6940460205078
70.8965873718262 85.3856353759766 80.933385848999 82.837703704834 88.4029808044434 77.266134262085 86.943115234375 86.2895927429199 82.7380561828613 89.6781616210938 113.345272064209 91.6568336486816 83.3210830688477 96.9610900878906 91.9077644348145 90.3832092285156 86.1615028381348 73.9574508666992 0 0 73.1879234313965 78.3496513366699 91.1050758361816 83.3589286804199 95.3674201965332 112.548686981201 89.0573692321777 84.3467178344727 82.6928787231445 79.7099208831787 64.1736831665039 45.3046789169312 47.2727556228638 48.2857980728149 51.7567729949951 52.0262718200684 116.419162750244 139.436641693115 136.308513641357 134.18355178833 139.621688842773 139.911193847656 126.897079467773 121.90705871582 118.723892211914 129.937591552734 139.931762695312 165.666496276855 160.320251464844 167.605003356934 197.544105529785 174.654640197754 159.955825805664 149.65355682373 54.8922481536865
52.3220500946045 84.186450958252 78.6104698181152 81.2094478607178 89.2126312255859 81.8991317749023 85.2866020202637 85.3813133239746 77.9757900238037 93.0777206420898 114.987594604492 103.50163269043 107.657222747803 109.590026855469 117.073402404785 109.478710174561 94.985912322998 94.4101181030273 92.1891899108887 86.8865814208984 55.6369590759277 45.2764511108398 75.6523895263672 85.790355682373 91.0254745483398 106.201061248779 97.6293830871582 95.5693473815918 58.8743839263916 58.7969932556152 43.8970670700073 45.903618812561 45.9981317520142 47.8474960327148 52.6986904144287 70.9935913085938 136.622661590576 131.321071624756 129.803001403809 135.840805053711 127.926681518555 129.600952148438 129.131790161133 114.505020141602 108.535057067871 119.083511352539 140.101119995117 163.46403503418 171.095474243164 166.903945922852 182.531829833984 192.673347473145 178.110641479492 169.189109802246 76.694450378418
60.4803276062012 86.5261764526367 83.659122467041 82.2078094482422 82.1763725280762 82.4517135620117 83.3730163574219 77.6805400848389 78.6579399108887 105.066997528076 99.7851409912109 105.303386688232 107.973731994629 118.963996887207 122.071746826172 115.289794921875 104.87105178833 95.5341491699219 89.5941925048828 92.4205703735352 93.737720489502 74.7851600646973 0 79.4548530578613 103.432674407959 107.627841949463 106.320735931396 104.557910919189 69.5140438079834 49.6694450378418 48.5699825286865 45.4275798797607 44.0688009262085 46.5448169708252 51.0211696624756 59.441822052002 134.512832641602 131.051086425781 132.897453308105 133.985885620117 113.33438873291 112.644687652588 119.292572021484 104.269237518311 104.77071762085 115.899078369141 135.451599121094 152.674545288086 179.966537475586 173.070571899414 180.356742858887 200.565589904785 95.545280456543 48.8569240570068 46.6046371459961
88.7254676818848 89.9887847900391 86.5985298156738 83.4474754333496 82.6419219970703 79.5870685577393 85.4975090026855 81.4702548980713 90.1763687133789 100.060131072998 98.8091506958008 91.0128555297852 94.5491065979004 96.3521003723145 90.1553688049316 108.178787231445 94.5167121887207 93.0659942626953 100.911548614502 94.3703842163086 89.4459953308105 90.8002700805664 67.9593315124512 79.874584197998 91.5851745605469 97.315357208252 110.587173461914 120.999656677246 113.629772186279 83.2487564086914 49.1327123641968 44.851616859436 45.268162727356 47.1484336853027 48.323281288147 87.1939735412598 132.467140197754 127.91675567627 134.680179595947 135.034240722656 109.590339660645 100.961975097656 105.770130157471 100.798145294189 98.4150199890137 112.483703613281 134.703674316406 142.613716125488 133.257972717285 103.95970916748 109.538768768311 101.906887054443 48.346435546875 47.0576305389404 43.6743316650391
86.2936172485352 86.7868118286133 82.8493728637695 77.9636249542236 75.2683696746826 79.6132469177246 82.0817527770996 79.6848964691162 92.4280815124512 91.9755783081055 89.3495025634766 88.6873435974121 89.5223617553711 87.5971221923828 87.8590202331543 96.480598449707 89.7835998535156 91.991081237793 101.184898376465 105.544979095459 91.2473640441895 89.6453895568848 97.0737953186035 0 84.3664855957031 81.8814697265625 81.0271492004395 98.2221145629883 99.2812881469727 108.735778808594 93.866382598877 62.0484848022461 45.7509117126465 45.7553949356079 51.2152967453003 86.9837837219238 134.731365203857 125.065002441406 131.394634246826 122.563911437988 102.926456451416 95.0524711608887 98.8549957275391 99.5019302368164 102.838611602783 119.81063079834 132.024658203125 138.03604888916 99.0586242675781 38.0645236968994 38.7742919921875 50.3889141082764 49.8753776550293 42.1864109039307 39.5093421936035
