Geospatial/Brazil_soil_moisture_PM.asc
NCOLS 484 
NROWS 482 
XLLCORNER -73.9762636472426 
YLLCORNER -33.7137726130056 
CELLSIZE 0.0808483755707569 
NODATA_value -9999 
[rows 96 to 119 of 482, columns 216 to 269 of 484]
0.439231425523758 0.458206355571747 0.44005286693573 0.391955494880676 0.391955494880676 0.387824445962906 0.372221291065216 0.385104984045029 0.424870729446411 0.442335397005081 0.470527768135071 0.470527768135071 0.511574447154999 0.514669895172119 0.502208650112152 0.53977757692337 0.486296474933624 0.453991889953613 0.453991889953613 0.265761762857437 0.507247388362885 0.499288141727448 0.509682536125183 0.462559819221497 0.592762112617493 0.592762112617493 0.583114266395569 0.54971581697464 0.513391196727753 0.505652487277985 0.477974861860275 0.411050915718079 0.411050915718079 0.379547983407974 0.334551632404327 0.306482791900635 0.313095450401306 0.30135577917099 0.281460881233215 0.281460881233215 0.286362677812576 0.286039501428604 0.300023823976517 0.324210584163666 0.343309193849564 0.340240299701691 0.340240299701691 0.334057807922363 0.330326557159424 0.297386199235916 0.285685002803802 0.234027504920959 0.181890472769737 0.181890472769737
0.429273426532745 0.423725247383118 0.416006207466125 0.394279986619949 0.394279986619949 0.380075246095657 0.363684177398682 0.376678854227066 0.386838614940643 0.387292891740799 0.381508886814117 0.381508886814117 0.394673019647598 0.553935050964355 0.481075972318649 0.519272148609161 0.538454651832581 0.532068490982056 0.532068490982056 0.463157117366791 0.483217030763626 0.420608162879944 0.402102798223495 0.302720129489899 0.583476722240448 0.583476722240448 0.498524039983749 0.544839918613434 0.5395787358284 0.512813746929169 0.459883600473404 0.387356162071228 0.387356162071228 0.331600815057755 0.292858242988586 0.289682298898697 0.301716029644012 0.285777032375336 0.273326843976974 0.273326843976974 0.271016597747803 0.284541934728622 0.29878568649292 0.319208025932312 0.330434441566467 0.329757839441299 0.329757839441299 0.315035402774811 0.318962961435318 0.273864358663559 0.274664223194122 0.261832296848297 0.220397546887398 0.220397546887398
0.382680773735046 0.378505259752274 0.387313723564148 0.372744232416153 0.372744232416153 0.360419750213623 0.351468235254288 0.372172802686691 0.372096568346024 0.369513750076294 0.542836904525757 0.542836904525757 0.308216124773026 0.411584734916687 0.460676401853561 0.453453093767166 0.55359673500061 0.545716881752014 0.545716881752014 0.404244482517242 0.398638248443604 0.323017567396164 0.226643681526184 0.204773277044296 0.270583808422089 0.270583808422089 0.406375259160995 0.485619336366653 0.505498468875885 0.485618352890015 0.431258529424667 0.367733925580978 0.367733925580978 0.31252709031105 0.28453129529953 0.277254909276962 0.2846420109272 0.276314973831177 0.266999036073685 0.266999036073685 0.273608714342117 0.285596489906311 0.303295969963074 0.328734040260315 0.33297124505043 0.334800064563751 0.334800064563751 0.323945194482803 0.336944729089737 0.288215219974518 0.291637986898422 0.285353690385818 0.247445628046989 0.247445628046989
0.383246839046478 0.360045492649078 0.336019217967987 0.329254239797592 0.329254239797592 0.326560646295547 0.340120613574982 0.35909903049469 0.370501220226288 0.381649404764175 0.374866634607315 0.374866634607315 0.364705681800842 0.406358242034912 0.429074466228485 0.450269609689713 0.560089707374573 0.555867791175842 0.555867791175842 0.256160259246826 0.216097742319107 0.199606329202652 0.209923401474953 0.241091832518578 0.264551252126694 0.264551252126694 0.316813081502914 0.369612365961075 0.402927398681641 0.397737145423889 0.385983645915985 0.350221753120422 0.350221753120422 0.314011693000793 0.286839455366135 0.275027602910995 0.269757121801376 0.269236415624619 0.272439807653427 0.272439807653427 0.284692049026489 0.30279004573822 0.33102822303772 0.357102990150452 0.331049233675003 0.337476700544357 0.337476700544357 0.305836588144302 0.286337971687317 0.26538074016571 0.271742314100266 0.265312731266022 0.275226086378098 0.275226086378098
0.409978777170181 0.353012770414352 0.32945516705513 0.325853675603867 0.325853675603867 0.323765754699707 0.34189361333847 0.359523713588715 0.390811592340469 0.386886090040207 0.370689958333969 0.370689958333969 0.376039654016495 0.391985237598419 0.406313806772232 0.466932564973831 0.55502462387085 0.373904377222061 0.373904377222061 0.308944165706635 0.26631686091423 0.228886559605598 0.240413472056389 0.273936450481415 0.282234221696854 0.282234221696854 0.342512518167496 0.359401434659958 0.390288561582565 0.371619373559952 0.365114659070969 0.343969613313675 0.343969613313675 0.31746831536293 0.302070796489716 0.288044959306717 0.275210499763489 0.269066244363785 0.272190600633621 0.272190600633621 0.29308408498764 0.31462088227272 0.345488846302032 0.350038528442383 0.324826657772064 0.328898161649704 0.328898161649704 0.306968003511429 0.280916452407837 0.271161735057831 0.266982227563858 0.254004836082458 0.255565911531448 0.255565911531448
0.416350096464157 0.359851717948914 0.328650712966919 0.33222821354866 0.33222821354866 0.33227750658989 0.345335930585861 0.35498172044754 0.376426517963409 0.368718028068542 0.354031771421432 0.354031771421432 0.35744571685791 0.372925847768784 0.395530313253403 0.434442549943924 0.569254338741302 0.383066177368164 0.383066177368164 0.349141806364059 0.307680040597916 0.255300045013428 0.274660408496857 0.323224872350693 0.326889097690582 0.326889097690582 0.393640279769897 0.381935030221939 0.372901111841202 0.351563930511475 0.351402163505554 0.342065721750259 0.342065721750259 0.327042132616043 0.305092602968216 0.288300126791 0.275118917226791 0.273811191320419 0.281739294528961 0.281739294528961 0.301058948040009 0.330191820859909 0.361053764820099 0.347961127758026 0.324089288711548 0.318134963512421 0.318134963512421 0.290480196475983 0.275907456874847 0.263187259435654 0.252522677183151 0.236014500260353 0.226493656635284 0.226493656635284
0.407123386859894 0.359569162130356 0.325389415025711 0.325933337211609 0.325933337211609 0.334946393966675 0.342002749443054 0.353077620267868 0.365945398807526 0.360617399215698 0.33633628487587 0.33633628487587 0.34079647064209 0.401003986597061 0.420108109712601 0.587262272834778 -9999 0.382446557283401 0.382446557283401 0.345839709043503 0.327554702758789 0.286590993404388 0.31194469332695 0.34059727191925 0.340907424688339 0.340907424688339 0.397433251142502 0.39088162779808 0.361530929803848 0.331688553094864 0.332255959510803 0.336976051330566 0.336976051330566 0.32693874835968 0.310519903898239 0.289752900600433 0.283633023500443 0.285365551710129 0.293767690658569 0.293767690658569 0.31436613202095 0.346934646368027 0.367558389902115 0.319823324680328 0.28799769282341 0.278047829866409 0.278047829866409 0.257507920265198 0.257754474878311 0.243541866540909 0.229760080575943 0.225493505597115 0.214705675840378 0.214705675840378
0.399214118719101 0.353088617324829 0.321906358003616 0.321404069662094 0.321404069662094 0.339812159538269 0.341752648353577 0.35239651799202 0.360196977853775 0.348323285579681 0.323673367500305 0.323673367500305 0.329243242740631 0.38484799861908 0.452341318130493 0.428625494241714 0.418099015951157 0.377471745014191 0.377471745014191 0.346479117870331 0.327983796596527 0.34699359536171 0.376217812299728 0.386492043733597 0.39165073633194 0.39165073633194 0.38670340180397 0.371955931186676 0.34087747335434 0.319709777832031 0.319103211164474 0.329425781965256 0.329425781965256 0.328154116868973 0.316980242729187 0.303340703248978 0.28881111741066 0.292666465044022 0.307844787836075 0.307844787836075 0.331203371286392 0.361539930105209 0.375103145837784 0.311421573162079 0.280001044273376 0.257313877344131 0.257313877344131 0.237596794962883 0.228294789791107 0.218684762716293 0.212648317217827 0.212223559617996 0.214403629302979 0.214403629302979
0.395557403564453 0.356695890426636 0.3307945728302 0.326292306184769 0.326292306184769 0.334996163845062 0.349609076976776 0.341279298067093 0.343191027641296 0.331119537353516 0.313730776309967 0.313730776309967 0.346410632133484 0.390014797449112 0.450441241264343 0.578619360923767 0.411732912063599 0.402132660150528 0.402132660150528 0.356559008359909 0.330405354499817 0.370184630155563 0.390876203775406 0.394833505153656 0.401721864938736 0.401721864938736 0.375388711690903 0.350226193666458 0.325507491827011 0.322181433439255 0.320018142461777 0.327466726303101 0.327466726303101 0.33427157998085 0.324652582406998 0.307335615158081 0.303052604198456 0.309537768363953 0.321637511253357 0.321637511253357 0.344375103712082 0.372422426939011 0.382222175598145 0.321857362985611 0.26835423707962 0.233899891376495 0.233899891376495 0.216786026954651 0.204161301255226 0.206861525774002 0.207945734262466 0.204064890742302 0.209066495299339 0.209066495299339
0.395736485719681 0.361516773700714 0.3416408598423 0.331908166408539 0.331908166408539 0.327758222818375 0.344595402479172 0.341247916221619 0.34309059381485 0.333889424800873 0.323604702949524 0.323604702949524 0.358885258436203 0.398147314786911 0.387567013502121 0.570010304450989 0.402368724346161 0.367733418941498 0.367733418941498 0.336014896631241 0.319848299026489 0.357755452394485 0.366318315267563 0.369058161973953 0.379813611507416 0.379813611507416 0.356478571891785 0.33313000202179 0.311097323894501 0.315020710229874 0.316679656505585 0.322682201862335 0.322682201862335 0.326728492975235 0.324679136276245 0.318451136350632 0.31718122959137 0.324681609869003 0.33259841799736 0.33259841799736 0.342180609703064 0.357914417982101 0.368651777505875 0.322576105594635 0.271644771099091 0.226890355348587 0.226890355348587 0.207891464233398 0.194780886173248 0.199395760893822 0.206330254673958 0.200020119547844 0.2112667709589 0.2112667709589
0.405082762241364 0.375676184892654 0.347773104906082 0.331017047166824 0.331017047166824 0.328504353761673 0.336662828922272 0.335165411233902 0.339849203824997 0.330632299184799 0.335061848163605 0.335061848163605 0.371219456195831 0.409466862678528 0.376827657222748 0.560196876525879 0.389163851737976 0.368682831525803 0.368682831525803 0.340393602848053 0.332623988389969 0.340948730707169 0.354432612657547 0.354949235916138 0.355884939432144 0.355884939432144 0.335454434156418 0.322115063667297 0.302595913410187 0.313202172517776 0.319863468408585 0.323172271251678 0.323172271251678 0.318830609321594 0.322785705327988 0.320700764656067 0.32824844121933 0.338338702917099 0.348949551582336 0.348949551582336 0.352798253297806 0.346586048603058 0.349875181913376 0.326737612485886 0.274655729532242 0.225736826658249 0.225736826658249 0.211147040128708 0.195049330592155 0.21070608496666 0.218008399009705 0.204018026590347 0.209748685359955 0.209748685359955
0.398734152317047 0.39617595076561 0.380761981010437 0.354482173919678 0.354482173919678 0.34869047999382 0.352073490619659 0.351013988256454 0.35370871424675 0.327233701944351 0.314221233129501 0.314221233129501 0.276109635829926 0.249311447143555 0.560229122638702 0.334791153669357 0.377591401338577 0.362988919019699 0.362988919019699 0.309106141328812 0.318579375743866 0.314810901880264 0.318678230047226 0.324964940547943 0.315644711256027 0.315644711256027 0.311349242925644 0.301461428403854 0.299564391374588 0.288228631019592 0.284621506929398 0.292106032371521 0.292106032371521 0.308826416730881 0.289490878582001 0.304231524467468 0.301573604345322 0.294043660163879 0.303522974252701 0.303522974252701 0.284083425998688 0.286727160215378 0.26442739367485 0.280279636383057 0.292453080415726 0.270927548408508 0.270927548408508 0.234823063015938 0.222078949213028 0.223199531435966 0.20591776072979 0.226034671068192 0.237395629286766 0.237395629286766
0.392847031354904 0.389876186847687 0.376446515321732 0.36616525053978 0.36616525053978 0.355682909488678 0.348991125822067 0.351520329713821 0.35343337059021 0.334516078233719 0.30532506108284 0.30532506108284 0.228253245353699 0.249271556735039 0.564218163490295 0.284691661596298 0.314093708992004 0.293745875358582 0.293745875358582 0.286669760942459 0.313339173793793 0.318302899599075 0.324368298053741 0.331778764724731 0.327693581581116 0.327693581581116 0.325350910425186 0.312189102172852 0.308335363864899 0.298799216747284 0.276355385780334 0.287221491336823 0.287221491336823 0.301258206367493 0.270524889230728 0.281746864318848 0.26912072300911 0.257695853710175 0.280625432729721 0.280625432729721 0.27523547410965 0.296734362840652 0.270772010087967 0.276355087757111 0.299177408218384 0.288022875785828 0.288022875785828 0.25347051024437 0.235946804285049 0.206723213195801 0.201242282986641 0.424071103334427 0.267322480678558 0.267322480678558
0.386231660842896 0.382603466510773 0.375879526138306 0.356627434492111 0.356627434492111 0.348439037799835 0.354230910539627 0.356810629367828 0.350178360939026 0.333144873380661 0.300164699554443 0.300164699554443 0.234123930335045 0.225275322794914 0.240980133414268 0.258913189172745 0.278834879398346 0.258038014173508 0.258038014173508 0.266463905572891 0.306924045085907 0.324069410562515 0.327109843492508 0.327146917581558 0.318717300891876 0.318717300891876 0.302857935428619 0.294400840997696 0.296763926744461 0.31849592924118 0.289057105779648 0.294614881277084 0.294614881277084 0.272157698869705 0.240066424012184 0.256725043058395 0.257639616727829 0.264611035585403 0.290485143661499 0.290485143661499 0.284627079963684 0.306187510490417 0.300282120704651 0.317726641893387 0.341163069009781 0.355514079332352 0.355514079332352 0.277696430683136 0.213307693600655 0.185313060879707 0.18566220998764 0.227422878146172 0.306410193443298 0.306410193443298
0.383310198783875 0.372581452131271 0.373426347970963 0.368010997772217 0.368010997772217 0.361450433731079 0.359331637620926 0.366444796323776 0.364704847335815 0.345245867967606 0.296786904335022 0.296786904335022 0.23170579969883 0.570085406303406 0.244464308023453 0.248507350683212 0.263368457555771 0.270794332027435 0.270794332027435 0.275868088006973 0.294102311134338 0.313256800174713 0.309039384126663 0.33272647857666 0.325833588838577 0.325833588838577 0.303059160709381 0.298279672861099 0.296196162700653 0.331280291080475 0.275412350893021 0.277612209320068 0.277612209320068 0.252754360437393 0.223946824669838 0.245111003518105 0.258589178323746 0.278351664543152 0.306440740823746 0.306440740823746 0.304074794054031 0.30608069896698 0.315097510814667 0.328249543905258 0.356665730476379 0.360404551029205 0.360404551029205 0.256645947694778 0.20932425558567 0.424618035554886 0.192751482129097 0.263231962919235 0.386758625507355 0.386758625507355
0.383720070123672 0.372569173574448 0.369140118360519 0.376937925815582 0.376937925815582 0.363980084657669 0.368696749210358 0.373181641101837 0.379259616136551 0.344988644123077 0.301353633403778 0.301353633403778 0.573977053165436 0.241283625364304 0.264144480228424 0.264515787363052 0.275663614273071 0.288312047719955 0.288312047719955 0.279675275087357 0.293148845434189 0.316609770059586 0.312300145626068 0.330338418483734 0.305067628622055 0.305067628622055 0.259046584367752 0.252899736166 0.245921716094017 0.267911165952682 0.255789697170258 0.261480063199997 0.261480063199997 0.240762546658516 0.223087057471275 0.24811202287674 0.264474004507065 0.290823221206665 0.32079491019249 0.32079491019249 0.304770648479462 0.301618844270706 0.307518690824509 0.32140788435936 0.298038303852081 0.322697132825851 0.322697132825851 0.265705198049545 0.226123541593552 0.211654916405678 0.21023665368557 0.275145322084427 0.380522787570953 0.380522787570953
0.375186324119568 0.379777789115906 0.369071274995804 0.365625888109207 0.365625888109207 0.33026385307312 0.320364117622375 0.345364809036255 0.360094785690308 0.293764114379883 0.26905757188797 0.26905757188797 0.257136732339859 0.265162020921707 0.324390083551407 0.313958942890167 0.296886682510376 0.306409478187561 0.306409478187561 0.288754850625992 0.277440577745438 0.28695422410965 0.285640448331833 0.308061450719833 0.293291985988617 0.293291985988617 0.252657771110535 0.248009622097015 0.232134580612183 0.257949352264404 0.252325087785721 0.256307005882263 0.256307005882263 0.243755757808685 0.228836923837662 0.251852303743362 0.276488482952118 0.294266611337662 0.331944137811661 0.331944137811661 0.310002356767654 0.298415064811707 0.303582847118378 0.319337248802185 0.298606663942337 0.324196696281433 0.324196696281433 0.281262636184692 0.268674403429031 0.261794775724411 0.245927378535271 0.33225154876709 0.357378214597702 0.357378214597702
0.377500057220459 0.389327645301819 0.369358360767365 0.368260145187378 0.368260145187378 0.307027578353882 0.291577488183975 0.325133144855499 0.297756254673004 0.263944655656815 0.26589760184288 0.26589760184288 0.262052774429321 0.329988270998001 0.372061461210251 0.345824778079987 0.331809014081955 0.33778041601181 0.33778041601181 0.315281271934509 0.289884805679321 0.292893439531326 0.286816865205765 0.314777910709381 0.300113916397095 0.300113916397095 0.261867344379425 0.256005197763443 0.232642248272896 0.242138743400574 0.235223829746246 0.239568531513214 0.239568531513214 0.251374423503876 0.254041403532028 0.268238633871078 0.281444519758224 0.283322751522064 0.325079023838043 0.325079023838043 0.308972299098969 0.29551038146019 0.305180162191391 0.314323663711548 0.292303264141083 0.319940894842148 0.319940894842148 0.301090717315674 0.319660067558289 0.31232762336731 0.308570235967636 0.321238428354263 0.318441301584244 0.318441301584244
0.376612484455109 0.402116417884827 0.347942382097244 0.31658399105072 0.31658399105072 0.268104165792465 0.238930925726891 0.256582915782928 0.240217357873917 0.251363545656204 0.271118372678757 0.271118372678757 0.285816699266434 0.361199975013733 0.355196982622147 0.344385892152786 0.336594790220261 0.29557666182518 0.29557666182518 0.283257693052292 0.268451869487762 0.279684275388718 0.306408941745758 0.322387218475342 0.316112071275711 0.316112071275711 0.317015558481216 0.312529504299164 0.282924443483353 0.275826990604401 0.265311032533646 0.269691646099091 0.269691646099091 0.27816441655159 0.306577742099762 0.30195477604866 0.297418594360352 0.302320569753647 0.302078872919083 0.302078872919083 0.289081037044525 0.289868354797363 0.284603238105774 0.291838318109512 0.307351797819138 0.338406592607498 0.338406592607498 0.275303304195404 0.280151724815369 0.251706331968307 0.310417592525482 0.284848183393478 0.272704064846039 0.272704064846039
0.367913663387299 0.405980616807938 0.318852365016937 0.274163216352463 0.274163216352463 0.250377297401428 0.230445876717567 0.255241513252258 0.254992604255676 0.285385370254517 0.306139707565308 0.306139707565308 0.321637898683548 0.372949182987213 0.363453328609467 0.358208894729614 0.352313578128815 0.302954375743866 0.302954375743866 0.287454664707184 0.278220891952515 0.291759938001633 0.330218821763992 0.337460726499557 0.305650770664215 0.305650770664215 0.297849893569946 0.291685223579407 0.281409531831741 0.274322509765625 0.27704843878746 0.288729161024094 0.288729161024094 0.294804662466049 0.331092029809952 0.358177304267883 0.318947732448578 0.327764749526978 0.298313409090042 0.298313409090042 0.271612823009491 0.284590393304825 0.267446756362915 0.268920361995697 0.284731149673462 0.308931082487106 0.308931082487106 0.264348745346069 0.566998302936554 0.256012231111526 0.310658514499664 0.275848209857941 0.258904069662094 0.258904069662094
0.357883363962173 0.382790923118591 0.288980394601822 0.243685469031334 0.243685469031334 0.233787417411804 0.224445968866348 0.246822416782379 0.281645596027374 0.30667245388031 0.334211051464081 0.334211051464081 0.381460875272751 0.361360549926758 0.358371794223785 0.359616875648499 0.354218095541 0.289867252111435 0.289867252111435 0.27522748708725 0.271649956703186 0.276794910430908 0.32385864853859 0.314827919006348 0.286279082298279 0.286279082298279 0.276262760162354 0.273711174726486 0.275005847215652 0.278145402669907 0.281910628080368 0.302560806274414 0.302560806274414 0.314748167991638 0.345923095941544 0.350053757429123 0.319181799888611 0.323544770479202 0.292361348867416 0.292361348867416 0.266083806753159 0.268121927976608 0.254101723432541 0.254327833652496 0.266644865274429 0.294119894504547 0.294119894504547 0.282070487737656 0.289093345403671 0.282256722450256 0.313718497753143 0.280016392469406 0.254545420408249 0.254545420408249
0.342528104782104 0.339242458343506 0.255463272333145 0.225576505064964 0.225576505064964 0.22557769715786 0.362077236175537 0.249323457479477 0.315338939428329 0.330759435892105 0.37946555018425 0.37946555018425 0.368450284004211 0.36139777302742 0.365241944789886 0.375088959932327 0.395502120256424 0.333559930324554 0.333559930324554 0.32488152384758 0.313430964946747 0.296852231025696 0.307699978351593 0.289392232894897 0.262052595615387 0.262052595615387 0.259116858243942 0.260077148675919 0.264700144529343 0.27245157957077 0.287808805704117 0.313297003507614 0.313297003507614 0.345451861619949 0.375899940729141 0.369438976049423 0.33317768573761 0.31928613781929 0.284237772226334 0.284237772226334 0.255805343389511 0.253557175397873 0.24617163836956 0.24869841337204 0.259197235107422 0.294861942529678 0.294861942529678 0.30476114153862 0.302996337413788 0.310791969299316 0.304569602012634 0.273639440536499 0.253139853477478 0.253139853477478
0.321067810058594 0.291312396526337 0.252862185239792 0.233476147055626 0.233476147055626 0.240365207195282 0.246348336338997 0.276701778173447 0.334525257349014 0.352423042058945 0.400732964277267 0.400732964277267 0.416211485862732 0.426642447710037 0.41697159409523 0.406850516796112 0.389250069856644 0.355108946561813 0.355108946561813 0.352174550294876 0.33944445848465 0.313273757696152 0.298511236906052 0.276657164096832 0.259398281574249 0.259398281574249 0.268855780363083 0.2716343998909 0.268387228250504 0.282730042934418 0.308757096529007 0.328813344240189 0.328813344240189 0.3518425822258 0.375427216291428 0.36186146736145 0.340835601091385 0.325397729873657 0.282526254653931 0.282526254653931 0.256775945425034 0.243638083338737 0.237272620201111 0.250215440988541 0.27036651968956 0.274046838283539 0.274046838283539 0.306637704372406 0.297879725694656 0.305953055620193 0.307217627763748 0.275094628334045 0.25693666934967 0.25693666934967
0.285011619329453 0.257337152957916 0.252328276634216 0.250277251005173 0.250277251005173 0.277673989534378 0.283191651105881 0.299272507429123 0.328832685947418 0.364827990531921 0.411310106515884 0.411310106515884 0.420038104057312 0.419530302286148 0.403136521577835 0.394380688667297 0.372297614812851 0.336459368467331 0.336459368467331 0.327791839838028 0.319491416215897 0.29717630147934 0.285667330026627 0.284149348735809 0.276185810565948 0.276185810565948 0.293448179960251 0.304560422897339 0.297665446996689 0.307861298322678 0.329993337392807 0.347886443138123 0.347886443138123 0.359083950519562 0.374924451112747 0.3775854408741 0.367466449737549 0.339961171150208 0.29182705283165 0.29182705283165 0.252999484539032 0.237346723675728 0.230154260993004 0.246371388435364 0.287083268165588 0.26977875828743 0.26977875828743 0.30290624499321 0.288385897874832 0.307730495929718 0.299361258745193 0.264039486646652 0.247893512248993 0.247893512248993
