Geospatial/Brazil_soil_moisture_AM.asc
NCOLS 484 
NROWS 482 
XLLCORNER -73.9762636472426 
YLLCORNER -33.7137726130056 
CELLSIZE 0.0808483755707569 
NODATA_value -9999 
[rows 72 to 95 of 482, columns 270 to 323 of 484]
0.506439566612244 0.537001132965088 0.531889200210571 0.485664874315262 0.47644230723381 0.422956615686417 0.422956615686417 -9999 0.339357018470764 0.282468616962433 0.232053026556969 0.205109059810638 -9999 -9999 -9999 -9999 -9999 -9999 -9999 0.484873682260513 0.484873682260513 0.502204298973083 0.537654101848602 0.584277331829071 0.528939723968506 0.599701225757599 0.573587656021118 0.573587656021118 0.544038236141205 0.512843072414398 0.508207619190216 0.490839034318924 0.391254007816315 0.391254007816315 0.381382465362549 0.370713144540787 0.390111982822418 0.343951284885406 0.333525598049164 0.324640542268753 0.324640542268753 0.327231347560883 0.332916647195816 0.325648277997971 0.303684860467911 -9999 -9999 -9999 -9999 -9999 -9999 -9999 -9999 -9999
0.512861847877502 0.52239727973938 0.538506150245667 0.53204607963562 0.481565982103348 0.464282095432281 -9999 0.453847438097 0.329399704933167 0.349848568439484 0.269717901945114 0.248633533716202 -9999 -9999 -9999 -9999 -9999 0.343652129173279 0.3862384557724 0.609640300273895 0.609640300273895 0.477663815021515 0.4903883934021 0.56126993894577 0.597288072109222 0.613142848014832 0.58417820930481 0.58417820930481 0.553076267242432 0.521432101726532 0.512761533260345 0.519996583461761 0.418327867984772 0.418327867984772 0.381060510873795 0.367519438266754 0.384763896465302 0.341955453157425 0.334563612937927 0.325604766607285 0.325604766607285 0.326361685991287 0.333122134208679 0.541459083557129 0.313367068767548 -9999 -9999 -9999 -9999 -9999 -9999 -9999 -9999 0.185764268040657
0.50761353969574 0.483169883489609 0.491566449403763 0.483110636472702 0.451366901397705 -9999 -9999 0.461671233177185 0.368464261293411 0.400014698505402 0.3005011677742 0.294198393821716 -9999 -9999 -9999 -9999 -9999 0.358557194471359 0.392123132944107 0.459830701351166 0.459830701351166 0.496740400791168 0.486708045005798 0.555292904376984 0.555138170719147 0.622626721858978 0.58697235584259 0.58697235584259 0.549614131450653 0.537103533744812 0.538331568241119 0.5401451587677 0.432450354099274 0.432450354099274 0.389722585678101 0.369632869958878 0.380967557430267 0.343614190816879 0.335274338722229 0.326871573925018 0.326871573925018 0.325027495622635 0.326327353715897 0.305570244789124 -9999 -9999 -9999 -9999 -9999 -9999 0.299390643835068 0.236127480864525 0.214732691645622 0.242344081401825
0.501480400562286 0.471804589033127 0.472447067499161 0.45889276266098 0.43606972694397 -9999 0.455135196447372 0.449965119361877 0.413902074098587 0.469249367713928 0.312369883060455 -9999 -9999 -9999 -9999 -9999 -9999 0.595963299274445 0.456453949213028 0.508421719074249 0.508421719074249 0.595876097679138 0.560825943946838 0.61775130033493 0.628563821315765 0.623508214950562 0.585880875587463 0.585880875587463 0.548026263713837 0.526793360710144 0.535124719142914 0.542590796947479 0.4353007376194 0.4353007376194 0.397703796625137 0.371984541416168 0.357149064540863 0.347808688879013 0.339739561080933 0.33013379573822 0.33013379573822 0.325046300888062 0.323273569345474 0.300489544868469 -9999 -9999 -9999 -9999 -9999 0.215358600020409 0.279266536235809 0.242060601711273 0.271145880222321 0.307525843381882
0.510762929916382 0.481305509805679 0.472614377737045 0.456746160984039 0.455796390771866 -9999 0.575797915458679 0.481263369321823 0.482786029577255 0.456343233585358 0.320538580417633 -9999 -9999 -9999 -9999 -9999 -9999 0.450797259807587 0.570567011833191 0.589999854564667 0.589999854564667 0.620294034481049 0.612659394741058 0.624702036380768 0.631558239459991 0.61879688501358 0.588565826416016 0.588565826416016 0.544853091239929 0.523734331130981 0.533684432506561 0.5458984375 0.435613542795181 0.435613542795181 0.403487861156464 0.374752670526505 0.359304130077362 0.350111424922943 0.341107040643692 0.333776384592056 0.333776384592056 0.325159102678299 0.314854264259338 0.284584403038025 -9999 -9999 -9999 -9999 0.250464111566544 0.324420154094696 0.287237763404846 0.265227317810059 0.297546565532684 0.320318073034286
0.53154844045639 0.537279903888702 0.534556031227112 0.493103265762329 0.45609986782074 -9999 -9999 0.465776383876801 0.511194467544556 0.394738584756851 0.31389519572258 -9999 -9999 -9999 0.438063323497772 0.454897105693817 -9999 0.390270501375198 0.445294052362442 0.501724302768707 0.501724302768707 0.568491041660309 0.626974105834961 0.626194179058075 0.615841269493103 0.610276877880096 0.587175011634827 0.587175011634827 0.555633187294006 0.526105999946594 0.525557160377502 0.539176225662231 0.446317374706268 0.446317374706268 0.40639528632164 0.376945525407791 0.356545269489288 0.34957954287529 0.348828345537186 0.350961655378342 0.350961655378342 0.337820380926132 0.311470448970795 -9999 -9999 -9999 -9999 0.571336030960083 0.285274773836136 0.287522047758102 0.246873900294304 0.235600844025612 0.246470674872398 0.22633308172226
0.470488578081131 0.473240613937378 0.468856126070023 0.429118990898132 -9999 -9999 -9999 0.45307195186615 0.474420696496964 0.319819122552872 -9999 -9999 -9999 0.361526638269424 0.532092988491058 0.453663915395737 -9999 -9999 -9999 0.483278214931488 0.483278214931488 0.555988013744354 0.621868073940277 0.62012380361557 0.610001802444458 0.602200090885162 0.58880352973938 0.58880352973938 0.559305012226105 0.522646069526672 0.526063084602356 0.535587430000305 0.461685389280319 0.461685389280319 0.422055691480637 0.387439399957657 0.360823750495911 0.350644439458847 0.353405028581619 0.358954608440399 0.358954608440399 0.343838810920715 0.314464747905731 -9999 -9999 -9999 -9999 0.576677083969116 0.273198127746582 0.27478951215744 0.231443598866463 0.213621035218239 0.213300183415413 0.199014559388161
0.44393515586853 0.434560745954514 0.445445120334625 -9999 -9999 0.418960720300674 0.418960720300674 0.368680030107498 0.356138288974762 -9999 -9999 0.33977147936821 0.500097811222076 0.500097811222076 0.560802340507507 0.407016843557358 -9999 0.364500492811203 0.369438678026199 0.467509269714355 0.467509269714355 0.542165040969849 0.622918665409088 0.612925827503204 0.597554206848145 0.589781522750854 0.579006850719452 0.579006850719452 0.557129800319672 0.520593762397766 0.51790052652359 0.534734606742859 0.483112722635269 0.483112722635269 0.441996425390244 0.400379031896591 0.371749043464661 0.358772933483124 0.366524964570999 0.37085285782814 0.37085285782814 0.379838556051254 -9999 -9999 -9999 -9999 -9999 0.259370982646942 0.247108787298203 0.25691881775856 0.217574805021286 0.208052918314934 0.205700799822807 0.196358233690262
0.42971533536911 0.3935606777668 0.412108451128006 -9999 0.39455446600914 0.400636792182922 0.400636792182922 0.35924705862999 -9999 -9999 0.330984264612198 0.439219236373901 0.535835564136505 0.535835564136505 0.577328562736511 0.420858532190323 -9999 0.436128735542297 0.426163464784622 0.556087732315063 0.556087732315063 0.591699838638306 0.618838906288147 0.597189366817474 0.583318829536438 0.57636159658432 0.560272753238678 0.560272753238678 0.541389346122742 0.515694439411163 0.517061173915863 0.545387089252472 0.491461157798767 0.491461157798767 0.462059617042542 0.41779562830925 0.385001331567764 0.368800848722458 0.378204673528671 0.383069723844528 0.383069723844528 -9999 -9999 -9999 -9999 -9999 0.24714694917202 0.24714694917202 0.245399296283722 0.255979239940643 0.21801008284092 0.199926391243935 0.198160693049431 0.190346673130989
0.396970748901367 0.368922889232635 -9999 0.424102962017059 0.405424416065216 0.395213216543198 -9999 -9999 0.308077782392502 0.296483993530273 0.359507262706757 0.474302649497986 0.563086628913879 0.563086628913879 0.593468070030212 0.452336072921753 -9999 0.550664722919464 0.480617254972458 0.609429478645325 0.609429478645325 0.609953105449677 0.586455583572388 0.588507890701294 0.578162729740143 0.567271173000336 0.546064376831055 0.546064376831055 0.533928573131561 0.513508260250092 0.526814877986908 0.559839606285095 0.501318633556366 0.501318633556366 0.476908504962921 0.428712397813797 0.393443912267685 0.373003453016281 0.37028980255127 0.362915992736816 -9999 -9999 -9999 -9999 -9999 0.232015356421471 0.246641099452972 0.246641099452972 0.25877571105957 0.278249353170395 0.235585108399391 0.2146375477314 0.204189971089363 0.190747961401939
-9999 -9999 -9999 0.421234399080276 -9999 -9999 -9999 0.32828027009964 0.342805504798889 0.391954749822617 0.490327805280685 0.566009342670441 0.577845096588135 0.577845096588135 0.590300917625427 0.464947372674942 0.550268471240997 -9999 0.500705063343048 0.613027215003967 0.613027215003967 0.610630631446838 0.587084114551544 0.58576899766922 0.573206961154938 0.559304356575012 0.543330311775208 0.543330311775208 0.536479592323303 0.518402218818665 0.537648499011993 0.569790542125702 0.511572182178497 0.511572182178497 0.491460412740707 0.446977019309998 0.403867959976196 0.38277018070221 0.365022003650665 0.340594947338104 0.340594947338104 -9999 -9999 -9999 -9999 -9999 0.244349390268326 0.244349390268326 0.272081136703491 0.293754160404205 0.25739461183548 0.230146661400795 0.203517705202103 0.185030490159988
-9999 -9999 -9999 -9999 0.38194152712822 0.407464563846588 0.407464563846588 0.447793453931808 0.474228262901306 0.516965925693512 0.55848103761673 0.569073438644409 0.578809440135956 0.578809440135956 0.591483235359192 0.508727669715881 0.559880614280701 -9999 0.492865115404129 0.601459503173828 0.601459503173828 0.56733912229538 0.599467635154724 0.593692779541016 0.578839421272278 0.56133770942688 0.551949501037598 0.551949501037598 0.545433044433594 0.533114016056061 0.559297800064087 0.55556046962738 0.485853850841522 0.485853850841522 0.470571875572205 0.448433637619019 0.410401165485382 -9999 0.336534082889557 -9999 -9999 -9999 -9999 0.541226923465729 -9999 -9999 -9999 0.283612608909607 0.310259431600571 0.295410990715027 0.26380518078804 0.233622163534164 0.208570420742035 0.190422460436821
-9999 -9999 -9999 0.352614283561707 0.384931683540344 0.438326418399811 0.438326418399811 0.453048348426819 0.445707976818085 0.477623164653778 0.514508605003357 0.548675000667572 0.568946361541748 0.568946361541748 0.588041305541992 0.56985354423523 0.593617260456085 0.507107436656952 -9999 0.561093389987946 0.561093389987946 0.544166922569275 0.625293910503387 0.623592555522919 0.570711433887482 0.568840324878693 0.527592897415161 0.527592897415161 0.520334541797638 0.555183887481689 0.581100940704346 0.467526108026505 0.370940119028091 -9999 0.361638516187668 0.374162942171097 -9999 -9999 -9999 -9999 -9999 -9999 0.36321035027504 0.337005585432053 0.355316996574402 -9999 0.350757926702499 0.350757926702499 0.381434828042984 0.297862589359283 0.274745583534241 0.23494865000248 0.216365188360214 0.215560391545296
0.311087548732758 0.320518612861633 0.38370668888092 0.422826826572418 0.407798826694489 0.447815775871277 0.447815775871277 0.418357193470001 0.404835492372513 0.392973870038986 0.372946321964264 0.41667652130127 0.479099094867706 0.479099094867706 0.536518037319183 0.609730899333954 0.613140344619751 0.477380305528641 -9999 0.506058394908905 0.506058394908905 0.480437815189362 0.546608567237854 0.469214051961899 0.430331856012344 0.486700356006622 0.514581024646759 0.514581024646759 0.497696667909622 0.527718245983124 0.527254402637482 0.409267872571945 -9999 -9999 -9999 -9999 -9999 -9999 -9999 -9999 -9999 0.343962162733078 0.411853551864624 0.419835209846497 0.434048056602478 0.42208206653595 0.409838169813156 0.409838169813156 0.372173547744751 0.299676090478897 0.279130786657333 0.25726917386055 0.236504256725311 0.234039425849915
0.327205687761307 0.384823322296143 0.451310634613037 0.480805069208145 0.45339223742485 0.4320228099823 0.4320228099823 0.383386015892029 0.372721880674362 0.341164976358414 0.582546591758728 0.31745320558548 0.381994038820267 0.381994038820267 0.468783676624298 0.593450665473938 0.598322689533234 0.454926043748856 -9999 -9999 0.401580601930618 0.374800443649292 0.40736585855484 0.372056663036346 0.359906911849976 -9999 -9999 0.468426495790482 0.462077230215073 0.448183506727219 0.384042173624039 -9999 -9999 -9999 -9999 -9999 -9999 -9999 -9999 -9999 0.293430775403976 0.396114259958267 0.435833245515823 0.464388698339462 0.468579471111298 0.459340959787369 0.431129217147827 0.431129217147827 0.385187655687332 0.347888886928558 0.345197886228561 0.3389912545681 0.297673344612122 0.250425159931183
0.331336438655853 0.402511358261108 0.432290226221085 0.473635226488113 0.449166536331177 0.413614839315414 0.413614839315414 0.36666065454483 0.334701210260391 0.570409655570984 0.218920543789864 0.589911580085754 0.364581614732742 0.364581614732742 0.436501413583755 0.579287648200989 0.562126457691193 0.435213804244995 0.568872928619385 -9999 -9999 -9999 -9999 -9999 -9999 -9999 -9999 -9999 -9999 -9999 -9999 -9999 -9999 0.339400470256805 -9999 -9999 -9999 -9999 -9999 0.306387782096863 0.306387782096863 0.375874221324921 0.4212566614151 0.460432022809982 0.458417415618896 0.456284284591675 0.444768607616425 0.444768607616425 0.389361500740051 0.347890257835388 0.340056300163269 0.348102182149887 0.298464447259903 0.231933295726776
0.312378406524658 0.402740865945816 0.426255792379379 0.468215227127075 0.442374497652054 0.410280168056488 0.410280168056488 0.364101558923721 0.315498858690262 0.570917189121246 0.207001179456711 0.289159297943115 0.34329354763031 0.34329354763031 0.36330857872963 0.463947683572769 0.433777660131454 0.546834945678711 0.355473250150681 0.32282692193985 -9999 -9999 -9999 -9999 0.564590573310852 0.324488520622253 0.427146106958389 0.427146106958389 0.567847967147827 -9999 -9999 0.395230799913406 0.414181649684906 0.414181649684906 -9999 -9999 -9999 0.310774564743042 0.320735812187195 0.33668178319931 0.33668178319931 0.410260766744614 0.423029512166977 0.438620984554291 0.438512653112411 0.433935284614563 0.42522519826889 0.42522519826889 0.386339604854584 0.320607155561447 0.291454613208771 0.292208641767502 0.275214493274689 0.226115435361862
0.353442817926407 0.442715287208557 0.457984149456024 0.461060792207718 0.446853965520859 0.420974314212799 0.420974314212799 0.320439606904984 0.271498888731003 0.240355908870697 0.264424741268158 0.371242135763168 0.410636126995087 0.410636126995087 0.393013805150986 0.3825643658638 0.540289163589478 0.38666570186615 0.373531669378281 0.349124044179916 0.349124044179916 -9999 0.553835034370422 0.327406078577042 0.397034674882889 0.404519617557526 0.44175598025322 0.44175598025322 0.399101585149765 0.372700214385986 0.3788001537323 0.560543298721313 0.412158578634262 0.412158578634262 -9999 -9999 0.380405813455582 0.42513644695282 0.406594455242157 0.402674794197083 0.402674794197083 0.421067178249359 0.407354414463043 0.421073913574219 0.412180066108704 0.410368502140045 0.428895324468613 0.428895324468613 0.426207929849625 0.325914114713669 0.278240114450455 0.25992950797081 0.254794150590897 0.226551100611687
0.386120676994324 0.42422366142273 0.449051350355148 0.448047041893005 0.440698474645615 0.422199785709381 0.422199785709381 0.303210824728012 0.266988903284073 0.244537264108658 0.355850964784622 0.467281877994537 0.444621503353119 0.444621503353119 0.425102204084396 0.345095038414001 0.536629438400269 0.39953801035881 0.431193381547928 0.441626906394958 0.441626906394958 0.440244197845459 0.389315783977509 0.413315206766129 0.425026208162308 0.434103399515152 0.479035407304764 0.479035407304764 0.418104708194733 0.415098905563354 0.406776279211044 0.414947688579559 0.386520117521286 0.386520117521286 -9999 0.391923189163208 0.470601260662079 0.5122389793396 0.488092243671417 0.434545993804932 0.434545993804932 0.418730437755585 0.399586349725723 0.40334165096283 0.39574345946312 0.388745993375778 0.419088929891586 0.419088929891586 0.419118314981461 0.300853043794632 0.255330920219421 0.232924729585648 0.232482671737671 0.218107521533966
0.329139471054077 0.384933859109879 0.422748744487762 0.428906112909317 0.426818698644638 0.422296166419983 0.422296166419983 0.293267637491226 0.560402989387512 0.262118190526962 0.365231782197952 0.463750004768372 0.36885592341423 0.36885592341423 0.356560319662094 0.312587410211563 0.349636316299438 0.41419580578804 0.466171413660049 0.508917212486267 0.508917212486267 0.511385142803192 0.513942003250122 0.520293712615967 0.50049364566803 0.49265319108963 0.497856110334396 0.497856110334396 0.444530308246613 0.430448591709137 0.542224884033203 0.408521115779877 0.344098776578903 -9999 -9999 0.361963719129562 0.498855859041214 0.529004335403442 0.497357785701752 0.462857395410538 0.462857395410538 0.437504500150681 0.408069580793381 0.42418846487999 0.408399015665054 0.386519342660904 0.425194263458252 0.425194263458252 0.402338236570358 0.277505576610565 0.23562878370285 0.232767462730408 0.238245159387589 0.231114327907562
-9999 0.257629662752151 0.328516930341721 0.38505282998085 0.425257176160812 0.440861910581589 0.440861910581589 0.356449753046036 0.35827961564064 0.390938133001328 0.411159962415695 0.495140641927719 0.377702951431274 0.377702951431274 0.561268091201782 0.401744723320007 0.464489310979843 0.479084193706512 0.47104811668396 0.493016093969345 0.493016093969345 0.4911148250103 0.513873040676117 0.499928504228592 0.489193350076675 0.4867282807827 0.480865597724915 0.480865597724915 0.457826673984528 0.417324006557465 0.416816234588623 0.382940798997879 -9999 -9999 -9999 0.370420336723328 0.486688822507858 0.504369914531708 0.430620431900024 0.364181131124496 0.364181131124496 0.347091495990753 0.343683451414108 0.421423971652985 0.43451976776123 0.377565056085587 0.377774775028229 0.377774775028229 0.303131848573685 0.264291495084763 0.251955449581146 0.261747241020203 0.259196192026138 0.253337860107422
0.558326959609985 0.197541862726212 0.270515263080597 0.344788163900375 0.38651630282402 0.425036728382111 0.425036728382111 0.35527628660202 0.369847267866135 0.399439364671707 0.414753377437592 0.489328682422638 0.385459423065186 0.385459423065186 0.380875527858734 0.419397562742233 0.492857247591019 0.511585354804993 0.504187941551208 0.502758979797363 0.502758979797363 0.502666413784027 0.5091912150383 0.489659309387207 0.477668881416321 0.482573240995407 0.474163234233856 0.474163234233856 0.460336685180664 0.414624899625778 0.42751932144165 0.37621146440506 0.324759960174561 -9999 0.322250694036484 0.387420803308487 0.481508374214172 0.482729107141495 0.423263669013977 0.361583918333054 0.361583918333054 0.340934127569199 0.347040414810181 0.392793118953705 0.370821237564087 0.332778602838516 0.309996843338013 0.309996843338013 0.262182235717773 0.248929351568222 0.253818899393082 0.296128273010254 0.281600296497345 0.266584694385529
0.190754935145378 0.559391021728516 0.243795663118362 0.326507329940796 0.367557227611542 0.40383842587471 0.40383842587471 0.436888843774796 0.451510608196259 0.483455955982208 0.496645122766495 0.50589507818222 0.47251695394516 0.47251695394516 0.441934138536453 0.473024189472198 0.466353297233582 0.491828292608261 0.511343717575073 0.506404995918274 0.506404995918274 0.507424712181091 0.497449070215225 0.477984964847565 0.464275449514389 0.474301397800446 0.445372521877289 0.445372521877289 0.426055639982224 0.396855652332306 0.410701811313629 0.355451017618179 -9999 -9999 0.325870871543884 0.413173317909241 0.45965564250946 0.464015245437622 0.409677028656006 0.337334305047989 0.337334305047989 0.32784441113472 0.321524739265442 0.346489369869232 0.305242508649826 0.277849823236465 0.256951421499252 0.256951421499252 0.242067560553551 0.241195380687714 0.25312876701355 0.29417097568512 0.280583828687668 0.261597663164139
0.170166045427322 0.555731177330017 0.184335634112358 0.265883982181549 0.322825074195862 0.379596620798111 0.379596620798111 0.440377444028854 0.46187499165535 0.472828805446625 0.484835654497147 0.496188223361969 0.466665655374527 0.466665655374527 0.440191477537155 0.470603317022324 0.459167033433914 0.485140562057495 0.503683865070343 0.502811074256897 0.502811074256897 0.500641524791718 0.483129054307938 0.462652772665024 0.448338538408279 0.470572173595428 0.457691788673401 0.457691788673401 0.424712628126144 0.401249796152115 0.413020193576813 0.348938822746277 -9999 0.356009215116501 0.347503185272217 0.442609250545502 0.451083391904831 0.454806327819824 0.436135351657867 0.407606840133667 0.407606840133667 0.403114289045334 0.373421758413315 0.319888800382614 0.265524327754974 0.251771599054337 0.240896224975586 0.240896224975586 0.243693992495537 0.256563484668732 0.283471912145615 0.343797743320465 0.336800038814545 0.275617569684982
