Geospatial/Brazil_maize_harvested_area.asc
NCOLS 470 
NROWS 468 
XLLCORNER -74.0004239999869 
YLLCORNER -33.7495049999942 
CELLSIZE 0.0833330000000103 
NODATA_value -9999 
[rows 200 to 224 of 468, columns 224 to 279 of 470]
39.646053314209 38.8109359741211 6.21118545532227 55.0302734375 128.115768432617 158.148941040039 138.459106445312 47.2215003967285 0 21.4506607055664 9.90365886688232 22.4214687347412 14.8656711578369 6.73515319824219 8.40230655670166 24.0491886138916 19.2685012817383 2.82484030723572 0 0 0 0 0 0 0 0 0 0 3.4488582611084 22.0786514282227 68.4827270507812 120.116645812988 141.699020385742 148.276260375977 74.0596923828125 35.3259086608887 42.4365234375 93.6539916992188 42.1700057983398 16.7603931427002 87.1360778808594 231.979873657227 252.502227783203 390.495056152344 156.922607421875 0 15.0511407852173 19.6107959747314 9.87026977539062 9.08664512634277 2.19416403770447 6.54346752166748 74.766716003418 4.49529027938843 2.41396570205688 11.2001390457153
4.17245101928711 49.7425079345703 37.5568809509277 58.0911521911621 95.4422302246094 130.49089050293 87.5349426269531 49.6089782714844 3.53927063941956 45.0328559875488 25.4709186553955 27.1374416351318 13.397928237915 1.81507956981659 0 6.71806383132935 6.09437084197998 0 0 0 0 0 0 0 0 0 0 0 0 3.79912900924683 54.3121681213379 123.970161437988 88.0696105957031 23.5990314483643 34.1953926086426 58.6185531616211 63.8597755432129 203.935897827148 117.338012695312 171.741836547852 94.7052917480469 43.5359306335449 60.6185150146484 193.052505493164 152.843841552734 17.1125316619873 49.2730407714844 71.6413497924805 13.607213973999 2.26370358467102 24.6121940612793 3.68567895889282 45.3296127319336 61.8034172058105 58.7534866333008 14.0757427215576
82.6835632324219 11.8593244552612 95.0119018554688 22.1004543304443 25.1949844360352 89.0390853881836 9.27452182769775 25.1583366394043 33.9936408996582 10.004828453064 19.2598819732666 8.44665050506592 10.6785402297974 7.55897903442383 3.24419260025024 4.52774000167847 0 0 0 0 0 0 0 0 0 0 0 0 0 0 4.59235286712646 19.3425941467285 24.1239280700684 43.8857002258301 39.919116973877 0 0 20.0527439117432 192.631896972656 185.872253417969 122.222961425781 72.7382736206055 89.7675628662109 61.9999732971191 63.7564964294434 152.588409423828 84.5891189575195 122.753593444824 77.7669677734375 33.3320236206055 11.654932975769 0 24.1516151428223 87.9634017944336 134.807083129883 66.546272277832
188.611114501953 141.730484008789 89.0879745483398 22.9679489135742 26.1818313598633 6.27940797805786 0 5.72320032119751 11.5147562026978 1.65397942066193 25.7934551239014 20.7260150909424 1.57065689563751 0 0 0 0 0 0 0 1.17698299884796 0 0 0 0 0 0 0 0 0 2.89848613739014 4.1646614074707 0 0 36.9272613525391 9.26828956604004 0 0 43.3145561218262 124.87922668457 173.350143432617 128.516204833984 137.073577880859 155.308959960938 46.3559379577637 231.713394165039 225.147735595703 728.327819824219 488.874664306641 6.18393325805664 26.8910217285156 7.05507564544678 0 0 9.04568576812744 12.5068111419678
167.854827880859 99.2254257202148 74.0148620605469 41.4827613830566 39.7939156293869 35.1069068908691 5.70363807678223 29.3700942993164 23.6580562591553 17.6662693023682 22.9590740203857 0 0 0 0 0 0 0 0 0 0 0 0 0 0 0 0 0 0 0 5.34483623504639 2.19144225120544 0 0 1.51453375816345 1.31303250789642 14.156418800354 0 41.5936317443848 218.28254699707 235.549670219421 125.680389404297 208.938919067383 101.196220397949 82.6447601318359 194.432144165039 60.3035507202148 499.908203125 82.8427429199219 7.09286689758301 11.1048555374146 3.6041773557663 5.51115798950195 0 0 2.39862871170044
153.742645263672 97.6565856933594 64.7886352539062 99.7070007324219 28.3699607849121 22.6565818786621 33.7492752075195 36.5652465820312 27.5939846038818 3.97379422187805 0 0 1.97749471664429 3.80130958557129 14.7889585494995 2.24822974205017 0 0 0 0 0 0 0 0 0 0 0 0 4.67118835449219 0 0 0 1.19135987758636 2.31598615646362 4.00654983520508 0 4.10159397125244 12.3779535293579 319.3115234375 389.494415283203 316.520782470703 196.950958251953 38.6959114074707 147.120834350586 275.543609619141 38.13916015625 161.774963378906 262.682403564453 239.741973876953 11.7532424926758 3.28379654884338 0 0 0 0 1.90528428554535
142.003128051758 148.795913696289 65.7647323608398 37.5621681213379 52.4968070983887 25.0693588256836 20.4530239105225 54.9139175415039 20.1706733703613 41.0400810241699 29.7661933898926 15.2205753326416 1.00779676437378 23.1770648956299 6.58223342895508 0 0 0 0 0 0 0 0 0 0 0 0 0 7.77202463150024 8.08784294128418 5.46001482009888 0 2.3870894908905 3.3536901473999 2.09711217880249 7.85829782485962 7.65534067153931 3.62141299247742 412.202087402344 390.999755859375 118.550231933594 47.8915100097656 165.086364746094 382.231506347656 145.414962768555 0 141.598709106445 123.890625 230.942825317383 60.5975036621094 0 0 6.72590446472168 1.16029596328735 0 0
159.896636962891 131.548538208008 7.8537163734436 34.3877487182617 44.4838943481445 20.5042858123779 0 2.10098814964294 1.15992593765259 0 0 6.79367208480835 18.3252029418945 0 14.0661735534668 9.23704624176025 0 0 0 0 0 0 0 0 0 0 0 0 1.62819480895996 9.17462635040283 6.06213092803955 0 0 4.76972675323486 5.7935996055603 10.8440256118774 8.53593158721924 7.97362422943115 2.645174741745 24.9574241638184 86.8350372314453 168.598678588867 240.635894775391 114.934036254883 158.980117797852 82.63037109375 52.6604499816895 104.19123840332 154.518356323242 54.820743560791 41.2285461425781 0 0 0 7.7947998046875 0
120.608947753906 87.1340942382812 21.5545177459717 27.562671661377 20.9124031066895 3.26359868049622 0 1.1115128993988 0 1.44391059875488 1.89988434314728 33.0633277893066 8.73587036132812 13.033224105835 14.1761026382446 0 0 0 0 0 0 0 0 0 0 0 0 0 1.39785766601562 6.10401010513306 2.58838868141174 1.65009641647339 8.4142427444458 1.15799868106842 10.8767604827881 9.72589302062988 8.3353099822998 10.8644037246704 31.240478515625 0 28.2830924987793 60.3186874389648 148.028244018555 294.606597900391 162.184692382812 309.211730957031 76.5309295654297 93.4054718017578 205.020202636719 29.0778560638428 0 0 0 0 12.165563583374 0
115.854972839355 64.2614364624023 42.4758567810059 47.4273719787598 23.1668930053711 0 0 6.04026079177856 20.9367160797119 28.1013927459717 15.64222240448 36.0879096984863 46.1698188781738 6.32724809646606 1.35849666595459 0 0 0 0 0 0 0 0 0 0 0 0 0 0 4.16139888763428 3.20585417747498 0 5.03351640701294 0 3.11928081512451 9.67853832244873 4.33730840682983 8.11658191680908 1.55037546157837 0 12.9484167098999 160.752212524414 194.937103271484 290.825622558594 270.640319824219 287.528930664062 205.423828125 18.7924385070801 4.64130687713623 22.8905410766602 0 0 2.30542325973511 6.05015563964844 36.4594841003418 8.70593070983887
110.574172973633 73.5208206176758 23.4226531982422 39.5602798461914 0 6.76136875152588 5.48202323913574 30.3076324462891 21.2578582763672 31.5663890838623 83.4768142700195 30.0107288360596 3.60015058517456 0 0 0 0 0 0 0 0 0 0 0 0 0 0 0 0 0 2.36715245246887 0 5.38720655441284 0 4.49341297149658 4.4110836982727 4.51897287368774 7.97515535354614 4.94325733184814 0 2.28183960914612 161.962905883789 158.385864257812 192.017135620117 178.011901855469 360.662658691406 227.209274291992 79.8989791870117 2.34633827209473 3.20870661735535 1.83348619937897 0 1.1010000705719 37.9912147521973 61.4465599060059 1.08929181098938
73.2785797119141 54.5751914978027 36.7264442443848 27.9520092010498 65.0328979492188 67.506233215332 27.7108459472656 49.936637878418 38.5793304443359 13.4904584884644 4.6875 1.02636969089508 2.68018913269043 45.8418273925781 0 0 0 0 0 0 0 0 0 0 0 0 0 0 0 0 0 4.35735559463501 5.07670783996582 0 3.92192840576172 6.93004322052002 10.7565166950226 9.02371692657471 12.3345968723297 54.6038589477539 1.68606162071228 213.684646606445 211.488403320312 252.003433227539 192.660736083984 280.864898681641 236.819061279297 90.7633361816406 25.8966979980469 1.40136528015137 0 0 1.56367075443268 104.008903503418 231.57470703125 11.006573677063
61.5595436096191 66.0128555297852 32.7636032104492 29.8227481842041 52.6503143310547 19.7966938018799 27.4669952392578 5.54736471176147 16.005973815918 7.50202655792236 8.34652900695801 25.2134017944336 51.4841651916504 5.91147899627686 1.63969707489014 0 0 0 0 0 0 0 0 0 0 0 0 0 0 0 0 0 6.99159526824951 5.86412715911865 5.26497840881348 3.49669575691223 14.3070087432861 11.8320388793945 13.5017423629761 79.4873809814453 161.037567138672 275.855804443359 402.310577392578 430.546417236328 237.17903137207 267.475036621094 169.288513183594 1.36766803264618 0 1.65623927116394 7.96902179718018 3.86151671409607 3.69160485267639 124.545204162598 103.051048278809 0
41.7998504638672 58.1010971069336 19.8689441680908 25.7139530181885 23.2805728912354 19.9422130584717 6.7118673324585 19.9476661682129 2.77383303642273 0 3.65609931945801 5.53460693359375 5.86733198165894 1.72203469276428 1.19202971458435 0 0 0 0 0 0 0 0 0 0 0 0 0 0 0 0 0 2.93953371047974 13.0921430587769 8.58117008209229 7.44070720672607 22.7447395324707 19.0099773406982 15.305944442749 43.195198059082 5.30171346664429 51.6236877441406 254.383560180664 198.679931640625 50.7954864501953 75.2438049316406 49.2509460449219 0 29.5731620788574 39.9180603027344 0 0 1.20110154151917 1.85802781581879 7.41396331787109 1.06946706771851
37.6711692810059 1.29631638526917 22.1441421508789 26.07204246521 34.8400421142578 11.4672422409058 12.1072330474854 47.3116493225098 25.5361194610596 7.90480613708496 5.88542175292969 0 4.6779670715332 6.0117621421814 2.76268124580383 2.64393448829651 0 0 0 0 0 0 0 0 0 0 0 0 0 0 0 0 0 1.90179717540741 4.93487071990967 4.57020139694214 17.8421649932861 17.679744720459 13.9501008987427 80.1572265625 69.0764999389648 100.943756103516 208.419067382812 90.9637985229492 0 35.8572807312012 28.4064636230469 15.44788646698 54.4391555786133 72.7234344482422 2.03730893135071 0 4.14090776443481 0 1.99398303031921 4.36342000961304
38.7671279907227 14.1570920944214 53.1392707824707 29.5565090179443 7.12326002120972 20.6841220855713 20.6314735412598 13.2921409606934 12.4108819961548 5.2808985710144 30.6367359161377 2.90426015853882 0 2.50442337989807 1.92407596111298 0 0 0 0 0 0 0 0 0 0 0 0 0 0 0 0 0 7.49838495254517 10.4555969238281 14.0468893051147 21.3812885284424 7.72184467315674 17.9237308502197 7.99616146087646 136.738571166992 26.7914371490479 86.9467544555664 81.1319122314453 77.8748626708984 47.5804634094238 5.53282022476196 35.2916412353516 8.24252986907959 7.30462455749512 13.7266502380371 18.1442031860352 4.38462257385254 4.96809196472168 0 9.2587366104126 0
51.8240776062012 40.1022148132324 39.0039215087891 51.3222961425781 35.014575958252 18.7888660430908 23.2028160095215 11.1366500854492 0 0 8.38279914855957 0 1.36850249767303 4.08376121520996 8.66754341125488 1.76059460639954 0 0 0 0 0 0 0 0 0 0 0 0 0 0 0 1.78923642635345 39.9441146850586 93.0618286132812 13.354250907898 17.4287853240967 3.86584448814392 13.9277229309082 8.43249607086182 62.0263328552246 40.3757820129395 82.50732421875 84.0296630859375 73.3138885498047 73.9170913696289 39.3909378051758 4.33961534500122 3.68764114379883 4.87808561325073 14.9579272270203 22.5867824554443 5.2973108291626 0 0 3.00550961494446 0
44.5244140625 60.4130859375 37.2534141540527 22.1239471435547 32.9677810668945 34.5025177001953 15.2659015655518 1.49913215637207 5.88567399978638 1.02257752418518 0 0 9.2204704284668 4.28226661682129 5.0974063873291 1.24472641944885 0 0 0 0 0 0 0 0 0 0 0 0 0 1.09227550029755 6.05376768112183 16.8757476806641 30.5481796264648 21.8937358856201 6.87098121643066 3.61547088623047 5.23700952529907 9.05928611755371 100.621322631836 91.9765930175781 110.430061340332 68.3012542724609 106.391036987305 54.1343574523926 100.26683807373 52.2390098571777 6.70467042922974 0 2.14107823371887 49.759521484375 41.9351425170898 7.89303159713745 0 1.49483454227448 0 0
74.0870590209961 139.792755126953 59.4597702026367 18.7792453765869 61.3229522705078 48.2489624023438 1.87576305866241 0 0 0 0 0 7.6661787033081 2.43427848815918 7.74167442321777 4.45656108856201 1.32597100734711 0 0 0 0 0 0 0 0 0 0 0 0 2.58108568191528 12.8005924224854 10.219578742981 22.9779453277588 26.3431434631348 20.0090599060059 9.00467300415039 4.68060922622681 6.03680610656738 73.3511352539062 74.515495300293 80.2367706298828 138.823043823242 140.369216918945 153.195587158203 122.817077636719 4.4495701789856 2.1923725605011 18.1673069000244 9.55649566650391 11.685266494751 8.819260597229 0 1.00022304058075 0 0 0
93.0093307495117 83.9253082275391 27.4203109741211 45.0141944885254 33.4339599609375 59.7679977416992 14.9661245346069 2.84542179107666 6.80649757385254 0 0 0 1.1457177400589 3.47920656204224 9.12679672241211 7.04590082168579 2.27309823036194 1.45687508583069 0 2.08731985092163 3.91471815109253 9.17866325378418 1.96277701854706 4.89107656478882 7.7840895652771 18.1757316589355 6.96053647994995 7.16940927505493 37.5624465942383 13.7765283584595 21.4697418212891 17.2923393249512 5.62448787689209 3.85654377937317 6.63413238525391 9.25667381286621 6.23699283599854 9.81964588165283 53.296443939209 67.2759017944336 45.324275970459 103.581390380859 68.9225006103516 156.476150512695 145.213745117188 69.2552337646484 2.09165024757385 0 8.53694534301758 44.2849426269531 3.42217183113098 1.02525496482849 0 0 0 0
35.2825469970703 67.6722793579102 38.6403846740723 61.0807113647461 20.5565662384033 24.6525993347168 4.74886560440063 0 11.7016773223877 23.2944889068604 12.0114488601685 7.10214424133301 2.34036993980408 2.59768486022949 5.63233757019043 10.523606300354 1.91113221645355 4.20889663696289 5.72202587127686 10.6661176681519 28.6764621734619 7.20935297012329 5.12387752532959 8.79270172119141 28.1270275115967 18.4491138458252 11.4583721160889 5.24942493438721 11.5373115539551 4.72199535369873 24.672794342041 24.4537143707275 27.370418548584 43.0728073120117 39.8174133300781 2.43113660812378 5.10181188583374 8.15804100036621 4.40303516387939 71.6813430786133 105.00252532959 43.860595703125 215.29557800293 105.739067077637 41.7111206054688 48.950138092041 16.4933185577393 17.1918106079102 4.86436581611633 25.0470790863037 2.34478044509888 0 0 0 0 0
78.6329650878906 63.4247436523438 33.093563079834 43.0337600708008 35.9723968505859 5.64751529693604 0 14.7765827178955 13.4675941467285 18.8437919616699 3.85737943649292 3.68150568008423 5.56212520599365 3.75297498703003 5.0639123916626 13.5042810440063 8.43965721130371 5.72530221939087 3.1345682144165 10.6245269775391 6.59134912490845 7.32090044021606 8.74710369110107 12.475193977356 19.2825298309326 34.8252830505371 19.1521987915039 6.01930046081543 9.26076793670654 18.9356918334961 12.1387233734131 15.736533164978 16.4289951324463 27.5031776428223 31.7328205108643 12.7728719711304 10.3230628967285 13.0229148864746 31.509298324585 51.0795631408691 99.9297103881836 113.358306884766 92.590202331543 44.2922439575195 26.0173721313477 12.6019239425659 6.04822254180908 6.05352163314819 3.05525064468384 68.0384674072266 3.89298343658447 0 1.01069819927216 0 0 0
39.8001670837402 79.3148193359375 38.9803886413574 71.6753692626953 35.176628112793 20.1163539886475 33.831184387207 63.8585243225098 18.3895988464355 6.0706467628479 7.9929895401001 0 11.0634574890137 6.12594604492188 3.01087689399719 3.09330987930298 18.7188911437988 1.76647460460663 12.4644346237183 0 2.65531754493713 5.3625955581665 5.37719106674194 10.9055728912354 13.4099020957947 18.2898540496826 25.1713943481445 22.1409397125244 3.95119333267212 31.8711547851562 40.0827217102051 43.7553672790527 14.0385494232178 27.9044742584229 18.9138507843018 50.5849800109863 58.5227203369141 48.7889633178711 46.0267868041992 44.8234825134277 24.3666687011719 146.252578735352 4.84408283233643 28.0597152709961 40.1997451782227 0 0 6.36857986450195 1.07408738136292 3.27526259422302 0 0 0 0 0 0
84.0810089111328 100.183586120605 53.1004486083984 72.5541915893555 9.44327163696289 54.030086517334 108.174186706543 104.142074584961 7.03659915924072 5.510178565979 7.7948055267334 0 5.69806623458862 10.4990863800049 7.06303310394287 3.51624059677124 27.8823051452637 12.7549285888672 2.24455785751343 2.75872731208801 3.51452851295471 2.80230164527893 8.80266571044922 8.66542434692383 9.47778606414795 12.3661508560181 27.325756072998 19.7351951599121 18.7337799072266 49.043830871582 48.5203666687012 19.0072803497314 25.0953025817871 51.3804092407227 33.6675415039062 37.378776550293 44.8829345703125 46.9368362426758 36.0891990661621 31.1188201904297 15.473837852478 44.8955917358398 7.75224208831787 21.4154434204102 17.2399120330811 0 0 11.7098627090454 1.11118495464325 0 0 0 0 0 0 0
25.1109294891357 99.7705383300781 101.555816650391 82.2931940555573 47.7184257507324 81.5837936401367 124.261253356934 76.9587450027466 0 3.28188490867615 12.2791776657104 10.1172428131104 25.1788749694824 28.4888153076172 8.22585010528564 19.353931427002 38.9351196289062 1.69986915588379 0 5.6907377243042 3.75593614578247 2.71907019615173 3.6252703666687 2.47950839996338 7.13542175292969 13.681957244873 42.5471687316895 22.4761352539062 28.2405815124512 41.774471282959 54.5532989501953 36.340705871582 47.1684379577637 63.5075622797012 39.4035568237305 27.4096698760986 41.7738189697266 64.3902206420898 74.9048309326172 55.315616607666 30.6780281066895 29.7530212402344 1.10399556159973 17.2392311096191 2.54439783096313 0 0 2.47210764884949 0 0 0 0 0 0 0 0
