Geospatial/Brazil_culex_q_map.asc
NCOLS 157 
NROWS 156 
XLLCORNER -74.0416666666668 
YLLCORNER -33.75 
CELLSIZE 0.25 
NODATA_value -9999 
[rows 72 to 95 of 156, columns 54 to 107 of 157]
0.383748590946198 0.383931934833527 0.214672863483429 0.162699297070503 0.291855216026306 0.213483825325966 0.366154849529266 0.445712059736252 0.309154361486435 0.503608405590057 0.257501900196075 0.164552271366119 0.220659032464027 0.226518273353577 0.194289728999138 0.297684401273727 0.531328439712524 0.663626670837402 0.741461277008057 0.655362725257874 0.528675138950348 0.292859435081482 0.233263731002808 0.159902796149254 0.152400642633438 0.235011503100395 0.142303243279457 0.104471579194069 0.160117343068123 0.144486203789711 0.211429089307785 0.343250513076782 0.373030662536621 0.387882709503174 0.437753617763519 0.45622530579567 0.423281162977219 0.464481681585312 0.486594885587692 0.505846381187439 0.571038067340851 0.582757353782654 0.568239212036133 0.573810517787933 0.565606594085693 0.562256097793579 0.56660521030426 0.555351316928864 0.567000210285187 0.599387109279633 0.59926438331604 0.601791501045227 0.597431182861328 0.552457392215729
0.635819315910339 0.223089650273323 0.20821213722229 0.180161580443382 0.223647847771645 0.305972129106522 0.3086057305336 0.58816784620285 0.363154828548431 0.515428245067596 0.529098868370056 0.326643973588943 0.213360711932182 0.206540867686272 0.191936522722244 0.251753449440002 0.279368698596954 0.584018170833588 0.721078813076019 0.640829384326935 0.70171719789505 0.437076449394226 0.230028599500656 0.179858893156052 0.174992382526398 0.255327314138412 0.210106685757637 0.291103690862656 0.305156350135803 0.350752294063568 0.319484740495682 0.37866273522377 0.395796746015549 0.535170197486877 0.537759602069855 0.508671641349792 0.435578852891922 0.499318569898605 0.502985119819641 0.532311975955963 0.559557735919952 0.631219327449799 0.571095526218414 0.578127443790436 0.567808210849762 0.550804078578949 0.556943714618683 0.556493043899536 0.558128476142883 0.572229206562042 0.548407733440399 0.562465071678162 0.562665700912476 0.538615107536316
0.582129895687103 0.32910293340683 0.255620568990707 0.180734753608704 0.218877732753754 0.55011773109436 0.519066095352173 0.575574398040771 0.49019530415535 0.443233728408813 0.799884021282196 0.481784373521805 0.358482122421265 0.191685453057289 0.262183129787445 0.283483594655991 0.318002998828888 0.638430237770081 0.658507347106934 0.587859869003296 0.496609777212143 0.551658868789673 0.329099357128143 0.363614410161972 0.326855301856995 0.333062469959259 0.279084861278534 0.222711354494095 0.333060055971146 0.453515589237213 0.497928589582443 0.520888984203339 0.581236183643341 0.658507287502289 0.552861392498016 0.470803827047348 0.446415513753891 0.477153152227402 0.48709437251091 0.473703384399414 0.619125068187714 0.672576546669006 0.60139137506485 0.593796193599701 0.565223574638367 0.706014335155487 0.539461076259613 0.5293989777565 0.548589110374451 0.611267983913422 0.494872540235519 0.48362472653389 0.559225380420685 0.54544872045517
0.326834380626678 0.268709123134613 0.419176518917084 0.452306807041168 0.382393270730972 0.725527405738831 0.771278917789459 0.61038064956665 0.46222111582756 0.440240949392319 0.765176653862 0.598399758338928 0.53709888458252 0.302926778793335 0.326788902282715 0.273543864488602 0.328434318304062 0.498342156410217 0.598699510097504 0.454447954893112 0.389521956443787 0.49026095867157 0.5092933177948 0.381360530853271 0.228386953473091 0.381575345993042 0.440720856189728 0.446378141641617 0.481947958469391 0.516947746276855 0.541538894176483 0.566735684871674 0.610417485237122 0.646893680095673 0.558800876140594 0.478805989027023 0.450400859117508 0.464621424674988 0.415221005678177 0.588948905467987 0.706605017185211 0.65680605173111 0.592470526695251 0.579882860183716 0.549494087696075 0.542657136917114 0.550688803195953 0.529261946678162 0.538889527320862 0.731514871120453 0.513690233230591 0.442727267742157 0.47309273481369 0.556532442569733
0.230690255761147 0.274301499128342 0.244616642594337 0.214777633547783 0.44854462146759 0.729878067970276 0.611637234687805 0.501308441162109 0.441682308912277 0.445108532905579 0.650241017341614 0.589835703372955 0.67055207490921 0.665317058563232 0.470836460590363 0.318455517292023 0.311503201723099 0.518543362617493 0.500106155872345 0.549566686153412 0.479786157608032 0.523187398910522 0.439424812793732 0.432697743177414 0.334413468837738 0.497555196285248 0.517614662647247 0.578876852989197 0.580844402313232 0.582559466362 0.580526232719421 0.601137578487396 0.649352192878723 0.663319408893585 0.634803235530853 0.503859221935272 0.4867362678051 0.478105872869492 0.467437595129013 0.622806072235107 0.710926830768585 0.663630962371826 0.618047893047333 0.563579559326172 0.555143594741821 0.576130151748657 0.52902752161026 0.515311777591705 0.675965368747711 0.554355978965759 0.516764104366302 0.493315607309341 0.534620940685272 0.459759473800659
0.310872495174408 0.289356142282486 0.399213701486588 0.204828515648842 0.384953945875168 0.535009980201721 0.452662259340286 0.460090458393097 0.460585922002792 0.499076128005981 0.706719219684601 0.672822713851929 0.740918040275574 0.591801404953003 0.46699732542038 0.521804332733154 0.51865565776825 0.341571003198624 0.409324735403061 0.355988144874573 0.48475655913353 0.520011067390442 0.523831307888031 0.486953526735306 0.545981585979462 0.565175533294678 0.555350065231323 0.572825014591217 0.534218609333038 0.601691663265228 0.597152531147003 0.620340645313263 0.655393958091736 0.711817860603333 0.47979062795639 0.566632509231567 0.476483255624771 0.51829206943512 0.597351789474487 0.710337698459625 0.818424701690674 0.673204243183136 0.614250540733337 0.682106673717499 0.667843639850616 0.681869387626648 0.568479418754578 0.556305408477783 0.588608503341675 0.690087080001831 0.542792320251465 0.388819575309753 0.563988268375397 0.584210693836212
-9999 0.388106554746628 0.29804128408432 0.441769659519196 0.388302356004715 0.459110081195831 0.423759669065475 0.465194642543793 0.530776798725128 0.520923793315887 0.611543238162994 0.497998595237732 0.399387210607529 0.537500500679016 0.718130886554718 0.492839515209198 0.744418740272522 0.581299364566803 0.5485520362854 0.517455875873566 0.529178977012634 0.543219268321991 0.546261250972748 0.623085379600525 0.55410623550415 0.736526489257812 0.59463781118393 0.582728087902069 0.560567498207092 0.497778415679932 0.557298719882965 0.590494990348816 0.569366216659546 0.443644553422928 0.354349672794342 0.477981597185135 0.446208834648132 0.589517414569855 0.752936542034149 0.685981929302216 0.810682952404022 0.632166802883148 0.718538761138916 0.748113811016083 0.686006665229797 0.704638421535492 0.536022663116455 0.526281535625458 0.646062016487122 0.529550313949585 0.496180474758148 0.453790336847305 0.480703473091125 0.592269957065582
-9999 0.34146511554718 0.409264147281647 0.44981187582016 0.291305422782898 0.427349388599396 0.457161754369736 0.480778336524963 0.491046875715256 0.408632516860962 0.509363949298859 0.582835912704468 0.751139163970947 0.660734534263611 0.690829336643219 0.496752321720123 0.759369134902954 0.674380302429199 0.611732661724091 0.593570411205292 0.551816463470459 0.558240950107574 0.631046533584595 0.699213981628418 0.537534236907959 0.635147094726562 0.560727834701538 0.556863963603973 0.598013520240784 0.500075459480286 0.690070033073425 0.603397488594055 0.774491548538208 0.510857343673706 0.512258648872375 0.550545752048492 0.442999929189682 0.595637381076813 0.602077841758728 0.84396094083786 0.711044013500214 0.647911190986633 0.750705480575562 0.604589819908142 0.641443192958832 0.717372417449951 0.530742347240448 0.586111187934875 0.537631213665009 0.527874529361725 0.475934058427811 0.45215117931366 0.583818078041077 0.514156579971313
-9999 0.345950305461884 0.419508248567581 0.38108679652214 0.265163958072662 0.296081691980362 0.308335512876511 0.405392676591873 0.383669793605804 0.350326776504517 0.493471592664719 0.461602061986923 0.539695143699646 0.674925446510315 0.521363317966461 0.542683720588684 0.719969093799591 0.580262422561646 0.548308610916138 0.613043785095215 0.523069202899933 0.558338224887848 0.679252982139587 0.512606263160706 0.550524175167084 0.794531404972076 0.690651416778564 0.749709129333496 0.701219916343689 0.537456154823303 0.670398712158203 0.556695520877838 0.61320698261261 0.590613305568695 0.546138823032379 0.497533291578293 0.567688405513763 0.817653000354767 0.652871429920197 0.842712998390198 0.70134449005127 0.627747535705566 0.678480207920074 0.725068986415863 0.718944191932678 0.651498913764954 0.638671338558197 0.623765528202057 0.498221844434738 0.468761712312698 0.553485333919525 0.485413879156113 0.479243636131287 0.494636446237564
0.325752347707748 0.423057198524475 0.51135390996933 0.400873631238937 0.603076159954071 0.354121625423431 0.417895287275314 0.467437148094177 0.60205090045929 0.695556044578552 0.546190559864044 0.375419974327087 0.444687396287918 0.625474512577057 0.504514336585999 0.596020460128784 0.711556434631348 0.565719366073608 0.598217904567719 0.728788733482361 0.568241894245148 0.590694785118103 0.573977172374725 0.570298790931702 0.72184681892395 0.729161858558655 0.573249101638794 0.57935631275177 0.740387856960297 0.56177830696106 0.649251818656921 0.499846756458282 0.59511536359787 0.747634530067444 0.555806636810303 0.577595710754395 0.690590262413025 0.82072114944458 0.682682752609253 0.835075378417969 0.692181348800659 0.581668436527252 0.726030588150024 0.800834119319916 0.752998352050781 0.71708357334137 0.645629465579987 0.627898454666138 0.655812323093414 0.641735672950745 0.462032228708267 0.513392806053162 0.500897645950317 0.604595422744751
-9999 0.577297151088715 0.558130145072937 0.487488448619843 0.643062710762024 0.545796811580658 0.671733140945435 0.632686913013458 0.654469132423401 0.607581555843353 0.603210508823395 0.357871055603027 0.366149693727493 0.598182141780853 0.562227547168732 0.584993243217468 0.692967891693115 0.716081082820892 0.586037814617157 0.713468551635742 0.617693245410919 0.700556397438049 0.685533106327057 0.639531016349792 0.674137711524963 0.686809659004211 0.432543516159058 0.606062769889832 0.618065237998962 0.545668601989746 0.56155276298523 0.490630775690079 0.549450993537903 0.772110283374786 0.644527077674866 0.63351720571518 0.765641212463379 0.83938592672348 0.730912744998932 0.807536363601685 0.77951991558075 0.712962806224823 0.691304087638855 0.79276043176651 0.719722270965576 0.768899619579315 0.696005940437317 0.545280456542969 0.619523882865906 0.592291414737701 0.442857265472412 0.62925261259079 0.503288447856903 0.492457330226898
-9999 0.510312616825104 0.457189381122589 0.470580816268921 0.480282008647919 0.493410497903824 0.557746350765228 0.629250764846802 0.584682881832123 0.716884195804596 0.60392439365387 0.381803840398788 0.45356297492981 0.517076730728149 0.572277426719666 0.571331918239594 0.652024447917938 0.934904098510742 0.81055611371994 0.637419104576111 0.58199280500412 0.788640201091766 0.568341612815857 0.559347212314606 0.695289134979248 0.685551702976227 0.434734374284744 0.605692088603973 0.669983267784119 0.512048065662384 0.547595381736755 0.668495297431946 0.598802983760834 0.768346786499023 0.804436564445496 0.74803215265274 0.733604311943054 0.788963198661804 0.831271767616272 0.701816320419312 0.650714576244354 0.680303931236267 0.741444945335388 0.735850095748901 0.70162045955658 0.639425992965698 0.510966002941132 0.519809126853943 0.650342881679535 0.660615801811218 0.637200772762299 0.66965240240097 0.695479273796082 0.431856751441956
-9999 0.444510012865067 0.439793884754181 0.532438039779663 0.433205425739288 0.48313170671463 0.548243522644043 0.563687443733215 0.657950222492218 0.643566071987152 0.603559970855713 0.429608464241028 0.497757375240326 0.521312952041626 0.557148456573486 0.575176119804382 0.718522608280182 0.701458930969238 0.582901835441589 0.662941157817841 0.605345904827118 0.626247763633728 0.740806221961975 0.560797095298767 0.672753691673279 0.546409845352173 0.529179096221924 0.57378488779068 0.56106424331665 0.58974951505661 0.617644965648651 0.584044575691223 0.748163104057312 0.816944718360901 0.770092487335205 0.850754737854004 0.865215599536896 0.841720581054688 0.850426912307739 0.823901951313019 0.72254091501236 0.744980931282043 0.695436596870422 0.75158154964447 0.709907472133636 0.680938184261322 0.657124519348145 0.603946805000305 0.655097424983978 0.900228917598724 0.909769177436829 0.677122831344604 0.570878505706787 0.386194407939911
-9999 0.454631149768829 0.434316217899323 0.440348207950592 0.396742671728134 0.471895307302475 0.538072049617767 0.5377357006073 0.526126325130463 0.472635328769684 0.498643428087234 0.7181715965271 0.576663255691528 0.514987647533417 0.540207028388977 0.761633813381195 0.58794355392456 0.522861182689667 0.544430136680603 0.535869777202606 0.593873083591461 0.624976933002472 0.757095038890839 0.671494126319885 0.594000399112701 0.601925432682037 0.57029789686203 0.572909355163574 0.583683609962463 0.587152719497681 0.612272560596466 0.741148233413696 0.677637100219727 0.795314967632294 0.692292034626007 0.83891749382019 0.820223689079285 0.784926354885101 0.803016364574432 0.808039724826813 0.777918040752411 0.759854137897491 0.777664661407471 0.761374413967133 0.705490708351135 0.688868820667267 0.636051654815674 0.662566244602203 0.6817946434021 0.681077539920807 0.788940787315369 0.602010369300842 0.672076523303986 0.612438261508942
-9999 -9999 -9999 -9999 -9999 -9999 -9999 -9999 -9999 0.453126847743988 0.516558468341827 0.52099472284317 0.510497152805328 0.492703288793564 0.476419985294342 0.67010086774826 0.563900291919708 0.403560310602188 0.47766837477684 0.552223086357117 0.576422870159149 0.648601531982422 0.726182520389557 0.854005336761475 0.661015808582306 0.713391065597534 0.617509663105011 0.735318005084991 0.704106330871582 0.573122978210449 0.704297065734863 0.712637722492218 0.601036906242371 0.629264652729034 0.844323635101318 0.815637826919556 0.668716967105865 0.847257971763611 0.754249572753906 0.7861607670784 0.804087936878204 0.65568596124649 0.776210606098175 0.713976800441742 0.767648935317993 0.729671955108643 0.861300468444824 0.642327666282654 0.572192072868347 0.535693168640137 0.698740124702454 0.554530918598175 0.507150053977966 0.565866649150848
-9999 -9999 -9999 -9999 -9999 -9999 -9999 -9999 0.479551672935486 0.479708433151245 0.520218431949615 0.455252587795258 0.512934327125549 0.466937810182571 0.4615358710289 0.484930217266083 0.327840387821198 0.465850234031677 0.427635043859482 0.506897151470184 0.557508409023285 0.556133031845093 0.63661539554596 0.830927073955536 0.740512847900391 0.594314694404602 0.595028698444366 0.640027761459351 0.573810160160065 0.54724794626236 0.674715459346771 0.682541251182556 0.738338887691498 0.651583075523376 0.627210021018982 0.658737182617188 0.755090534687042 0.772882640361786 0.708230495452881 0.763020992279053 0.832191586494446 0.741863489151001 0.768549084663391 0.760157763957977 0.936228632926941 0.946863412857056 0.729165375232697 0.735813081264496 0.696998119354248 0.529683589935303 0.593468725681305 0.600023031234741 0.479215860366821 0.591390907764435
-9999 -9999 -9999 -9999 -9999 -9999 -9999 -9999 0.497375041246414 0.489156574010849 0.438697040081024 0.399596303701401 0.463596493005753 0.439961463212967 0.371007442474365 0.329371631145477 0.40567073225975 0.396408408880234 0.413423001766205 0.528310120105743 0.596814930438995 0.601490795612335 0.71637088060379 0.785259544849396 0.61109048128128 0.760942220687866 0.701054692268372 0.680193960666656 0.713068425655365 0.574157655239105 0.73588365316391 0.622763991355896 0.663134872913361 0.596204280853271 0.729774594306946 0.613390505313873 0.67477536201477 0.617630183696747 0.603362023830414 0.620416939258575 0.823930859565735 0.796801090240479 0.810637474060059 0.76919037103653 0.857234537601471 0.847642004489899 0.739429473876953 0.593283414840698 0.728982150554657 0.544420480728149 0.496139645576477 0.648716807365417 0.483317852020264 0.474657386541367
-9999 -9999 -9999 -9999 -9999 -9999 -9999 -9999 -9999 0.474519044160843 0.475108236074448 0.488365858793259 0.461159914731979 0.402070045471191 0.33428281545639 0.322488039731979 0.397150814533234 0.394389003515244 0.497969001531601 0.605883896350861 0.604592502117157 0.619162380695343 0.653104901313782 0.756036520004272 0.668242454528809 0.739161491394043 0.601742625236511 0.581541121006012 0.640872240066528 0.618885159492493 0.61560332775116 0.582706928253174 0.550291180610657 0.543385028839111 0.533691883087158 0.538513958454132 0.541685700416565 0.640367984771729 0.62778651714325 0.645181894302368 0.686928510665894 0.821288466453552 0.824478268623352 0.768921673297882 0.623485505580902 0.704176723957062 0.720107316970825 0.70813798904419 0.714164972305298 0.552849888801575 0.519490361213684 0.544446587562561 0.507691383361816 0.475724130868912
-9999 -9999 -9999 -9999 -9999 -9999 -9999 -9999 -9999 0.505566298961639 0.579179286956787 0.564709603786469 0.477459251880646 0.370345085859299 0.328851133584976 0.434633731842041 0.442067623138428 0.597517371177673 0.608873546123505 0.586163520812988 0.590720534324646 0.552719593048096 0.663283288478851 0.813787639141083 0.704555153846741 0.671712040901184 0.581960678100586 0.528978109359741 0.545498013496399 0.740431904792786 0.651459634304047 0.76266086101532 0.609251499176025 0.54716682434082 0.562199532985687 0.71558427810669 0.753813624382019 0.787998199462891 0.637484014034271 0.632734060287476 0.805040121078491 0.699589788913727 0.860590636730194 0.816438853740692 0.805530428886414 0.764227211475372 0.805949568748474 0.614129364490509 0.704740345478058 0.742060720920563 0.701713800430298 0.522815644741058 0.564928591251373 0.516396522521973
-9999 -9999 -9999 -9999 -9999 -9999 -9999 -9999 -9999 -9999 -9999 0.567154467105865 0.505282640457153 0.418343186378479 0.526123642921448 0.544752597808838 0.630865693092346 0.615131914615631 0.645714998245239 0.656274914741516 0.591388702392578 0.570265173912048 0.669843018054962 0.851124227046967 0.663587391376495 0.599288284778595 0.564269363880157 0.535756766796112 0.6828892827034 0.536918640136719 0.602248907089233 0.771907329559326 0.659836888313293 0.747437715530396 0.63978374004364 0.640862166881561 0.67240846157074 0.714321136474609 0.707166910171509 0.8028724193573 0.723257660865784 0.706960916519165 0.8233602643013 0.725984394550323 0.8064945936203 0.836304128170013 0.662190496921539 0.826121509075165 0.570962071418762 0.74414598941803 0.534660160541534 0.64213216304779 0.552811443805695 0.645355939865112
-9999 -9999 -9999 -9999 -9999 -9999 -9999 -9999 -9999 -9999 -9999 0.492539972066879 0.528243064880371 0.443396329879761 0.556294858455658 0.55212140083313 0.569112539291382 0.619109749794006 0.568246781826019 0.663454413414001 0.57436591386795 0.574564933776855 0.647220611572266 0.65126246213913 0.632091581821442 0.652772068977356 0.604950308799744 0.592400908470154 0.764307141304016 0.777945101261139 0.577870607376099 0.579780042171478 0.529244422912598 0.658157110214233 0.649976670742035 0.796771109104156 0.600859463214874 0.609174966812134 0.849207580089569 0.8598193526268 0.849252223968506 0.792415976524353 0.814011514186859 0.845520973205566 0.790863692760468 0.844776034355164 0.666012346744537 0.786607205867767 0.572870969772339 0.678787350654602 0.547229409217834 0.640570044517517 0.720454931259155 0.702104091644287
-9999 -9999 -9999 -9999 -9999 -9999 -9999 -9999 -9999 -9999 -9999 -9999 0.488319903612137 0.505333662033081 0.51071709394455 0.628555238246918 0.537187337875366 0.583648443222046 0.546045541763306 0.578212022781372 0.602868139743805 0.593563854694366 0.613402009010315 0.773406565189362 0.727525770664215 0.606165647506714 0.602169573307037 0.64849591255188 0.542523622512817 0.733441293239594 0.451635301113129 0.556718826293945 0.5608029961586 0.602313935756683 0.649446845054626 0.591105043888092 0.705102741718292 0.631322741508484 0.680606782436371 0.74437415599823 0.826565563678741 0.81780081987381 0.729361474514008 0.866457402706146 0.857798397541046 0.836169123649597 0.853528618812561 0.84950178861618 0.635682880878448 0.751453518867493 0.807409822940826 0.690853834152222 0.593628883361816 0.56677919626236
-9999 -9999 -9999 -9999 -9999 -9999 -9999 -9999 -9999 -9999 -9999 -9999 0.437530785799026 0.47643306851387 0.514421999454498 0.483032435178757 0.465451210737228 0.496043413877487 0.562001287937164 0.596209049224854 0.595173895359039 0.599107503890991 0.605987727642059 0.747777879238129 0.624052405357361 0.629801690578461 0.646770298480988 0.781027615070343 0.576129019260406 0.689331293106079 0.566888570785522 0.770788550376892 0.557985663414001 0.550126373767853 0.690062820911407 0.559131860733032 0.58517861366272 0.736653685569763 0.661582708358765 0.713521480560303 0.89320981502533 0.86767566204071 0.895004570484161 0.861407935619354 0.83602100610733 0.89044314622879 0.763671100139618 0.862946689128876 0.708734452724457 0.783659338951111 0.839998781681061 0.806653261184692 0.693564176559448 0.713964521884918
-9999 -9999 -9999 -9999 -9999 -9999 -9999 -9999 -9999 -9999 -9999 0.380631983280182 0.380750596523285 0.420384615659714 0.442761033773422 0.51319819688797 0.537574708461761 0.574801027774811 0.579681515693665 0.574857354164124 0.568235874176025 0.596173644065857 0.613766431808472 0.774552822113037 0.726031005382538 0.585104882717133 0.610649406909943 0.743864059448242 0.59948605298996 0.73240339756012 0.650973200798035 0.689313530921936 0.594787955284119 0.619081377983093 0.537385880947113 0.572623670101166 0.669718205928802 0.763326406478882 0.763795614242554 0.689768552780151 0.745415925979614 0.75163209438324 0.900030970573425 0.924746692180634 0.892015159130096 0.866986513137817 0.718243539333344 0.891958832740784 0.75971931219101 0.868314445018768 0.801793396472931 0.741730451583862 0.712920546531677 0.644998610019684
