Geospatial/Brazil_banana_harvested_area.asc
NCOLS 470 
NROWS 468 
XLLCORNER -74.0004239999869 
YLLCORNER -33.7495049999942 
CELLSIZE 0.0833330000000103 
NODATA_value -9999 
[rows 248 to 278 of 468, columns 345 to 413 of 470]
3.38179564476013 2.36427998542786 2.99629521369934 6.3173680305481 3.57032203674316 0 0 0 2.1861732006073 2.74816584587097 0 3.40080165863037 32.9583396911621 39.4023628234863 21.143087387085 20.9254913330078 105.670782089233 87.0521440505981 169.471364974976 204.746355056763 116.735040664673 172.682029724121 132.044795036316 156.042618274689 79.0023193359375 56.4174041748047 27.6412868499756 15.3987951278687 1.10324788093567 0 0 0 0 0 0 0 0 1.24102771282196 1.08042085170746 0 0 2.40521669387817 1.87530815601349 3.76926136016846 3.30611610412598 6.58851909637451 4.76923036575317 22.5392951965332 27.3698348999023 4.92818880081177 3.99763321876526 9.29990947246552 6.86813402175903 8.17927360534668 10.6152124404907 28.0777435302734 18.9305114746094 0 0 0 0 0 0 0 0 1.00357913970947 1.00812697410583 0 0
1.04884254932404 5.35093307495117 5.33842039108276 1.6848212480545 4.11675596237183 3.64875769615173 3.11467266082764 1.22264873981476 3.43220520019531 3.82958126068115 3.55193471908569 17.9855327606201 40.9249038696289 34.1201248168945 0 138.450039148331 0 37.8909149169922 98.4742915630341 156.826063394547 127.517654418945 192.097608566284 170.316088676453 201.551101207733 13.7482423782349 31.2701187133789 26.5361804962158 19.4179210662842 1.69230806827545 0 0 0 0 0 0 0 0 0 1.03353333473206 0 2.1138060092926 2.25558257102966 9.33904838562012 8.69878005981445 13.1503324508667 10.4763231277466 10.2040176391602 31.1525974273682 22.2756061553955 1.83268082141876 1.4158536195755 1.02694809436798 16.5058193206787 14.7396621704102 29.5059604644775 49.6662178039551 29.9714622497559 0 0 1.03653573989868 0 0 0 0 0 1.84864413738251 0 0 0
1.06433522701263 1.44130265712738 3.90847778320312 1.80380749702454 3.75897431373596 4.96640825271606 2.21015119552612 1.92712354660034 3.06567049026489 2.28342628479004 33.6544914245605 31.3957347869873 27.2480964660645 36.8872184753418 1.37418234348297 1.25927889347076 0 20.6809387207031 73.5283930301666 188.11373090744 172.180197715759 176.196395874023 165.70442199707 406.920227050781 11.2181539535522 7.61026859283447 20.7596530914307 20.2564334869385 13.8152894973755 0 0 0 0 0 0 0 0 0 1.98499047756195 1.85174775123596 2.66561985015869 2.43515419960022 5.98222875595093 16.7681217193604 3.80482769012451 5.3884129524231 4.20912313461304 20.3152446746826 17.7265930175781 17.4788265228271 10.9729404449463 10.8418941497803 19.2991600036621 25.7060642242432 51.1151809692383 48.3066520690918 24.9130477905273 2.62582731246948 1.91727006435394 2.79249238967896 3.43716621398926 0 0 1.13156235218048 15.6074199676514 13.8420915603638 8.68460083007812 1.44330716133118 0
0 0 4.38979291915894 3.80462908744812 3.40680909156799 3.48387813568115 2.95607423782349 2.04968190193176 3.91915202140808 28.957124710083 28.2720985412598 23.8254432678223 18.2966785430908 7.64262390136719 1.28825175762177 1.20607697963715 0 165.477785110474 59.2387657165527 216.65421962738 183.669821739197 148.775283813477 794.467254638672 404.49719619751 16.4658904075623 27.4550399780273 23.9662818908691 16.8080768585205 8.64337730407715 0 0 0 0 0 0 0 0 0 0 2.074214220047 4.05186414718628 4.71766662597656 4.89543437957764 2.5785984992981 2.29205703735352 5.94299936294556 13.7543487548828 15.1973905563354 19.7381420135498 14.1402826309204 22.8696117401123 0 23.4582653045654 3.00904440879822 3.831618309021 38.6528663635254 0 2.6163158416748 3.16794562339783 2.86409950256348 2.98748755455017 0 0 22.993522644043 10.5639133453369 8.99732303619385 8.79932022094727 15.4909505844116 20.4644145965576
0 0 0 2.5041127204895 3.1758861541748 2.51969575881958 2.49768400192261 33.9025802612305 24.6367855072021 18.6155395507812 18.2260284423828 6.55294418334961 10.5854473114014 1.88120985031128 6.85498189926147 7.50213241577148 6.955970287323 0 2.86135840415955 5.1064305305481 167.639541625977 178.306121826172 508.237640380859 269.462799072266 7.63841950893402 10.9715929031372 22.166296005249 12.7178001403809 8.58623790740967 0 0 0 0 0 0 0 2.39587879180908 1.87463760375977 0 2.85003757476807 1.45781373977661 1.91019928455353 3.19625544548035 3.18598389625549 3.42971515655518 4.12624025344849 3.26095676422119 0 0 0 0 0 0 0 1.94386875629425 3.90311884880066 2.67769026756287 13.0926198959351 6.96085596084595 5.0021185874939 0 0 0 0 11.0787200927734 7.76149272918701 6.87064933776855 4.05191469192505 1.00810873508453
1.09749948978424 2.50401282310486 3.10296106338501 2.04106020927429 2.22514986991882 3.44744634628296 5.26478862762451 4.89694452285767 4.13880252838135 4.46082448959351 10.5572843551636 7.9423131942749 3.10440278053284 3.89762854576111 7.3487434387207 10.2052173614502 2.85969543457031 9.0570650100708 5.99570655822754 82.3277282714844 186.333312034607 164.788925170898 202.371215820312 182.356384277344 3.53308343887329 5.61855840682983 0 6.5037145614624 5.25524282455444 0 0 0 0 0 0 2.4350597858429 6.36876201629639 4.59611034393311 1.76329684257507 1.34380435943604 3.02397990226746 3.9115526676178 1.13842678070068 3.71958947181702 6.23694086074829 3.02343845367432 1.09824824333191 0 0 0 0 1.31423282623291 1.32782649993896 2.11391592025757 2.33873558044434 1.79026687145233 4.14530563354492 3.01208186149597 8.65101623535156 12.1837272644043 9.56898880004883 0 0 0 17.0518360137939 4.07207536697388 2.16482830047607 2.97254061698914 2.29526948928833
0 0 3.10620832443237 2.15394306182861 4.03282070159912 5.66865634918213 5.95340967178345 5.5950288772583 4.71760272979736 5.73081827163696 4.97270345687866 3.23427224159241 0 6.50428485870361 8.90115165710449 10.0832748413086 9.04751014709473 7.03188800811768 10.1920413970947 148.466842651367 281.127238273621 198.125213623047 253.338607788086 111.084060668945 8.28672790527344 2.71029424667358 0 0 1.22060930728912 0 0 0 0 0 0 3.09581732749939 4.408775806427 2.9209451675415 1.71799504756927 1.60191631317139 3.60060119628906 1.55853712558746 0 3.11510372161865 5.40620756149292 3.40688610076904 3.29204845428467 2.60833311080933 2.22951793670654 1.33794832229614 2.36184859275818 1.77059400081635 1.67398321628571 2.99271941184998 2.99755191802979 2.48502945899963 2.6453378200531 3.09085464477539 12.0562562942505 10.5533752441406 12.0018663406372 5.28032493591309 0 0 3.76341867446899 3.38646054267883 3.33211469650269 4.90636920928955 4.71666049957275
1.08096468448639 2.2188720703125 3.3269670009613 7.30876684188843 8.127028465271 7.84713220596313 7.97636079788208 7.4502444267273 7.16399431228638 0 0 2.30575489997864 1.44153499603271 4.37237358093262 8.54325675964355 10.0131359100342 7.23166990280151 12.2251071929932 12.5586757659912 135.688217163086 186.069320678711 336.031616210938 240.771987915039 117.976686239243 2.24256420135498 0 0 0 0 0 0 0 0 0 0 3.65273332595825 3.70260262489319 1.24647808074951 1.64859998226166 2.25046873092651 3.71509099006653 3.6386296749115 5.22211408615112 3.96186757087708 1.5229709148407 3.13261294364929 3.68867707252502 5.92592287063599 4.53005170822144 1.71507441997528 2.14150810241699 2.27081203460693 1.59192132949829 1.15694069862366 1.67161238193512 1.53719353675842 1.9792548418045 4.91975212097168 7.40518522262573 8.48160648345947 13.4502372741699 7.14686584472656 2.78109741210938 1.9739226102829 0 2.16362118721008 4.68575477600098 3.29863834381104 2.78710961341858
1.05279004573822 1.26914501190186 6.9813723564148 7.55473804473877 8.80871963500977 7.3345193862915 7.39327335357666 6.980064868927 1.99399399757385 0 0 0 1.14682412147522 2.87929630279541 4.49447631835938 4.69101858139038 7.53558206558228 4.44960594177246 54.3117713928223 124.496238708496 195.855427622795 78.1481094360352 246.828205108643 180.805480957031 0 0 0 0 0 0 0 0 0 0 1.8950058221817 2.95867800712585 2.75215816497803 1.63877093791962 1.50390625 0 4.77341604232788 4.81019735336304 2.26476883888245 0 0 0 3.20027899742126 2.4279203414917 1.63107717037201 1.92936909198761 4.61308479309082 1.86141848564148 1.87397885322571 0 2.34223365783691 2.61354160308838 1.37754142284393 1.91472709178925 8.98458385467529 8.18222332000732 10.3333187103271 7.39924144744873 4.85478353500366 3.30232262611389 2.32125234603882 4.28905248641968 6.28702974319458 3.67153000831604 2.59113907814026
0 2.24700331687927 0 2.76902389526367 2.18192362785339 2.52202892303467 2.68094420433044 2.38387870788574 1.97367608547211 0 0 0 1.38724148273468 1.36417603492737 1.3366619348526 1.95742738246918 3.89611315727234 3.05451846122742 53.1870536804199 113.974990844727 56.6345558166504 67.7028121948242 39.9397392272949 29.3084564208984 25.6542072296143 0 0 2.14854407310486 0 0 0 0 0 0 1.63144242763519 3.11109733581543 2.7221896648407 2.04205775260925 1.73685193061829 1.67466413974762 3.06246852874756 2.72816896438599 1.44960176944733 1.3651510477066 1.48034560680389 3.88568997383118 1.55160164833069 0 3.08154892921448 1.06576812267303 3.18416285514832 1.91188895702362 2.63667440414429 1.20708429813385 1.31767416000366 1.91991639137268 2.3868191242218 12.0176906585693 9.84135627746582 12.2745780944824 11.6111812591553 7.44014835357666 5.74589776992798 5.77542877197266 3.13158082962036 5.16759157180786 6.74584007263184 7.93862533569336 5.29263973236084
1.23362910747528 1.21082293987274 1.24807059764862 2.74003791809082 3.30299210548401 3.41948890686035 1.73736536502838 1.85690081119537 0 0 0 0 1.42043495178223 2.1950626373291 1.70955419540405 4.27884292602539 4.7894926071167 5.47875547409058 115.994506835938 49.9551315307617 63.2214164733887 89.7785034179688 22.9207286834717 17.0627307891846 19.1843414306641 0 0 0 0 0 0 0 0 3.07496094703674 4.00105619430542 4.07275247573853 2.1037015914917 5.92764568328857 3.82286286354065 1.54273331165314 2.54153084754944 3.6320595741272 2.1542820930481 1.28268361091614 1.30867171287537 2.00968384742737 2.25836873054504 0 0 0 3.50309824943542 4.84646081924438 3.39407420158386 4.9840726852417 1.84168934822083 2.53063249588013 6.47354412078857 4.51119804382324 6.3881721496582 10.9616613388062 4.15534543991089 9.34985828399658 5.13242769241333 2.94249749183655 2.74423837661743 7.70582818984985 4.56682777404785 8.31117153167725 5.11515712738037
2.35129857063293 2.76589584350586 1.57568311691284 4.448082447052 4.24979877471924 1.80506575107574 2.28059935569763 0 0 0 0 3.22191429138184 2.90452909469604 1.42906737327576 1.31205701828003 2.92024374008179 2.89005827903748 5.12607431411743 106.819625854492 55.4591484069824 57.5304870605469 82.8665313720703 5.21903276443481 6.4677267074585 8.41340065002441 0 0 0 0 0 0 0 0 1.80750417709351 1.78954112529755 11.8721208572388 7.26028442382812 1.50148856639862 2.10183835029602 2.37307715415955 2.28021454811096 3.56522369384766 0 1.28669500350952 1.79237866401672 2.47868156433105 2.35428404808044 6.49665260314941 0 1.73163533210754 0 4.03238296508789 6.42567539215088 8.08390998840332 4.51562595367432 2.50838828086853 6.53199291229248 4.51673078536987 10.6493358612061 11.9123630523682 13.2838125228882 3.09428000450134 2.02098989486694 1.40124583244324 3.18231296539307 1.48786067962646 1.6796875 7.44721078872681 5.13337516784668
0 1.04918813705444 2.38229966163635 4.41084432601929 3.65962791442871 3.25148868560791 2.04236268997192 1.58850753307343 0 0 1.37527501583099 1.28067433834076 1.00676131248474 5.55345058441162 3.07373881340027 3.20269012451172 3.55785083770752 7.47084474563599 50.2367782592773 43.9959526062012 62.3783340454102 52.4868583679199 0 0 0 0 0 0 0 0 0 0 0 1.78843545913696 1.27553355693817 8.07870674133301 8.63483047485352 2.06887435913086 1.3609299659729 3.51077556610107 6.19434309005737 16.3547267913818 4.25133085250854 3.421382188797 2.15652179718018 4.24386644363403 6.08905410766602 8.77274036407471 14.4800453186035 9.72794532775879 11.4100847244263 12.3712224960327 4.56873416900635 6.24828243255615 8.98293876647949 5.8186845779419 6.01005983352661 7.37728071212769 2.0217752456665 2.40280365943909 18.2556743621826 1.07334983348846 3.01279664039612 1.39456284046173 0 2.26374268531799 3.12588953971863 4.19891595840454 5.35279750823975
0 0 1.02676844596863 3.84547710418701 4.18433237075806 1.14842247962952 2.51273632049561 0 0 0 0 0 0 0 0 2.61268758773804 2.75651597976685 4.6875 35.1283683776855 64.8019714355469 55.3598709106445 37.7299461364746 0 0 0 0 0 0 0 0 0 0 1.16102409362793 4.07367992401123 1.33792006969452 5.91707038879395 1.54480838775635 3.59768462181091 0 0 7.19357395172119 35.1351203918457 33.9155654907227 9.90671443939209 11.1652641296387 15.5198516845703 18.2149600982666 11.5876541137695 6.41696166992188 11.2711353302002 7.36930799484253 5.15590047836304 8.81400394439697 6.49360609054565 1.81895291805267 7.14320802688599 7.47471618652344 6.7949686050415 3.11123323440552 1.34470057487488 0 0 0 0 0 0 2.65956425666809 1.48130011558533 1.30671787261963
0 0 0 0 0 1.16225838661194 1.0678071975708 0 0 0 0 0 0 0 0 1.04974031448364 2.89087748527527 3.04709386825562 43.6192817687988 38.7638511657715 71.345947265625 18.4241981506348 0 0 0 0 0 0 0 0 0 0 0 2.22185254096985 0 3.98673677444458 22.310022354126 3.97703671455383 0 3.53802633285522 13.5858240127563 40.0856895446777 33.9756851196289 8.19175243377686 8.26535415649414 4.5195255279541 4.06662225723267 2.79686903953552 4.4495906829834 9.42649459838867 34.568058013916 27.297924041748 1.73456966876984 2.5177149772644 1.46951329708099 4.52090883255005 4.07257318496704 7.13919401168823 2.07579922676086 0 0 1.26473033428192 0 1.46627330780029 0 0 1.74801468849182 1.8709796667099 1.90556454658508
0 0 1.05164968967438 0 1.20738172531128 0 0 0 0 0 0 0 1.61980473995209 2.48191475868225 1.77919852733612 0 1.91257643699646 5.71080541610718 7.91541576385498 64.9924240112305 39.850830078125 0 0 0 6.14525890350342 0 0 0 0 0 0 0 0 1.79729568958282 0 2.31457161903381 6.99093246459961 24.7620029449463 17.7228565216064 11.6664018630981 53.832706451416 38.8148078918457 18.0465431213379 11.700569152832 9.45240497589111 4.64479398727417 6.41866683959961 1.41113257408142 14.7944211959839 28.1345443725586 28.6367301940918 53.3598251342773 33.1225509643555 2.70332026481628 3.14780378341675 6.42197942733765 3.02506232261658 2.76701617240906 3.6166570186615 2.45051026344299 1.75750732421875 7.89896774291992 2.40613412857056 2.17892503738403 0 0 1.11296117305756 1.84161877632141 2.26581048965454
0 0 0 0 0 0 0 0 0 0 0 0 1.46980106830597 2.94017910957336 2.81544518470764 3.12036967277527 3.0069305896759 3.56973218917847 6.46852922439575 0 0 0 1.82097017765045 0 4.68558740615845 0 0 0 0 0 0 0 0 0 1.35111057758331 3.31070852279663 3.3015251159668 23.8776302337646 34.1873512268066 41.5897636413574 63.2483215332031 16.7577667236328 4.7278618812561 4.08980798721313 9.73636341094971 4.1894907951355 7.19029855728149 9.27402305603027 16.5440673828125 10.7888498306274 6.67052841186523 8.85527229309082 26.2806930541992 22.7767658233643 26.5065517425537 10.1662120819092 3.75561618804932 3.67455577850342 2.45977210998535 7.06029653549194 6.25938749313354 4.02791213989258 4.63223171234131 4.1650857925415 6.22125625610352 7.10150814056396 10.84654712677 1.4407411813736 1.5625
0 0 0 0 0 0 0 0 0 1.05463683605194 2.52051615715027 1.77818989753723 5.53274393081665 1.91765832901001 0 0 0 4.3921971321106 6.48899698257446 2.9561779499054 0 2.60679411888123 0 1.75862193107605 6.39607572555542 0 0 0 0 0 0 0 0 0 3.39523386955261 2.85376882553101 10.6315259933472 32.718578338623 30.7559013366699 21.5056705474854 38.4190139770508 19.584939956665 2.80824756622314 0 1.62349021434784 2.60819864273071 5.58317041397095 9.95369529724121 22.4190807342529 16.1484546661377 12.4514856338501 16.4859104156494 35.4965782165527 33.5987815856934 32.2504081726074 15.0246133804321 8.05705833435059 2.94979214668274 3.51332759857178 2.78035235404968 4.62292385101318 8.08930778503418 4.63143730163574 6.40880537033081 8.92721176147461 10.0127201080322 11.2363414764404 6.28410863876343 11.5947179794312
0 0 0 0 0 0 0 1.2802437543869 1.00772595405579 1.54599738121033 5.60851001739502 4.68141889572144 6.38436412811279 2.23111176490784 1.20516192913055 0 1.03195321559906 1.41622591018677 2.279700756073 5.63144254684448 0 0 0 3.43958306312561 7.12712097167969 0 0 0 0 0 0 0 0 0 0 5.02898502349854 10.0527715682983 4.4686918258667 3.96408295631409 1.14728093147278 0 2.2943286895752 0 0 0 0 3.21112084388733 15.7890930175781 21.7152862548828 31.357421875 14.5678720474243 13.4401025772095 33.2102394104004 54.3718032836914 21.25612449646 11.2230129241943 6.3357343673706 7.31928205490112 14.075496673584 5.89455509185791 6.1464262008667 7.60892343521118 7.36078214645386 11.885853767395 11.3802118301392 13.1267414093018 9.56017112731934 7.4850902557373 8.73647308349609
0 0 0 0 0 0 0 0 1.68401777744293 1.63754403591156 0 4.21347856521606 9.23661613464355 2.22004270553589 1.16061580181122 0 0 1.66636550426483 0 0 0 0 0 6.45626211166382 6.6754903793335 0 0 0 0 0 0 0 0 0 0 3.86579132080078 32.8649368286133 25.4161567687988 0 1.17171442508698 0 0 0 0 0 0 3.54451513290405 12.2758388519287 21.3094005584717 13.7448987960815 16.1743202209473 18.8655586242676 20.1984806060791 1.37098598480225 1.53771305084229 6.05331659317017 9.01915168762207 8.11011028289795 5.34433698654175 4.46254396438599 14.255633354187 8.75742530822754 13.5514440536499 11.8705825805664 12.3459901809692 12.0537309646606 14.4601669311523 14.7041435241699 11.6044502258301
0 0 0 0 0 1.61024582386017 2.84677934646606 1.19598197937012 1.02872669696808 1.16011619567871 0 10.372332572937 14.4725189208984 4.70492792129517 3.56826305389404 1.46736526489258 1.48683857917786 1.7826030254364 1.01350796222687 1.46339809894562 0 0 0 2.53922748565674 0 0 0 0 0 0 0 0 0 0 0 3.26085019111633 3.22305607795715 1.90805649757385 0 0 0 0 0 0 0 0 0 6.0954008102417 10.3601140975952 17.552188873291 12.7238359451294 21.226245880127 14.7563161849976 11.8068218231201 5.27456474304199 5.88119506835938 6.0259599685669 8.75894260406494 11.4748830795288 7.53770160675049 6.02051448822021 5.90407133102417 11.4913358688354 15.2769575119019 11.8619136810303 10.6111698150635 11.5978393554688 10.3321256637573 15.6473817825317
0 0 0 0 0 1.83949387073517 1.20406603813171 3.21400809288025 2.02681851387024 1.65706920623779 0 10.3173427581787 11.4495897293091 3.32900953292847 2.4669497013092 1.6222015619278 1.38592052459717 2.0478367805481 0 0 0 0 0 0 0 0 0 0 0 0 0 0 0 0 0 0 0 0 0 0 0 0 0 0 0 0 0 2.49461460113525 8.16278839111328 10.581241607666 20.2976112365723 12.6438665390015 8.80065822601318 8.08006191253662 9.42613410949707 9.37122917175293 5.14512538909912 5.53798818588257 8.24107456207275 7.15980577468872 6.33742094039917 15.0377254486084 20.7277526855469 14.2649564743042 12.6336050033569 16.4511222839355 11.0364961624146 13.9090633392334 14.001766204834
0 0 0 0 15.5507297515869 14.1033282279968 0 0 2.12229824066162 2.06917762756348 1.00234568119049 13.1521100997925 10.0168170928955 3.37539553642273 2.20688080787659 4.84872961044312 2.38990592956543 1.09986007213593 0 0 0 0 0 0 0 0 0 0 0 0 0 0 0 0 0 0 0 0 0 0 0 0 0 0 0 0 0 2.39864921569824 5.48836660385132 9.63940238952637 14.315390586853 10.8938455581665 10.644645690918 23.0082397460938 15.6704835891724 8.64205837249756 5.03448295593262 1.03531169891357 1.46404981613159 3.43637418746948 1.0144989490509 1.14106047153473 14.9756937026978 13.748119354248 15.2932748794556 10.5399560928345 9.68953704833984 16.6371841430664 8.93204498291016
0 0 0 0 12.3794512748718 0 1.71774995326996 0 3.38960480690002 0 1.65792500972748 1.46113193035126 0 2.50431394577026 3.19408917427063 4.05039644241333 0 0 0 0 0 0 0 0 0 0 0 0 0 0 0 0 0 0 0 0 0 0 0 0 0 0 0 0 1.24803376197815 0 0 13.0955057144165 7.17473459243774 7.93038654327393 10.7609968185425 8.5572566986084 6.85165214538574 57.7850112915039 39.2752952575684 20.7817211151123 0 0 1.29876601696014 1.23663377761841 1.29695165157318 0 0 15.1911020278931 12.336021900177 16.1559925079346 7.32246923446655 4.04966020584106 4.70775079727173
0 0 0 0 5.18683123588562 19.349368095398 1.04159367084503 5.06057691574097 4.7166543006897 0 4.36373710632324 0 0 1.5299859046936 1.2653214931488 1.38420605659485 1.59198033809662 0 0 0 0 0 0 0 0 0 0 0 0 0 0 0 0 0 0 0 0 0 0 0 0 0 0 0 1.28165590763092 12.5395774841309 10.2379426956177 12.7345123291016 5.84735679626465 9.28361415863037 12.3633222579956 8.37244606018066 6.56756448745728 13.264217376709 11.4943761825562 5.96408033370972 7.02402591705322 1.22640538215637 1.22035026550293 0 1.94865417480469 0 0 0 14.3738842010498 12.9906721115112 17.5491065979004 18.9069728851318 3.95168542861938
0 0 0 8.92748355865479 8.71650981903076 1.2804388999939 2.54067802429199 5.22316074371338 2.63649201393127 0 1.52545845508575 0 0 0 2.44536375999451 0 0 0 0 0 0 0 0 0 0 0 0 0 0 0 0 0 0 0 0 0 0 0 0 0 0 0 0 0 10.9317684173584 13.4464120864868 15.3769416809082 16.6702728271484 20.6770839691162 30.6331272125244 10.4513397216797 9.43588733673096 10.2569952011108 11.621753692627 8.78477573394775 6.43734216690063 2.64084959030151 0 0 0 1.487872838974 1.71244037151337 0 1.07220685482025 11.9758615493774 10.8952598571777 11.9824724197388 17.6386699676514 6.0678596496582
0 0 1.14654994010925 0 0 1.6064385175705 2.7909824848175 3.82224154472351 1.72134685516357 0 0 0 0 0 4.4529824256897 0 0 0 0 0 0 0 0 0 0 0 0 0 0 0 2.25240540504456 0 0 0 0 0 0 0 1.08502531051636 0 0 0 0 11.1290559768677 9.78534317016602 12.6077842712402 31.0746269226074 19.2206268310547 20.4597282409668 12.9092311859131 7.27592897415161 8.1137638092041 6.34778547286987 7.31260347366333 7.67032670974731 6.31290197372437 2.38599371910095 1.93614590167999 0 0 0 0 1.08709406852722 1.19853687286377 1.14047372341156 1.31204402446747 1.71262526512146 1.25734615325928 1.19751346111298
0 0 0 1.15271210670471 1.82193148136139 6.08585739135742 4.48451662063599 6.08037567138672 1.3083473443985 0 0 0 0 5.86308002471924 6.14888286590576 0 0 0 0 0 0 0 0 0 0 0 0 0 0 0 2.05619668960571 2.50266313552856 0 0 0 0 1.03233122825623 0 1.22664964199066 0 0 0 0 10.9829206466675 15.5456113815308 15.2776489257812 19.3100070953369 18.5628089904785 22.6163578033447 5.90760183334351 8.29872035980225 6.01717472076416 7.07789897918701 9.58224582672119 7.20399522781372 4.59352159500122 2.41255784034729 2.42606520652771 1.62845516204834 1.13117599487305 2.17276048660278 2.92494559288025 2.74597835540771 3.82022190093994 1.00689077377319 1.442751288414 1.12288105487823 1.24764215946198 1.58480477333069
0 0 0 0 0 0 1.274169921875 7.14621162414551 0 0 0 0 0 3.75601530075073 2.33365440368652 0 0 0 0 0 0 0 0 0 0 0 0 0 1.7119631767273 0 2.05281639099121 1.32030713558197 0 0 0 0 3.80210542678833 3.13161706924438 2.42327523231506 0 0 0 0 18.7582206726074 14.9184255599976 17.9389629364014 21.5068817138672 15.8256368637085 14.7873573303223 5.52384757995605 6.25794410705566 10.4036817550659 6.5474967956543 7.56984663009644 8.91416358947754 12.4023056030273 4.80607748031616 2.81787967681885 1.07686567306519 0 5.03463983535767 1.21111822128296 1.36524498462677 2.18874502182007 2.74043679237366 3.37830305099487 0 1.09250557422638 0
0 0 0 0 0 0 1.75638604164124 2.31031370162964 0 0 0 0 0 0 1.2489025592804 0 0 0 0 0 0 0 0 0 0 0 0 0 1.04926121234894 2.51960015296936 2.43327808380127 0 0 0 0 0 2.642991065979 3.92203640937805 2.85191917419434 1.43979644775391 1.03055202960968 0 0 20.1060981750488 17.9822826385498 21.8157730102539 23.037576675415 17.5153045654297 24.5329284667969 18.4672050476074 4.60983324050903 7.98971462249756 8.46806335449219 8.88780689239502 11.1400165557861 3.94372367858887 2.93748331069946 1.43955767154694 0 3.45532560348511 0 2.41923785209656 0 0 0 0 0 0 0
0 0 0 0 0 0 0 1.76009666919708 0 0 0 0 0 0 0 0 0 0 0 0 0 0 0 0 0 0 1.35094249248505 0 1.93779444694519 2.28341960906982 1.80011081695557 1.59966683387756 0 2.41798949241638 0 0 0 5.15896463394165 5.35108089447021 7.14434146881104 2.57667136192322 2.92734241485596 4.31019067764282 19.078857421875 20.1664848327637 23.1488399505615 22.0523071289062 23.0463447570801 5.08550357818604 6.17262268066406 9.02166080474854 8.45022296905518 9.27360725402832 3.68126893043518 2.80710387229919 1.66091346740723 0 1.02546322345734 0 1.94331312179565 3.45120811462402 1.66432988643646 0 0 0 0 0 0 0
