Geospatial/Brazil_sugarcane_harvested_area.asc
NCOLS 470 
NROWS 468 
XLLCORNER -74.0004239999869 
YLLCORNER -33.7495049999942 
CELLSIZE 0.0833330000000103 
NODATA_value -9999 
[rows 208 to 233 of 468, columns 290 to 347 of 470]
1.03532731533051 12.6951866149902 8.00652098655701 16.8712177276611 8.85764122009277 10.1505737304688 87.972635269165 67.3372330665588 5.03132605552673 5.0267790555954 3.73485839366913 12.6028965711594 12.3032350540161 6.70576167106628 0 0 0 0 2.32023549079895 2.3867495059967 3.77235054969788 0 3.56955635547638 1.43133473396301 1.56721377372742 9.25203323364258 4.41720199584961 12.7645893096924 0 0 0 0 1.39385724067688 12.2604064941406 1.33476400375366 0 0 0 4.44170475006104 2.23868203163147 6.65018236637115 188.00985622406 292.468739748001 267.224677801132 247.854637384415 234.411284565926 228.918547272682 155.077194213867 145.58056640625 74.4266204833984 74.6600799560547 115.022583007812 92.5940713882446 83.6870521306992 77.857031583786 82.9427375793457 15.9210727214813 23.7993049621582
1.28459107875824 3.225426197052 6.72248113155365 6.34008061885834 1.69261622428894 0 3.92764580249786 3.27212607860565 5.02014708518982 4.00733554363251 4.85895991325378 11.3419700860977 11.9956238269806 13.4472695589066 0 6.03607511520386 2.14716053009033 1.11958694458008 0 1.10288262367249 2.66688919067383 1.05562031269073 0 1.26726531982422 0 0 0 10.7789602279663 0 0 0 0 0 11.0807275772095 1.45520997047424 1.01045536994934 1.27311682701111 7.27969932556152 4.89531636238098 4.10260999202728 19.0004341602325 176.813446044922 306.452608585358 266.275070428848 226.647003889084 214.03550362587 187.922241210938 206.955569982529 164.864433526993 29.2129831314087 88.4850921630859 89.0915479660034 73.9277954101562 67.5899142026901 39.5526623725891 31.3124153614044 39.2789282798767 164.640800476074
3.58734798431396 2.01373410224915 4.30373752117157 0 0 0 3.69544732570648 2.2215348482132 8.19302654266357 8.22044372558594 7.97616624832153 3.3066885471344 9.97832202911377 5.45020771026611 6.1176381111145 3.42516088485718 4.93517303466797 20.8430128097534 2.61091494560242 0 1.76176941394806 0 0 0 0 0 0 0 0 0 0 0 1.26843070983887 12.8861808776855 1.05041515827179 0 3.735271692276 6.06993007659912 9.71930742263794 10.6423726081848 14.36576795578 131.466542243958 298.520274758339 193.238389968872 138.504568338394 95.6355514526367 85.8904190063477 132.651031494141 126.135144233704 86.8829026222229 84.5686848163605 104.51951956749 51.0674939155579 82.830696105957 30.7513055801392 47.8417663574219 47.1962776184082 3.50203156471252
12.9857870340347 7.5 7.5 0 0 1.13402700424194 1.04271304607391 2.79435753822327 7.23995590209961 7.72086143493652 5.06727910041809 4.79047393798828 5.54351913928986 5.64969062805176 7.83278822898865 0 1.34773707389832 5.0385913848877 0 0 0 0 0 0 0 0 0 0 0 0 0 0 30.7197999954224 47.9482879638672 37.53205037117 5.51123332977295 14.2632174491882 6.08705496788025 5.91725873947144 2.78170108795166 4.33937442302704 13.257138967514 213.807959318161 291.592187166214 288.234497785568 188.408340454102 110.56396484375 51.8587741851807 96.6144142150879 19.2745475769043 57.9769059419632 84.1885025501251 63.013032913208 97.0462951660156 37.7515029907227 62.6507308483124 10.9041194915771 2.04932022094727
5.40211522579193 3.64026761054993 0 0 1.38703441619873 3.5487802028656 4.45433390140533 6.27766680717468 7.68202376365662 7.42193818092346 4.68145966529846 9.63417339324951 12.5162334442139 2.52116632461548 3.67296659946442 0 17.3192415237427 2.7481849193573 3.70736384391785 3.81810796260834 2.44977176189423 0 0 0 0 0 0 0 0 0 0 38.6302490234375 91.8152008056641 94.7775039672852 107.461017608643 5.18766164779663 12.9100522994995 4.75316858291626 13.9598351716995 22.0273818969727 17.4105286598206 15.2921786308289 10.9762854576111 252.351640701294 172.988662719727 96.9353179931641 148.412353515625 76.3525161743164 50.8520889282227 28.3864803314209 22.9565894603729 17.7824087142944 15.9444847106934 47.7607955932617 46.2695922851562 9.44547080993652 0 0
15.48140001297 19.8078706264496 21.7301721572876 10.7729561328888 2.86711621284485 1.42835223674774 5.78449702262878 5.27562177181244 4.62242960929871 9.68705701828003 5.14161586761475 9.70450687408447 26.9399995803833 8.73201262950897 11.8226389884949 0 25.0111589431763 15.433718085289 1.78831136226654 15.2282503843307 1.63635790348053 0 0 0 0 0 0 0 0 0 28.5284557342529 7.95675897598267 83.823616027832 49.588077545166 284.355049133301 401.91446685791 265.314479827881 18.7964420318604 14.5915412902832 19.4050188064575 19.826513171196 13.5135312080383 15.6991386413574 111.79321205616 188.163360595703 178.614120483398 99.5638896226883 80.191089630127 60.6100158691406 24.628888130188 46.5654106140137 64.0949079990387 78.3831887245178 52.3727912902832 33.753059387207 6.41690063476562 26.7194321155548 22.1294479370117
9.85841798782349 20.9046654701233 20.4913530349731 11.5782928466797 3.75394582748413 11.2945662736893 4.25167083740234 3.15926718711853 3.63555312156677 6.05967807769775 5.34698152542114 10.4629125595093 11.9032926559448 58.9060215950012 12.0589504241943 7.85952711105347 0 13.0333443880081 3.82843172550201 12.6834579706192 4.76548588275909 10.6611499786377 7.56656754016876 0 0 0 0 0 5.54206895828247 5.60971987247467 15.8280763626099 34.4310297966003 29.4164428710938 68.4107913970947 102.783283233643 178.037014007568 418.040161132812 368.892364501953 8.8560221195221 5.11914777755737 4.00190663337708 1.71668612957001 34.5479971170425 98.5379333496094 98.051025390625 101.58438873291 101.38249206543 80.8550338745117 66.4395751953125 54.464542388916 44.3118591308594 35.849250793457 46.7816925048828 29.2593441009521 57.5797462463379 65.6408309936523 51.984619140625 40.2706871032715
15.3843408823013 18.880061507225 5.24167013168335 7.93467855453491 7.01457583904266 4.31468188762665 4.190016746521 4.93527483940125 5.12574672698975 5.21231126785278 7.99907565116882 12.7996377944946 12.7430944442749 5.61285781860352 12.6843068599701 15.4744366407394 1.53085267543793 20.5190920829773 26.1690807342529 5.37538027763367 4.62827324867249 3.64002859592438 0 0 0 0 0 0 10.6526415348053 56.8306999206543 107.044784545898 34.0366668701172 21.5767914056778 43.4887912273407 18.5796356201172 43.7699402570724 280.219505310059 473.576530456543 563.956268310547 123.141092538834 14.3679208755493 2.11414790153503 23.7235502004623 99.1229019165039 87.2870712280273 77.2462692260742 82.6065063476562 39.7831077575684 60.9507141113281 61.350040435791 42.3113021850586 31.165678024292 38.6085472106934 48.0628242492676 57.8937644958496 59.7783966064453 62.5671457052231 49.7825775146484
13.5828084945679 8.44421064853668 19.1087439060211 13.8985786437988 7.67302894592285 3.54254913330078 5.41470575332642 7.00160300731659 5.45766687393188 7.39452314376831 8.45717835426331 13.4609727859497 51.0587474107742 0 8.46575450897217 18.964432477951 5.21485376358032 21.3038883209229 42.6584579944611 9.22961902618408 2.86722135543823 9.06632709503174 0 0 0 0 0 0 0 14.3920516967773 24.3403549194336 119.795112609863 88.2252807617188 70.0452175140381 32.7703323364258 121.32017326355 391.395690917969 129.089498519897 1067.31253051758 62.1458103656769 17.1753222942352 9.06524729728699 71.0868163108826 98.5326843261719 100.209976196289 99.8973388671875 61.1487617492676 62.4006767272949 85.1204299926758 42.7531509399414 56.8726654052734 14.2104339599609 15.2538747787476 63.3023986816406 49.5058794021606 46.249095916748 56.3242530822754 52.5758171081543
18.6677436828613 8.99463272094727 13.037844657898 12.2798223495483 8.96511363983154 5.57014560699463 9.8922758102417 6.82011246681213 9.70668458938599 8.26731634140015 8.77221488952637 10.8196315765381 46.6954965591431 18.9237276315689 13.1551878452301 24.5268456935883 7.32743167877197 13.5489511489868 45.1711394786835 34.9624868631363 0 3.55052888393402 0 0 0 0 0 5.26741790771484 10.4683570861816 14.6503849029541 49.2340774536133 36.7676334381104 71.157018661499 70.120662689209 31.7609062194824 198.139350891113 591.023124694824 666.864295959473 1485.58652496338 101.111402511597 22.156772851944 50.5751066207886 139.604722976685 101.866157531738 85.9767150878906 69.6501617431641 86.027946472168 84.1911697387695 52.864429473877 5.939124584198 34.8367307186127 38.0866584777832 19.9913425445557 39.5963249206543 58.3503646850586 58.3127822875977 41.661319732666 31.6939754486084
18.0073909759521 18.0910186767578 18.190824508667 17.8286285400391 2.39255261421204 5.09115839004517 14.2592831850052 13.9499349594116 15.1796154975891 8.7112307548523 18.4730305671692 13.2147216796875 19.4458293914795 17.7848417758942 11.7634699344635 10.488356590271 8.3522162437439 14.8728547096252 47.9626455307007 43.7192711830139 3.6900063753128 1.0482382774353 0 0 0 0 0 0 41.9924507141113 105.326126098633 124.708920717239 61.0758476257324 23.4865579605103 70.9193334579468 50.2815132141113 249.990837097168 461.504653930664 820.958763122559 235.541374206543 89.6179275512695 20.3535842895508 68.9418849945068 43.7782278060913 80.0824074745178 193.218318939209 83.9680633544922 68.8775634765625 76.9139099121094 49.0683937072754 13.2773084640503 15.8163757324219 17.7906279563904 36.4200782775879 44.3317070007324 23.9179954528809 44.4515380859375 59.9527130126953 49.3594436645508
9.65265142917633 25.5385913848877 19.7043571472168 24.7679901123047 17.2325038909912 9.84207725524902 9.83895921707153 9.08663320541382 13.039014339447 14.3508219718933 23.6295127868652 12.6134939193726 18.6536130905151 17.6917600631714 19.8834476470947 27.5873336791992 39.187891960144 46.4785041809082 38.1453847885132 51.403205871582 7.01768827438354 4.16325426101685 0 0 2.08227944374084 6.11384773254395 0 2.62691497802734 19.4610328674316 115.762047767639 76.7400470972061 76.7431545257568 68.6193447113037 101.039587020874 113.552021026611 148.088716506958 89.4990787506104 187.799306869507 196.388069152832 91.6577224731445 12.5533781051636 24.4192361831665 107.730020523071 85.3102416992188 94.3889236450195 64.5742645263672 94.9112014770508 64.5053176879883 46.5721092224121 5.22135066986084 33.2470245361328 8.26960563659668 29.5802783966064 43.5823860168457 11.7261514663696 23.5478591918945 39.2903633117676 36.7063369750977
14.9140770435333 17.2494177818298 25.3123135566711 18.6121654510498 17.8262119293213 18.6825692653656 9.12379598617554 17.7929911613464 10.1565384864807 20.9536981582642 20.124810218811 20.3560819625854 30.59423828125 22.5094451904297 29.5941438674927 6.03134536743164 16.7873487472534 45.6183414459229 30.2272562980652 46.2777280807495 12.5 7.31060063838959 0 2.07299184799194 1.14523589611053 0 5.45351028442383 3.49786829948425 43.8287672996521 9.51922523975372 54.2044658660889 92.9850997924805 585.524703979492 693.813415527344 148.051834583282 3.06012034416199 49.2079454660416 143.63823223114 65.0380110740662 40.0684199333191 36.0950241088867 7.55760049819946 53.0921738147736 86.7962265014648 87.4661178588867 97.2686557769775 87.3810024261475 61.4590728282928 47.6148300170898 32.7713687419891 3.97404932975769 18.0543224811554 1.51816630363464 11.0154638290405 27.4591996669769 20.4522453546524 11.8260526657104 5.12015533447266
7.94403219223022 18.6260216236115 10.8221967220306 13.3733725547791 20.5328223705292 9.15231692790985 14.3343830108643 21.9107580184937 22.8635444641113 16.4742436408997 14.7002820968628 12.4007349014282 20.959888458252 17.7700052261353 7.23678267002106 18.5542025566101 7.92447185516357 21.5215983390808 5.94237875938416 13.0631341934204 1.68398416042328 3.4380214214325 4.49420619010925 6.63123679161072 1.16252648830414 0 0 11.0013561248779 18.8568067550659 35.250171661377 37.6383056640625 10.5364912748337 68.1808567047119 58.912337064743 63.4247659444809 61.067947268486 105.533272027969 85.1186349391937 106.858871459961 144.485320091248 22.1700019836426 8.77205109596252 67.4740676879883 83.9064407348633 101.785316467285 98.568298459053 43.5928363800049 53.0487098693848 39.9962692260742 37.8287086486816 0 2.54638361930847 6.20716047286987 4.9611759185791 1.31374323368073 11.0938558578491 12.3887577056885 13.8738012313843
14.2392256259918 17.7782371044159 19.2363033294678 19.5739760398865 16.5748534202576 13.6660256385803 12.5901117324829 20.4441232681274 23.9541234970093 20.0194339752197 11.9576835632324 17.1985020637512 30.7769069671631 18.6222400665283 9.68133926391602 2.7007839679718 9.46931600570679 8.55513250827789 12.9061689376831 7.10416841506958 1.38161492347717 1.37557709217072 4.98487663269043 0 0 0 4.9793199300766 1.36325979232788 0 8.37641525268555 0 1.76859974861145 31.8427155017853 94.5633113384247 104.361325025558 82.2363405227661 110.876410484314 112.938618659973 214.454453468323 164.031229972839 21.3956089019775 10.4294463396072 53.0766010284424 68.7170791625977 53.6284713745117 42.9914302825928 65.5687103271484 39.8833808898926 20.5108810663223 9.90065908432007 6.05697154998779 9.65247535705566 8.65000534057617 11.0912780761719 14.942286491394 2.45641565322876 1.3089724779129 2.7849588394165
17.9968400001526 19.9291844367981 30.7781181335449 13.3437385559082 10.3785805702209 18.3850030899048 18.4134721755981 21.9702453613281 19.490553855896 20.2532215118408 19.9766354560852 40.039831161499 21.6424989700317 9.28643989562988 8.4660587310791 4.51966428756714 16.7601089477539 3.38901853561401 6.28252744674683 9.00296998023987 5.85857534408569 4.84196519851685 3.08005142211914 0 0 2.20443224906921 1.05558133125305 0 4.59013843536377 1.3182612657547 4.85274183750153 41.932744383812 55.0059984922409 50.6827023029327 41.0492044687271 58.0481040477753 90.9782466888428 82.7026057243347 173.835037231445 35.1605195999146 34.7625942230225 3.57686805725098 21.6092169284821 9.28250741958618 24.383638381958 25.7754487991333 12.7326339483261 6.06297540664673 4.63428974151611 0 0 0 0 0 0 3.86755609512329 12.0240001678467 6.01762962341309
29.7445373535156 33.2351121902466 33.0642585754395 11.188018321991 21.58385181427 27.2756500244141 13.3047757148743 20.4411163330078 20.441330909729 17.7707018852234 32.1545143127441 23.7861819267273 10.9374998807907 27.539758682251 8.02440547943115 7.46520245075226 2.08108282089233 16.9373111724854 10.9161939620972 5.75925397872925 4.19710779190063 1.89720106124878 0 1.78739202022552 0 0 0 0 2.35638475418091 11.7821426391602 10.9532504081726 86.6086616516113 69.4826636314392 27.2194551229477 2.26297497749329 4.96968412399292 118.85133767128 37.8621833324432 11.1619300842285 3.25606799125671 1.5625 2.69691026210785 7.13458776473999 23.3173806667328 25.9303848743439 16.7161030769348 7.42875671386719 4.18975830078125 15.1380157470703 10.1180551052094 1.11023223400116 7.28176498413086 5.17188322544098 2.94739413261414 5.38708972930908 17.8119395971298 11.3885869979858 10.7423982620239
27.0623712539673 32.246356010437 24.0056686401367 6.82668948173523 10.8002138137817 19.7850852012634 13.032087802887 17.8603534698486 19.7197313308716 33.1311846971512 29.0411586761475 18.2714328765869 29.1278991699219 30.644718170166 5.0322151184082 2.17086887359619 0 12.6425085067749 21.6935691833496 37.7923240661621 7.04107093811035 0 0 0 0 1.50076413154602 0 0 0 6.59181070327759 4.79734325408936 70.6118288040161 13.5960875749588 71.8631815910339 13.0662127733231 59.2007262706757 81.6385040283203 8.84992361068726 9.03967046737671 7.21233797073364 6.6164755821228 1.7685444355011 3.16261756420135 23.9993090629578 26.6348431110382 29.2772527933121 17.3260029554367 19.5946400165558 22.1557776927948 13.0480115413666 5.10056495666504 1.25221848487854 5.59743404388428 14.6861709356308 19.9389367103577 20.6986236572266 11.5642433166504 18.7099380493164
33.1157102584839 31.4542007446289 15.7528810501099 15.6643800735474 14.4618186950684 18.2259163856506 23.8065891265869 23.7343817949295 17.9574317932129 29.4440479278564 31.4040222167969 29.2053098678589 9.86671423912048 2.42676246166229 2.98802864551544 2.37297701835632 5.22082674503326 16.2735958099365 4.56066191196442 3.12744498252869 0 1.37198114395142 6.01082372665405 1.8396532535553 1.65802264213562 2.12636423110962 1.06044256687164 0 1.33065748214722 0 43.8964805603027 66.1731271743774 38.9866485595703 112.083170890808 52.6702926158905 85.3754258155823 46.5347592830658 7.16706371307373 8.09482049942017 9.49435377120972 7.48781216144562 1.54450297355652 4.25598633289337 21.0205135345459 24.0563344955444 25.4469162225723 10.8655191659927 16.3994680643082 10.7488206624985 15.6934350728989 7.4635739326477 10.6049003601074 2.9630138874054 13.2493615150452 13.0414282083511 22.700123667717 18.934627532959 17.5331139564514
22.3872299194336 17.8120527267456 12.6978583335876 16.2216458320618 24.770149230957 16.6726341247559 30.5508803129196 10.0142488479614 22.8916435241699 38.6743507385254 24.5796778202057 11.903265953064 0 1.41423583030701 4.26901721954346 6.26752042770386 8.581955909729 12.1540801525116 8.18902397155762 7.22360372543335 0 3.46098589897156 5.26135587692261 6.09050583839417 1.19347560405731 4.87254476547241 3.88362169265747 0 15.5320463180542 0 25.4115178585052 31.88756275177 19.1445716619492 35.3513506650925 150.651288509369 121.944220542908 32.1910696029663 17.6602544784546 15.5794434547424 9.53219890594482 7.37921524047852 1.58377683162689 3.37068474292755 25.1201133728027 15.3100248575211 14.5405838489532 23.1331353187561 21.9500801563263 17.346363067627 13.0504188537598 11.782403588295 7.60122489929199 6.29352474212646 12.4563026428223 12.3777112960815 9.2076005935669 7.87563848495483 7.05419635772705
25.6253614425659 16.0718123912811 18.65358710289 36.0900230407715 33.1843063831329 38.0027558803558 20.3373191356659 19.4463672637939 27.0354442596436 29.4522476196289 17.4780554771423 0 0 2.23050713539124 6.5886082649231 5.2263298034668 9.3736492395401 3.10295057296753 18.1757583618164 0 0 1.08801162242889 1.58778369426727 2.94702911376953 5.33003616333008 4.80312204360962 5.60099279880524 2.70876288414001 16.7896661758423 5.38284063339233 28.9003796577454 11.3017392158508 6.84426975250244 9.13919639587402 129.119233131409 90.3653693199158 38.5527243614197 29.3901472091675 45.8814389705658 15.1854286193848 8.00367164611816 5.06046223640442 4.99868035316467 24.5403184890747 26.7667753696442 26.9830343723297 25.4876341819763 14.518085360527 6.37067031860352 11.1967697143555 15.5750987529755 8.99368453025818 4.97359275817871 4.8500247001648 1.72967863082886 3.02833867073059 4.90238094329834 2.03336453437805
27.7284882068634 10.0099099874496 16.5560522079468 17.0781564712524 14.6954039335251 34.1579656600952 33.8405842781067 20.365620970726 23.6467838287354 27.2880508899689 11.0301027297974 1.36767506599426 1.08475124835968 5.15603625774384 3.26330423355103 0 0 1.09489357471466 0 0 1.57825314998627 6.37393522262573 12.789012670517 4.00745582580566 4.03007245063782 11.0974506139755 9.87525844573975 1.67588675022125 5.35618090629578 0 18.1634101867676 3.48988795280457 19.3408881425858 11.0257940292358 86.9814238548279 82.2758636474609 97.903564453125 75.5934581756592 112.910427570343 76.0515007972717 17.8369674682617 7.13212847709656 5.80048298835754 29.7551536560059 16.5614113807678 8.33207511901855 6.99959850311279 6.33931541442871 5.34263181686401 2.42349743843079 3.57147359848022 1.35993015766144 2.46349883079529 1.80672895908356 3.26544570922852 2.01434969902039 4.14890480041504 2.1211245059967
10.3879890441895 8.57592868804932 11.6263408660889 8.79854583740234 15.4700195789337 56.2903320789337 32.1977972984314 18.4674797058105 16.0447216033936 12.7995901107788 8.11949825286865 2.20340514183044 3.67990219593048 9.4086207151413 2.40948915481567 0 1.0320383310318 0 0 0 4.21268701553345 8.61481642723083 3.6113588809967 2.86976480484009 8.43545150756836 7.54690837860107 1.21793365478516 0 1.69502317905426 0 2.34312558174133 3.06503570079803 1.28817629814148 16.8418706655502 90.4735078811646 95.5876865386963 55.1051082611084 131.116590499878 124.094287872314 86.3687086105347 88.1152081489563 9.24450635910034 6.22568702697754 22.5064420700073 5.85040855407715 4.07583808898926 3.70186066627502 2.07623744010925 1.31054198741913 0 3.38257622718811 0 3.49063539505005 1.3951336145401 1.03051280975342 1.40417242050171 2.08554649353027 0
30.3897817134857 18.6940627098083 9.15375232696533 12.0057377815247 14.2526197433472 22.482907295227 23.4590091705322 17.6724166870117 6.1253604888916 5.1373929977417 12.6742527484894 7.44563913345337 20.6752293109894 10.7530270814896 8.30147707462311 3.30921149253845 0 0 0 1.40013515949249 5.31302881240845 16.0991764068604 10.671199798584 1.68636047840118 3.8388524055481 0 0 0 4.31621789932251 14.9784688949585 26.1256827116013 10.3603546619415 49.7213039398193 130.930046081543 149.136966705322 84.1369476318359 64.3327445983887 133.835639953613 130.805896759033 136.753644943237 58.8250303268433 34.1331253051758 25.2131218910217 8.24031734466553 6.03396880626678 0 0 2.30413794517517 5.52501010894775 4.71713781356812 4.40062379837036 2.79346489906311 1.82636332511902 1.45068073272705 2.85317182540894 1.13829040527344 1.32247793674469 3.21879231929779
23.9894354343414 26.0744202136993 13.9776320457458 34.1431846618652 53.9016990661621 63.1132469177246 39.2876529693604 9.21231555938721 7.80419778823853 33.2204904556274 61.4860277175903 59.8230619430542 20.62300157547 12.315131187439 3.1972975730896 0 10.0737776756287 7.53328621387482 0 2.86780738830566 1.13922238349915 2.76744341850281 1.64845252037048 13.5183968544006 0 3.69678568840027 2.78690075874329 26.3333605527878 3.73516607284546 0 24.392729640007 75.7609186172485 83.5178241729736 159.907218933105 2.2236020565033 72.3447113037109 79.6628341674805 124.371936798096 124.588756561279 172.805377960205 116.267295837402 95.2242622375488 39.7445096969604 9.06262683868408 12.8296971321106 3.75049042701721 2.42920684814453 10.4161233901978 8.57153129577637 3.463534116745 2.30216884613037 1.10856103897095 1.30868864059448 4.54383897781372 4.63740110397339 1.30767059326172 1.65946793556213 20.1798000335693
16.408463716507 21.1035048961639 17.8171474933624 46.6341953277588 54.8152141571045 60.2783212661743 58.1692409515381 4.4373277425766 5.28094363212585 27.2001550197601 53.6341724395752 7.52842617034912 24.333438873291 18.741984128952 6.68960237503052 1.01428937911987 9.53390169143677 0 2.54064583778381 7.02649641036987 5.22351217269897 2.87793350219727 5.4598331451416 0 0 2.13219308853149 4.21240091323853 3.68137860298157 21.1324741840363 36.558765411377 8.91405069828033 50.0154762268066 98.3924422264099 20.6113007068634 58.8466472625732 72.7584915161133 83.8465270996094 227.290180206299 286.493457794189 294.997108459473 208.513896942139 130.182846069336 42.0895233154297 40.8711547851562 23.7352247238159 7.87162470817566 7.81495904922485 6.88997745513916 4.05088376998901 3.67215514183044 2.65390515327454 2.68164086341858 3.199786901474 2.51039004325867 29.9318740367889 81.2597618103027 93.1093902587891 40.2900247573853
