Geospatial/Brazil_soil_moisture_PM.asc
NCOLS 484 
NROWS 482 
XLLCORNER -73.9762636472426 
YLLCORNER -33.7137726130056 
CELLSIZE 0.0808483755707569 
NODATA_value -9999 
[rows 168 to 191 of 482, columns 324 to 377 of 484]
0.171922758221626 0.164314910769463 0.155160889029503 0.152150899171829 0.154150232672691 0.15847159922123 0.16260290145874 0.16260290145874 0.167306274175644 0.173108369112015 0.183149755001068 0.189014479517937 0.191038951277733 0.187474265694618 0.187474265694618 0.18059453368187 0.169009521603584 0.162853330373764 0.163017973303795 0.16545644402504 0.171689480543137 0.171689480543137 0.169031456112862 0.160683289170265 0.151538595557213 0.141262024641037 0.135355919599533 0.131472259759903 0.131472259759903 0.129953503608704 0.125987261533737 0.122978210449219 0.11968869715929 0.117949686944485 0.121297597885132 0.121297597885132 0.119997687637806 0.116164274513721 0.113751985132694 0.111459583044052 0.10882107168436 0.10882107168436 0.107814684510231 0.111400082707405 0.116318203508854 0.121807105839252 0.124924421310425 0.12602710723877 0.12602710723877 0.128359705209732 0.134837135672569 0.153169229626656 0.168952211737633 0.180668711662292
0.164415776729584 0.156538933515549 0.149991914629936 0.147719189524651 0.149332016706467 0.155004397034645 0.159121707081795 0.159121707081795 0.164757907390594 0.175031781196594 0.189098909497261 0.196429312229156 0.199940964579582 0.193427741527557 0.193427741527557 0.178528994321823 0.163306519389153 0.154944956302643 0.153776288032532 0.155568808317184 0.160617113113403 0.160617113113403 0.15826877951622 0.147741705179214 0.144137620925903 0.138509303331375 0.133434891700745 0.130574598908424 0.130574598908424 0.127956286072731 0.125025406479836 0.120213814079762 0.11644484847784 0.114857390522957 0.117718495428562 0.117718495428562 0.120122589170933 0.117349572479725 0.112082399427891 0.110536739230156 0.108499564230442 0.108499564230442 0.109795570373535 0.11634211987257 0.123013496398926 0.128759771585464 0.131249696016312 0.130250453948975 0.130250453948975 0.132621079683304 0.142902657389641 0.166899085044861 0.186608225107193 0.204447895288467
0.161510199308395 0.155867546796799 0.151306420564651 0.149645164608955 0.151593744754791 0.158472135663033 0.162897199392319 0.162897199392319 0.167700216174126 0.179893165826797 0.194388628005981 0.202197209000587 0.204409494996071 0.192456662654877 0.192456662654877 0.174351185560226 0.157871142029762 0.149446651339531 0.14938597381115 0.151885777711868 0.155100762844086 0.155100762844086 0.151192411780357 0.1415204256773 0.138798624277115 0.13539744913578 0.131421282887459 0.128525376319885 0.128525376319885 0.126209706068039 0.123564757406712 0.119051828980446 0.116298452019691 0.114885166287422 0.116782240569592 0.116782240569592 0.119404971599579 0.116672776639462 0.109951578080654 0.108862027525902 0.108414083719254 0.108414083719254 0.109513655304909 0.114989168941975 0.119941398501396 0.124737061560154 0.127762898802757 0.13040991127491 0.13040991127491 0.137283012270927 0.152289271354675 0.178458899259567 0.201979175209999 0.220510631799698
0.163041189312935 0.159341081976891 0.155995517969131 0.155435651540756 0.157318919897079 0.164713829755783 0.1693015396595 0.1693015396595 0.173344448208809 0.184209048748016 0.195030868053436 0.200456380844116 0.19922824203968 0.184959217905998 0.184959217905998 0.168656602501869 0.154771015048027 0.148362874984741 0.150051131844521 0.153310298919678 0.15347295999527 0.15347295999527 0.147890418767929 0.139217674732208 0.136811912059784 0.135119527578354 0.132483631372452 0.128154277801514 0.128154277801514 0.123846977949142 0.12203486263752 0.11847560107708 0.115005113184452 0.113351702690125 0.112701810896397 0.112701810896397 0.116512142121792 0.114281833171844 0.110069423913956 0.109525226056576 0.10893203318119 0.10893203318119 0.11042507737875 0.115590691566467 0.120520532131195 0.125048667192459 0.128584310412407 0.133354470133781 0.133354470133781 0.145192325115204 0.164388999342918 0.194031462073326 0.218869298696518 0.236461773514748
0.170534566044807 0.166447639465332 0.162934273481369 0.162866860628128 0.164473295211792 0.170509278774261 0.17499153316021 0.17499153316021 0.178460717201233 0.18720968067646 0.19397135078907 0.196051478385925 0.193277418613434 0.180096730589867 0.180096730589867 0.166948288679123 0.157702162861824 0.153969198465347 0.153911679983139 0.155463680624962 0.15196804702282 0.15196804702282 0.145151749253273 0.138770595192909 0.135362908244133 0.134212836623192 0.133766695857048 0.130166038870811 0.130166038870811 0.127727419137955 0.127405181527138 0.124303303658962 0.119291186332703 0.114581197500229 0.111696228384972 0.111696228384972 0.113787889480591 0.111472360789776 0.109220042824745 0.108577638864517 0.111214816570282 0.111214816570282 0.111958511173725 0.117501236498356 0.123455405235291 0.128103494644165 0.131046995520592 0.137872010469437 0.137872010469437 0.15312048792839 0.17916738986969 0.213905319571495 0.240004599094391 0.256504625082016
0.175693035125732 0.17144912481308 0.16923026740551 0.170310497283936 0.171834111213684 0.175679743289948 0.179590120911598 0.179590120911598 0.182333886623383 0.186471804976463 0.188084959983826 0.188200354576111 0.184035390615463 0.175897210836411 0.175897210836411 0.168628573417664 0.164615601301193 0.162107676267624 0.158110976219177 0.154994413256645 0.1488316655159 0.1488316655159 0.14281590282917 0.139045789837837 0.135496243834496 0.133917510509491 0.134766414761543 0.131074517965317 0.131074517965317 0.131663799285889 0.133687376976013 0.130576923489571 0.124912247061729 0.116922102868557 0.110455095767975 0.110455095767975 0.111944049596786 0.10883067548275 0.107780180871487 0.108563475310802 0.112003900110722 0.112003900110722 0.113961286842823 0.117875829339027 0.123739659786224 0.129294097423553 0.134073287248611 0.143803134560585 0.143803134560585 0.161144867539406 0.191167056560516 0.227438718080521 0.248058542609215 0.255378693342209
0.182678863406181 0.176193624734879 0.174337655305862 0.174068316817284 0.17589944601059 0.178892806172371 0.181653887033463 0.181653887033463 0.182974517345428 0.183230102062225 0.180673286318779 0.178689539432526 0.175175324082375 0.173784032464027 0.173784032464027 0.173700869083405 0.173844680190086 0.170845776796341 0.161235168576241 0.15161882340908 0.143016159534454 0.143016159534454 0.138246208429337 0.137202948331833 0.134963259100914 0.134005025029182 0.134099528193474 0.130627885460854 0.130627885460854 0.132632553577423 0.135467559099197 0.132632583379745 0.127077296376228 0.116735078394413 0.108484327793121 0.108484327793121 0.110675632953644 0.107812844216824 0.107215821743011 0.108119949698448 0.112974427640438 0.112974427640438 0.116539672017097 0.121379412710667 0.127720400691032 0.134612664580345 0.140205040574074 0.149335816502571 0.149335816502571 0.162719622254372 0.190730333328247 0.22316800057888 0.242621600627899 0.24646121263504
0.186292394995689 0.179218649864197 0.177420377731323 0.174423798918724 0.176059275865555 0.17910248041153 0.181189239025116 0.181189239025116 0.18079000711441 0.180948749184608 0.17832225561142 0.174166679382324 0.171610325574875 0.174812227487564 0.174812227487564 0.177828371524811 0.179836586117744 0.175022646784782 0.162621155381203 0.149548426270485 0.14087887108326 0.14087887108326 0.137205645442009 0.136459901928902 0.135110110044479 0.133573263883591 0.131851866841316 0.128435865044594 0.128435865044594 0.130876988172531 0.133254379034042 0.130323275923729 0.126014530658722 0.116327442228794 0.107737444341183 0.107737444341183 0.107444897294044 0.106003724038601 0.106125302612782 0.108144663274288 0.113738976418972 0.113738976418972 0.120174132287502 0.126571148633957 0.132680371403694 0.139793381094933 0.147645860910416 0.159211784601212 0.159211784601212 0.171880140900612 0.197566211223602 0.223558589816093 0.23597227036953 0.234175711870193
0.187195658683777 0.180259823799133 0.177706301212311 0.173165217041969 0.172875240445137 0.17515079677105 0.177045464515686 0.177045464515686 0.178010314702988 0.1778754144907 0.175150260329247 0.1699098944664 0.168347850441933 0.173579707741737 0.173579707741737 0.178261682391167 0.178940385580063 0.173004791140556 0.161109745502472 0.148121982812881 0.140540733933449 0.140540733933449 0.136627838015556 0.135766610503197 0.134384796023369 0.133282318711281 0.130365133285522 0.127243667840958 0.127243667840958 0.128077894449234 0.127587541937828 0.123836897313595 0.119698576629162 0.112574592232704 0.105967916548252 0.105967916548252 0.105290196835995 0.105693951249123 0.106216505169868 0.107610709965229 0.116697885096073 0.116697885096073 0.124390907585621 0.131895765662193 0.139761343598366 0.148821353912354 0.159633174538612 0.170542001724243 0.170542001724243 0.177566453814507 0.197782576084137 0.212505802512169 0.224019557237625 0.222950384020805
0.182469367980957 0.176647901535034 0.168586000800133 0.163159564137459 0.160124391317368 0.161382958292961 0.16414874792099 0.16414874792099 0.164779514074326 0.165287494659424 0.165257722139359 0.16367144882679 0.164179340004921 0.163909360766411 0.163909360766411 0.164560571312904 0.162077024579048 0.158509850502014 0.154998198151588 0.146866112947464 0.139964386820793 0.139964386820793 0.136197790503502 0.135011523962021 0.136182934045792 0.136441349983215 0.133712962269783 0.129539027810097 0.129539027810097 0.125508055090904 0.12153272330761 0.115097671747208 0.111016348004341 0.106176301836967 0.103444255888462 0.103444255888462 0.100649066269398 0.102197624742985 0.10485252737999 0.111703813076019 0.12451010197401 0.12451010197401 0.133508026599884 0.140021681785583 0.151969328522682 0.168359875679016 0.19075034558773 0.201717600226402 0.201717600226402 0.199585035443306 0.195341408252716 0.183479696512222 0.185918375849724 0.1841861307621
0.178514882922173 0.174336269497871 0.165543049573898 0.160594999790192 0.156047567725182 0.154825642704964 0.155934154987335 0.155934154987335 0.156945243477821 0.158036515116692 0.158528208732605 0.158168867230415 0.158710092306137 0.157601341605186 0.157601341605186 0.157898709177971 0.154512986540794 0.151888728141785 0.150555223226547 0.144947201013565 0.138919979333878 0.138919979333878 0.135929256677628 0.13458876311779 0.135846480727196 0.136689394712448 0.133991703391075 0.129909932613373 0.129909932613373 0.125621065497398 0.120738692581654 0.11322370916605 0.108733892440796 0.104443036019802 0.102265447378159 0.102265447378159 0.099658653140068 0.102389723062515 0.106491781771183 0.115367136895657 0.127975702285767 0.127975702285767 0.137416675686836 0.14371620118618 0.156317710876465 0.176028177142143 0.20176400244236 0.215468063950539 0.215468063950539 0.203708112239838 0.188467234373093 0.171388983726501 0.170265480875969 0.164310961961746
0.176437512040138 0.170935049653053 0.162184149026871 0.156945645809174 0.152169495820999 0.149887248873711 0.149604111909866 0.149604111909866 0.149166896939278 0.150600850582123 0.152020618319511 0.151452332735062 0.152400344610214 0.152358695864677 0.152358695864677 0.151888683438301 0.149165898561478 0.145757988095284 0.145884394645691 0.142805680632591 0.137867033481598 0.137867033481598 0.136102110147476 0.134440273046494 0.135507330298424 0.135367766022682 0.133733317255974 0.129939824342728 0.129939824342728 0.125116899609566 0.120493561029434 0.113339617848396 0.108515866100788 0.104543760418892 0.102096483111382 0.102096483111382 0.100077532231808 0.105010189116001 0.109380125999451 0.118496097624302 0.129427641630173 0.129427641630173 0.140402495861053 0.148520067334175 0.162871778011322 0.185423165559769 0.207751899957657 0.217970117926598 0.217970117926598 0.201650306582451 0.180205091834068 0.160502284765244 0.155568718910217 0.148633450269699
0.174764320254326 0.170556977391243 0.161001592874527 0.155807688832283 0.150768280029297 0.148077502846718 0.145461961627007 0.145461961627007 0.143937215209007 0.144634172320366 0.145716041326523 0.14497509598732 0.146298184990883 0.14618581533432 0.14618581533432 0.14543205499649 0.142377182841301 0.138672158122063 0.139127478003502 0.137419372797012 0.134507790207863 0.134507790207863 0.133442610502243 0.132433593273163 0.132975459098816 0.132532313466072 0.131292730569839 0.128588855266571 0.128588855266571 0.1240119561553 0.119250737130642 0.113505303859711 0.109416455030441 0.105674900114536 0.103482984006405 0.103482984006405 0.10341289639473 0.108947336673737 0.115019448101521 0.124060936272144 0.132436037063599 0.132436037063599 0.143705904483795 0.154495671391487 0.168525651097298 0.190476059913635 0.208152502775192 0.211258187890053 0.211258187890053 0.191680327057838 0.17173059284687 0.152615994215012 0.144202530384064 0.138132438063622
0.173476099967957 0.169954866170883 0.160372704267502 0.156263425946236 0.150581866502762 0.146648496389389 0.143290057778358 0.143290057778358 0.140797793865204 0.1398766040802 0.140522286295891 0.140388920903206 0.140809133648872 0.139971658587456 0.139971658587456 0.137668326497078 0.134071007370949 0.130519598722458 0.129274353384972 0.128561228513718 0.127646133303642 0.127646133303642 0.128245875239372 0.128676161170006 0.128200963139534 0.126963824033737 0.12641116976738 0.125577971339226 0.125577971339226 0.122760020196438 0.119114711880684 0.114448517560959 0.110646776854992 0.106882564723492 0.105260878801346 0.105260878801346 0.106680028140545 0.112055815756321 0.120637983083725 0.128158390522003 0.135583207011223 0.135583207011223 0.147182613611221 0.157980740070343 0.171205297112465 0.186580717563629 0.195125937461853 0.19297406077385 0.19297406077385 0.172510951757431 0.158037006855011 0.141923755407333 0.132585376501083 0.131771489977837
0.173083037137985 0.169524133205414 0.159737095236778 0.155613645911217 0.14994104206562 0.145735934376717 0.141585424542427 0.141585424542427 0.138701245188713 0.136975333094597 0.137619823217392 0.137047752737999 0.135009065270424 0.132976159453392 0.132976159453392 0.129744991660118 0.126348808407784 0.124034278094769 0.121734485030174 0.120567634701729 0.121628254652023 0.121628254652023 0.123975783586502 0.124549672007561 0.123669542372227 0.12193951010704 0.121923975646496 0.121448762714863 0.121448762714863 0.120654352009296 0.119078598916531 0.115677565336227 0.112357169389725 0.10957495868206 0.108943842351437 0.108943842351437 0.111705586314201 0.117820359766483 0.126568213105202 0.132284253835678 0.137330546975136 0.137330546975136 0.14896285533905 0.161720186471939 0.177707716822624 0.190949812531471 0.185957878828049 0.177116349339485 0.177116349339485 0.156288132071495 0.141996398568153 0.127909883856773 0.120361559092999 0.124273657798767
0.171469002962112 0.166630983352661 0.160784125328064 0.155255794525146 0.149021223187447 0.144482180476189 0.140575304627419 0.140575304627419 0.137011036276817 0.135290652513504 0.134934678673744 0.133387982845306 0.129192218184471 0.125502541661263 0.125502541661263 0.122385375201702 0.119903929531574 0.1191471144557 0.117131225764751 0.116172596812248 0.118163049221039 0.118163049221039 0.120608948171139 0.121298097074032 0.118747510015965 0.117144949734211 0.117464952170849 0.118764318525791 0.118764318525791 0.120752118527889 0.120860576629639 0.118315480649471 0.114472106099129 0.112104944884777 0.111471831798553 0.111471831798553 0.114738501608372 0.120978221297264 0.129879295825958 0.134234219789505 0.139444261789322 0.139444261789322 0.148488238453865 0.162455469369888 0.177792400121689 0.185941129922867 0.177595600485802 0.165140137076378 0.165140137076378 0.145711809396744 0.129705712199211 0.117915503680706 0.113792605698109 0.119433209300041
0.168923780322075 0.162437483668327 0.160038530826569 0.15288034081459 0.147392839193344 0.143322005867958 0.139668211340904 0.139668211340904 0.136555567383766 0.133555099368095 0.131228804588318 0.127873674035072 0.122796125710011 0.118116281926632 0.118116281926632 0.116554349660873 0.115975797176361 0.117112964391708 0.116790547966957 0.117089636623859 0.119512371718884 0.119512371718884 0.120377838611603 0.120479084551334 0.116860456764698 0.115147165954113 0.115924596786499 0.117486923933029 0.117486923933029 0.120094209909439 0.121277786791325 0.119590476155281 0.116378739476204 0.115968056023121 0.11624688655138 0.11624688655138 0.120178200304508 0.125999197363853 0.132270500063896 0.134582862257957 0.137790471315384 0.137790471315384 0.146694585680962 0.161642864346504 0.180762693285942 0.184972867369652 0.169927209615707 0.155536696314812 0.155536696314812 0.13356602191925 0.11906773597002 0.110393494367599 0.109622433781624 0.115783184766769
0.165770724415779 0.159953266382217 0.157548889517784 0.150633260607719 0.146655157208443 0.142496585845947 0.138919249176979 0.138919249176979 0.136280626058578 0.132873892784119 0.127599462866783 0.122769854962826 0.117421351373196 0.112646445631981 0.112646445631981 0.112237602472305 0.111835762858391 0.114021189510822 0.11653346568346 0.120028920471668 0.123286291956902 0.123286291956902 0.122447706758976 0.119988486170769 0.115496911108494 0.114119499921799 0.115535341203213 0.117555662989616 0.117555662989616 0.119585134088993 0.121102631092072 0.121398068964481 0.119367852807045 0.119617693126202 0.120913662016392 0.120913662016392 0.123412519693375 0.127362579107285 0.132329374551773 0.13241058588028 0.134818911552429 0.134818911552429 0.141936749219894 0.156504616141319 0.174022972583771 0.1723562926054 0.156341165304184 0.142300486564636 0.142300486564636 0.123844087123871 0.112099297344685 0.108265794813633 0.108696520328522 0.114868722856045
0.158901825547218 0.15480948984623 0.152933821082115 0.144088268280029 0.142972335219383 0.138437181711197 0.135591715574265 0.135591715574265 0.132384330034256 0.12705571949482 0.119472645223141 0.113905623555183 0.110158167779446 0.108042739331722 0.108042739331722 0.110687255859375 0.111358590424061 0.113010637462139 0.116527698934078 0.119674101471901 0.122741311788559 0.122741311788559 0.121320143342018 0.11726289242506 0.114180020987988 0.111957676708698 0.113279305398464 0.116772681474686 0.116772681474686 0.118739001452923 0.121709875762463 0.123903781175613 0.124136477708817 0.125291809439659 0.129550337791443 0.129550337791443 0.131397053599358 0.133969604969025 0.13466489315033 0.133136034011841 0.131808042526245 0.131808042526245 0.131618529558182 0.136329963803291 0.137727990746498 0.130736842751503 0.121561586856842 0.113683819770813 0.113683819770813 0.105693474411964 0.104725793004036 0.107976660132408 0.110347077250481 0.114927038550377
0.157571539282799 0.154071122407913 0.15140001475811 0.143681034445763 0.140747502446175 0.136781647801399 0.134535819292068 0.134535819292068 0.130468964576721 0.12401957064867 0.116988025605679 0.112055361270905 0.109125174582005 0.108679570257664 0.108679570257664 0.111500836908817 0.112583711743355 0.113412484526634 0.114894241094589 0.115629345178604 0.117118909955025 0.117118909955025 0.116180635988712 0.114088892936707 0.113896898925304 0.111731998622417 0.113145209848881 0.116759285330772 0.116759285330772 0.119235672056675 0.123042620718479 0.125076770782471 0.125978901982307 0.127024501562119 0.130593344569206 0.130593344569206 0.133472099900246 0.136251449584961 0.136462837457657 0.132068201899529 0.131932139396667 0.131932139396667 0.128481790423393 0.128098875284195 0.124782286584377 0.118152126669884 0.11261174082756 0.108100555837154 0.108100555837154 0.104606583714485 0.105680987238884 0.110272854566574 0.113881908357143 0.116944283246994
0.158658489584923 0.155381590127945 0.148184359073639 0.144244372844696 0.139658764004707 0.135623425245285 0.132949948310852 0.132949948310852 0.127806663513184 0.120972156524658 0.115298576653004 0.111541993916035 0.110547125339508 0.111436195671558 0.111436195671558 0.114654690027237 0.116089038550854 0.115755036473274 0.115246824920177 0.11289718747139 0.112379401922226 0.112379401922226 0.111873142421246 0.111678384244442 0.112455002963543 0.111694604158401 0.113618083298206 0.117081575095654 0.117081575095654 0.120236329734325 0.125037163496017 0.126175940036774 0.127031534910202 0.128586992621422 0.130982831120491 0.130982831120491 0.133690074086189 0.135797694325447 0.134262725710869 0.133164048194885 0.129968613386154 0.129968613386154 0.126948937773705 0.124018058180809 0.120398998260498 0.11498748511076 0.110148802399635 0.10765790194273 0.10765790194273 0.107087582349777 0.109204523265362 0.113832369446754 0.118351392447948 0.119615025818348
0.156202033162117 0.154181510210037 0.146038040518761 0.142587691545486 0.138386160135269 0.133194178342819 0.132055640220642 0.132055640220642 0.127813264727592 0.121397264301777 0.116446174681187 0.113571472465992 0.113819897174835 0.114838153123856 0.114838153123856 0.116903677582741 0.117653116583824 0.117196455597878 0.116836033761501 0.114382609724998 0.112316407263279 0.112316407263279 0.11105815321207 0.111126512289047 0.111677818000317 0.112786516547203 0.115304306149483 0.119186282157898 0.119186282157898 0.122323304414749 0.126015841960907 0.127108633518219 0.12809431552887 0.129146799445152 0.130573555827141 0.130573555827141 0.133217588067055 0.134945228695869 0.133014246821404 0.132722035050392 0.129116952419281 0.129116952419281 0.126325219869614 0.122387625277042 0.119173586368561 0.114361636340618 0.110237449407578 0.108909167349339 0.108909167349339 0.109606295824051 0.112360112369061 0.116439707577229 0.121685765683651 0.12302327901125
0.156825125217438 0.154548928141594 0.145071059465408 0.141607373952866 0.137061029672623 0.13360033929348 0.13190646469593 0.13190646469593 0.127722933888435 0.122352913022041 0.118800178170204 0.117280930280685 0.118329413235188 0.119178533554077 0.119178533554077 0.12057239562273 0.120378710329533 0.117892123758793 0.116620764136314 0.114217303693295 0.111809186637402 0.111809186637402 0.110525876283646 0.111142590641975 0.111883103847504 0.114308625459671 0.117208190262318 0.120298393070698 0.120298393070698 0.123576007783413 0.127252548933029 0.128562599420547 0.129852920770645 0.130020707845688 0.12909534573555 0.12909534573555 0.130636841058731 0.132155939936638 0.129725903272629 0.12957975268364 0.125350803136826 0.125350803136826 0.123558394610882 0.120098926126957 0.118640266358852 0.116397880017757 0.112755164504051 0.112801641225815 0.112801641225815 0.113470070064068 0.116782367229462 0.119574047625065 0.123270086944103 0.12524251639843
0.160998970270157 0.15693923830986 0.147761523723602 0.142669945955276 0.136295825242996 0.135611340403557 0.131426885724068 0.131426885724068 0.127075493335724 0.124281585216522 0.123400881886482 0.123300112783909 0.124931283295155 0.124299220740795 0.124299220740795 0.123542800545692 0.12203810364008 0.118785262107849 0.116820804774761 0.113326840102673 0.110148563981056 0.110148563981056 0.109117269515991 0.11077431589365 0.11278834939003 0.115737684071064 0.118107065558434 0.120260901749134 0.120260901749134 0.123463943600655 0.127288922667503 0.129118353128433 0.129623278975487 0.128985852003098 0.128592625260353 0.128592625260353 0.129823789000511 0.132187724113464 0.127869442105293 0.127144739031792 0.122776918113232 0.122776918113232 0.121227458119392 0.118765354156494 0.122222110629082 0.119277410209179 0.117383792996407 0.118820019066334 0.118820019066334 0.11815556883812 0.121931970119476 0.121678292751312 0.124064780771732 0.126198649406433
