Geospatial/Brazil_culicoides_map.asc
NCOLS 392 
NROWS 390 
XLLCORNER -74 
YLLCORNER -33.7 
CELLSIZE 0.1 
NODATA_value -9999 
[rows 240 to 263 of 390, columns 212 to 264 of 392]
0.096000000834465 0.104000002145767 0.090999998152256 0.0949999988079071 0.0740000009536743 0.06700000166893 0.0610000006854534 0.0439999997615814 0.0450000017881393 0.0480000004172325 0.0570000000298023 0.0780000016093254 0.0659999996423721 0.0799999982118607 0.146999999880791 0.149000003933907 0.152999997138977 0.108999997377396 0.090999998152256 0.100000001490116 0.149000003933907 0.157000005245209 0.177000001072884 0.128000006079674 0.130999997258186 0.112999998033047 0.118000000715256 0.126000002026558 0.109999999403954 0.133000001311302 0.137999996542931 0.142000004649162 0.149000003933907 0.131999999284744 0.180999994277954 0.179000005125999 0.164000004529953 0.158999994397163 0.162000000476837 0.199000000953674 0.187999993562698 0.206000000238419 0.158999994397163 0.0759999975562096 0.0780000016093254 0.0799999982118607 0.0750000029802322 0.120999999344349 0.108999997377396 0.06700000166893 0.0689999982714653 0.0850000008940697 0.11599999666214
0.0949999988079071 0.104999996721745 0.104000002145767 0.101000003516674 0.0729999989271164 0.0769999995827675 0.096000000834465 0.0500000007450581 0.0399999991059303 0.0879999995231628 0.115000002086163 0.141000002622604 0.140000000596046 0.133000001311302 0.17399999499321 0.156000003218651 0.137999996542931 0.096000000834465 0.0590000003576279 0.103000000119209 0.125 0.172000005841255 0.178000003099442 0.140000000596046 0.125 0.112000003457069 0.101000003516674 0.108999997377396 0.17399999499321 0.168999999761581 0.142000004649162 0.140000000596046 0.130999997258186 0.141000002622604 0.20100000500679 0.222000002861023 0.158999994397163 0.138999998569489 0.148000001907349 0.143999993801117 0.178000003099442 0.200000002980232 0.188999995589256 0.129999995231628 0.0820000022649765 0.0729999989271164 0.0710000023245811 0.063000001013279 0.119000002741814 0.0750000029802322 0.0540000014007092 0.0780000016093254 0.0900000035762787
0.0839999988675117 0.0590000003576279 0.0810000002384186 0.10700000077486 0.097000002861023 0.129999995231628 0.188999995589256 0.142000004649162 0.112000003457069 0.130999997258186 0.185000002384186 0.170000001788139 0.150000005960464 0.172999992966652 0.233999997377396 0.216000005602837 0.19200000166893 0.0979999974370003 0.0689999982714653 0.0710000023245811 0.125 0.185000002384186 0.143999993801117 0.148000001907349 0.111000001430511 0.101000003516674 0.0879999995231628 0.105999998748302 0.194999992847443 0.20100000500679 0.172000005841255 0.13400000333786 0.14300000667572 0.127000004053116 0.130999997258186 0.145999997854233 0.163000002503395 0.13400000333786 0.0949999988079071 0.090999998152256 0.111000001430511 0.101999998092651 0.115000002086163 0.126000002026558 0.0920000001788139 0.0740000009536743 0.0750000029802322 0.0649999976158142 0.0900000035762787 0.0689999982714653 0.0769999995827675 0.150000005960464 0.128000006079674
0.111000001430511 0.12899999320507 0.123000003397465 0.150000005960464 0.165000006556511 0.245000004768372 0.26800000667572 0.236000001430511 0.177000001072884 0.144999995827675 0.199000000953674 0.212999999523163 0.204999998211861 0.152999997138977 0.181999996304512 0.180999994277954 0.221000000834465 0.142000004649162 0.0710000023245811 0.0549999997019768 0.0649999976158142 0.104000002145767 0.131999999284744 0.118000000715256 0.112999998033047 0.0799999982118607 0.0869999974966049 0.104000002145767 0.150000005960464 0.148000001907349 0.158999994397163 0.162000000476837 0.114000000059605 0.123999997973442 0.130999997258186 0.141000002622604 0.168999999761581 0.123999997973442 0.0939999967813492 0.0790000036358833 0.0659999996423721 0.0759999975562096 0.0659999996423721 0.104000002145767 0.104000002145767 0.103000000119209 0.116999998688698 0.0850000008940697 0.0740000009536743 0.101999998092651 0.125 0.112999998033047 0.100000001490116
0.10700000077486 0.114000000059605 0.108999997377396 0.177000001072884 0.241999998688698 0.280000001192093 0.26800000667572 0.248999997973442 0.209000006318092 0.202999994158745 0.323000013828278 0.28999999165535 0.340999990701675 0.231000006198883 0.177000001072884 0.195999994874001 0.273000001907349 0.19200000166893 0.0989999994635582 0.05799999833107 0.0869999974966049 0.112000003457069 0.13400000333786 0.108999997377396 0.0920000001788139 0.0869999974966049 0.130999997258186 0.128000006079674 0.149000003933907 0.135000005364418 0.128000006079674 0.162000000476837 0.145999997854233 0.108000002801418 0.111000001430511 0.127000004053116 0.149000003933907 0.105999998748302 0.0869999974966049 0.0710000023245811 0.0590000003576279 0.0640000030398369 0.0529999993741512 0.0939999967813492 0.105999998748302 0.0930000022053719 0.114000000059605 0.112999998033047 0.0979999974370003 0.0900000035762787 0.0989999994635582 0.0799999982118607 0.097000002861023
0.138999998569489 0.109999999403954 0.158000007271767 0.275000005960464 0.28600001335144 0.284999996423721 0.270999997854233 0.233999997377396 0.163000002503395 0.188999995589256 0.239999994635582 0.28999999165535 0.294999986886978 0.25 0.224999994039536 0.28999999165535 0.277999997138977 0.266999989748001 0.179000005125999 0.0780000016093254 0.116999998688698 0.155000001192093 0.11599999666214 0.10700000077486 0.090999998152256 0.101999998092651 0.140000000596046 0.13400000333786 0.133000001311302 0.156000003218651 0.123999997973442 0.137999996542931 0.119999997317791 0.153999999165535 0.105999998748302 0.108000002801418 0.126000002026558 0.148000001907349 0.116999998688698 0.068000003695488 0.0799999982118607 0.0920000001788139 0.105999998748302 0.14300000667572 0.119999997317791 0.0729999989271164 0.103000000119209 0.120999999344349 0.112999998033047 0.108999997377396 0.105999998748302 0.103000000119209 0.135000005364418
0.150000005960464 0.170000001788139 0.187999993562698 0.230000004172325 0.27700001001358 0.293999999761581 0.31700000166893 0.203999996185303 0.123000003397465 0.167999997735023 0.202000007033348 0.184000000357628 0.226999998092651 0.310999989509583 0.238999992609024 0.248999997973442 0.270999997854233 0.25900000333786 0.24099999666214 0.171000003814697 0.18299999833107 0.163000002503395 0.162000000476837 0.126000002026558 0.108999997377396 0.10700000077486 0.13400000333786 0.125 0.131999999284744 0.125 0.142000004649162 0.149000003933907 0.143999993801117 0.155000001192093 0.163000002503395 0.123000003397465 0.119000002741814 0.143999993801117 0.148000001907349 0.104000002145767 0.137999996542931 0.101999998092651 0.123000003397465 0.150000005960464 0.138999998569489 0.097000002861023 0.05799999833107 0.0610000006854534 0.108999997377396 0.119000002741814 0.116999998688698 0.128000006079674 0.141000002622604
0.119999997317791 0.204999998211861 0.186000004410744 0.199000000953674 0.275000005960464 0.335999995470047 0.337999999523163 0.231000006198883 0.141000002622604 0.160999998450279 0.243000000715256 0.187000006437302 0.208000004291534 0.287999987602234 0.294999986886978 0.301999986171722 0.391000002622604 0.40599998831749 0.425000011920929 0.279000014066696 0.168999999761581 0.162000000476837 0.193000003695488 0.13400000333786 0.104999996721745 0.125 0.136999994516373 0.142000004649162 0.12899999320507 0.123000003397465 0.155000001192093 0.143999993801117 0.136999994516373 0.11599999666214 0.126000002026558 0.119000002741814 0.13400000333786 0.140000000596046 0.143999993801117 0.128000006079674 0.114000000059605 0.119999997317791 0.126000002026558 0.101000003516674 0.137999996542931 0.0839999988675117 0.0570000000298023 0.0489999987185001 0.105999998748302 0.129999995231628 0.111000001430511 0.128000006079674 0.135000005364418
0.097000002861023 0.149000003933907 0.197999998927116 0.225999996066093 0.333999991416931 0.296000003814697 0.263999998569489 0.261000007390976 0.177000001072884 0.162000000476837 0.236000001430511 0.244000002741814 0.246999993920326 0.24600000679493 0.259999990463257 0.356000006198883 0.404000014066696 0.439000010490417 0.441000014543533 0.209999993443489 0.153999999165535 0.155000001192093 0.167999997735023 0.115000002086163 0.114000000059605 0.116999998688698 0.133000001311302 0.125 0.14300000667572 0.140000000596046 0.155000001192093 0.160999998450279 0.159999996423721 0.148000001907349 0.128000006079674 0.123999997973442 0.126000002026558 0.14300000667572 0.151999995112419 0.135000005364418 0.130999997258186 0.108000002801418 0.133000001311302 0.142000004649162 0.125 0.05799999833107 0.0590000003576279 0.0599999986588955 0.0920000001788139 0.0900000035762787 0.125 0.118000000715256 0.133000001311302
0.119000002741814 0.11599999666214 0.177000001072884 0.257999986410141 0.365000009536743 0.308999985456467 0.291999995708466 0.270000010728836 0.241999998688698 0.207000002264977 0.259999990463257 0.310000002384186 0.266999989748001 0.26800000667572 0.273000001907349 0.296999990940094 0.432000011205673 0.409000009298325 0.287000000476837 0.18299999833107 0.157000005245209 0.162000000476837 0.150999993085861 0.114000000059605 0.112000003457069 0.123000003397465 0.129999995231628 0.120999999344349 0.150000005960464 0.172999992966652 0.177000001072884 0.166999995708466 0.167999997735023 0.172000005841255 0.181999996304512 0.151999995112419 0.116999998688698 0.155000001192093 0.171000003814697 0.163000002503395 0.136999994516373 0.136999994516373 0.118000000715256 0.13400000333786 0.0989999994635582 0.05799999833107 0.061999998986721 0.0640000030398369 0.0500000007450581 0.0379999987781048 0.0430000014603138 0.0790000036358833 0.129999995231628
0.141000002622604 0.133000001311302 0.158999994397163 0.244000002741814 0.363000005483627 0.40200001001358 0.337000012397766 0.331000000238419 0.28099998831749 0.31700000166893 0.261999994516373 0.328000009059906 0.291000008583069 0.264999985694885 0.296000003814697 0.303999990224838 0.351000010967255 0.40200001001358 0.261999994516373 0.175999999046326 0.128000006079674 0.172000005841255 0.119000002741814 0.105999998748302 0.10700000077486 0.109999999403954 0.136000007390976 0.130999997258186 0.122000001370907 0.145999997854233 0.140000000596046 0.149000003933907 0.187999993562698 0.167999997735023 0.151999995112419 0.127000004053116 0.112000003457069 0.129999995231628 0.152999997138977 0.151999995112419 0.138999998569489 0.143999993801117 0.146999999880791 0.123999997973442 0.101999998092651 0.0489999987185001 0.0729999989271164 0.068000003695488 0.0640000030398369 0.0640000030398369 0.0560000017285347 0.0450000017881393 0.0540000014007092
0.136000007390976 0.222000002861023 0.246999993920326 0.250999987125397 0.319999992847443 0.349000006914139 0.365000009536743 0.303999990224838 0.317999988794327 0.307000011205673 0.32600000500679 0.287000000476837 0.273999989032745 0.293000012636185 0.26800000667572 0.239999994635582 0.261000007390976 0.256999999284744 0.203999996185303 0.163000002503395 0.187000006437302 0.175999999046326 0.221000000834465 0.193000003695488 0.126000002026558 0.126000002026558 0.160999998450279 0.164000004529953 0.148000001907349 0.156000003218651 0.141000002622604 0.165999993681908 0.187000006437302 0.181999996304512 0.159999996423721 0.146999999880791 0.149000003933907 0.123999997973442 0.148000001907349 0.172000005841255 0.14300000667572 0.146999999880791 0.164000004529953 0.0930000022053719 0.0900000035762787 0.068000003695488 0.061999998986721 0.05799999833107 0.0590000003576279 0.063000001013279 0.0480000004172325 0.0520000010728836 0.0540000014007092
0.163000002503395 0.241999998688698 0.24600000679493 0.277999997138977 0.291999995708466 0.38400000333786 0.351999998092651 0.328000009059906 0.351000010967255 0.273000001907349 0.308999985456467 0.307000011205673 0.287999987602234 0.296999990940094 0.239999994635582 0.146999999880791 0.17399999499321 0.187000006437302 0.172000005841255 0.225999996066093 0.24600000679493 0.206000000238419 0.221000000834465 0.223000004887581 0.196999996900558 0.197999998927116 0.202999994158745 0.189999997615814 0.179000005125999 0.184000000357628 0.199000000953674 0.194000005722046 0.215000003576279 0.172999992966652 0.17399999499321 0.17399999499321 0.151999995112419 0.162000000476837 0.172999992966652 0.166999995708466 0.101000003516674 0.131999999284744 0.143999993801117 0.126000002026558 0.105999998748302 0.0710000023245811 0.0570000000298023 0.0509999990463257 0.0570000000298023 0.05799999833107 0.0610000006854534 0.0560000017285347 0.0710000023245811
0.170000001788139 0.209000006318092 0.252000004053116 0.238999992609024 0.223000004887581 0.28099998831749 0.337000012397766 0.314999997615814 0.382999986410141 0.351000010967255 0.321999996900558 0.211999997496605 0.202999994158745 0.188999995589256 0.159999996423721 0.225999996066093 0.243000000715256 0.178000003099442 0.24600000679493 0.298000007867813 0.273999989032745 0.254000008106232 0.305000007152557 0.268999993801117 0.289000004529953 0.307000011205673 0.312999993562698 0.246999993920326 0.216000005602837 0.203999996185303 0.216999992728233 0.19200000166893 0.184000000357628 0.188999995589256 0.214000001549721 0.178000003099442 0.184000000357628 0.163000002503395 0.145999997854233 0.163000002503395 0.114000000059605 0.120999999344349 0.137999996542931 0.116999998688698 0.127000004053116 0.0839999988675117 0.0729999989271164 0.0610000006854534 0.0780000016093254 0.0659999996423721 0.061999998986721 0.0649999976158142 0.0820000022649765
0.172000005841255 0.165999993681908 0.20100000500679 0.230000004172325 0.218999996781349 0.236000001430511 0.328999996185303 0.345999985933304 0.250999987125397 0.273000001907349 0.238000005483627 0.195999994874001 0.168999999761581 0.20100000500679 0.204999998211861 0.226999998092651 0.24099999666214 0.261000007390976 0.28999999165535 0.395000010728836 0.400000005960464 0.324000000953674 0.377000004053116 0.317999988794327 0.314000010490417 0.368000000715256 0.405000001192093 0.337000012397766 0.252999991178513 0.257999986410141 0.275999993085861 0.273999989032745 0.225999996066093 0.211999997496605 0.185000002384186 0.177000001072884 0.158000007271767 0.189999997615814 0.131999999284744 0.128000006079674 0.155000001192093 0.17399999499321 0.170000001788139 0.142000004649162 0.136999994516373 0.0989999994635582 0.0810000002384186 0.0839999988675117 0.097000002861023 0.100000001490116 0.0860000029206276 0.0509999990463257 0.0480000004172325
0.187999993562698 0.195999994874001 0.225999996066093 0.209000006318092 0.212999999523163 0.236000001430511 0.273999989032745 0.308999985456467 0.256999999284744 0.264999985694885 0.233999997377396 0.179000005125999 0.209999993443489 0.175999999046326 0.150999993085861 0.158000007271767 0.170000001788139 0.24099999666214 0.310999989509583 0.398999989032745 0.437000006437302 0.42399999499321 0.316000014543533 0.28600001335144 0.300000011920929 0.345999985933304 0.316000014543533 0.252999991178513 0.214000001549721 0.250999987125397 0.303999990224838 0.300000011920929 0.222000002861023 0.210999995470047 0.180000007152557 0.118000000715256 0.137999996542931 0.19200000166893 0.170000001788139 0.13400000333786 0.165999993681908 0.151999995112419 0.150000005960464 0.153999999165535 0.149000003933907 0.0949999988079071 0.104999996721745 0.108999997377396 0.0989999994635582 0.096000000834465 0.0560000017285347 0.0649999976158142 0.0769999995827675
0.185000002384186 0.178000003099442 0.245000004768372 0.196999996900558 0.179000005125999 0.215000003576279 0.257999986410141 0.273999989032745 0.222000002861023 0.247999995946884 0.248999997973442 0.257999986410141 0.296000003814697 0.29899999499321 0.245000004768372 0.218999996781349 0.223000004887581 0.209999993443489 0.351000010967255 0.400999993085861 0.421999990940094 0.374000012874603 0.270000010728836 0.275000005960464 0.330000013113022 0.296999990940094 0.38400000333786 0.28099998831749 0.225999996066093 0.26800000667572 0.256000012159348 0.252999991178513 0.224000006914139 0.239999994635582 0.224000006914139 0.215000003576279 0.196999996900558 0.17399999499321 0.164000004529953 0.179000005125999 0.218999996781349 0.200000002980232 0.162000000476837 0.158000007271767 0.122000001370907 0.103000000119209 0.0729999989271164 0.0590000003576279 0.0930000022053719 0.0640000030398369 0.063000001013279 0.0850000008940697 0.133000001311302
0.170000001788139 0.186000004410744 0.187000006437302 0.212999999523163 0.187000006437302 0.202000007033348 0.214000001549721 0.287999987602234 0.291000008583069 0.238999992609024 0.277999997138977 0.275000005960464 0.361999988555908 0.337999999523163 0.279000014066696 0.263000011444092 0.275999993085861 0.279000014066696 0.33500000834465 0.391999989748001 0.368999987840652 0.293999999761581 0.264999985694885 0.266999989748001 0.259999990463257 0.296999990940094 0.333999991416931 0.244000002741814 0.199000000953674 0.225999996066093 0.229000002145767 0.225999996066093 0.263999998569489 0.259999990463257 0.247999995946884 0.216999992728233 0.196999996900558 0.206000000238419 0.218999996781349 0.208000004291534 0.225999996066093 0.210999995470047 0.17399999499321 0.148000001907349 0.0769999995827675 0.0829999968409538 0.05799999833107 0.0560000017285347 0.0610000006854534 0.0610000006854534 0.063000001013279 0.123999997973442 0.13400000333786
0.224000006914139 0.179000005125999 0.158999994397163 0.18299999833107 0.193000003695488 0.194999992847443 0.202000007033348 0.239999994635582 0.279000014066696 0.261999994516373 0.238000005483627 0.224000006914139 0.233999997377396 0.312999993562698 0.284000009298325 0.230000004172325 0.238000005483627 0.25900000333786 0.293999999761581 0.388000011444092 0.352999985218048 0.305000007152557 0.28600001335144 0.238999992609024 0.231000006198883 0.25 0.282999992370605 0.231000006198883 0.196999996900558 0.181999996304512 0.225999996066093 0.236000001430511 0.231000006198883 0.230000004172325 0.218999996781349 0.217999994754791 0.167999997735023 0.190999999642372 0.230000004172325 0.210999995470047 0.207000002264977 0.202000007033348 0.193000003695488 0.120999999344349 0.0649999976158142 0.0590000003576279 0.0529999993741512 0.0599999986588955 0.0570000000298023 0.0599999986588955 0.0640000030398369 0.06700000166893 0.138999998569489
0.229000002145767 0.219999998807907 0.155000001192093 0.153999999165535 0.209999993443489 0.216999992728233 0.219999998807907 0.222000002861023 0.252999991178513 0.293000012636185 0.246999993920326 0.204999998211861 0.197999998927116 0.293999999761581 0.243000000715256 0.187000006437302 0.187999993562698 0.18299999833107 0.143999993801117 0.177000001072884 0.284000009298325 0.291000008583069 0.316000014543533 0.264999985694885 0.216999992728233 0.24600000679493 0.270999997854233 0.26800000667572 0.211999997496605 0.18299999833107 0.19200000166893 0.224000006914139 0.224000006914139 0.238999992609024 0.212999999523163 0.231000006198883 0.170000001788139 0.194999992847443 0.190999999642372 0.166999995708466 0.175999999046326 0.203999996185303 0.202000007033348 0.101000003516674 0.0790000036358833 0.0590000003576279 0.05799999833107 0.063000001013279 0.0659999996423721 0.0759999975562096 0.061999998986721 0.0689999982714653 0.0640000030398369
0.175999999046326 0.224999994039536 0.236000001430511 0.216000005602837 0.245000004768372 0.222000002861023 0.223000004887581 0.248999997973442 0.239999994635582 0.273999989032745 0.24099999666214 0.186000004410744 0.158999994397163 0.24600000679493 0.233999997377396 0.202999994158745 0.181999996304512 0.189999997615814 0.143999993801117 0.143999993801117 0.193000003695488 0.24600000679493 0.272000014781952 0.312999993562698 0.279000014066696 0.291000008583069 0.375 0.26800000667572 0.28099998831749 0.208000004291534 0.216000005602837 0.214000001549721 0.226999998092651 0.216000005602837 0.216999992728233 0.238000005483627 0.217999994754791 0.19200000166893 0.181999996304512 0.195999994874001 0.208000004291534 0.215000003576279 0.172000005841255 0.0890000015497208 0.0850000008940697 0.0599999986588955 0.0570000000298023 0.0489999987185001 0.0570000000298023 0.0799999982118607 0.0649999976158142 0.0640000030398369 0.0659999996423721
0.180999994277954 0.206000000238419 0.217999994754791 0.225999996066093 0.218999996781349 0.230000004172325 0.289000004529953 0.238000005483627 0.244000002741814 0.263000011444092 0.195999994874001 0.133000001311302 0.120999999344349 0.18299999833107 0.225999996066093 0.24600000679493 0.303000003099442 0.199000000953674 0.189999997615814 0.186000004410744 0.150999993085861 0.160999998450279 0.211999997496605 0.287000000476837 0.296999990940094 0.342999994754791 0.397000014781952 0.333999991416931 0.275000005960464 0.224000006914139 0.214000001549721 0.263999998569489 0.291000008583069 0.287000000476837 0.246999993920326 0.244000002741814 0.202000007033348 0.187000006437302 0.186000004410744 0.214000001549721 0.214000001549721 0.159999996423721 0.160999998450279 0.126000002026558 0.090999998152256 0.0590000003576279 0.0549999997019768 0.0509999990463257 0.0560000017285347 0.0570000000298023 0.0750000029802322 0.068000003695488 0.0719999969005585
0.195999994874001 0.187999993562698 0.168999999761581 0.218999996781349 0.252000004053116 0.25900000333786 0.28600001335144 0.266000002622604 0.194999992847443 0.153999999165535 0.200000002980232 0.135000005364418 0.128000006079674 0.163000002503395 0.19200000166893 0.219999998807907 0.291000008583069 0.225999996066093 0.204999998211861 0.153999999165535 0.155000001192093 0.152999997138977 0.175999999046326 0.215000003576279 0.307000011205673 0.33500000834465 0.337999999523163 0.33500000834465 0.268999993801117 0.25900000333786 0.216000005602837 0.221000000834465 0.254000008106232 0.270000010728836 0.29899999499321 0.256999999284744 0.217999994754791 0.20100000500679 0.170000001788139 0.168999999761581 0.208000004291534 0.172000005841255 0.151999995112419 0.143999993801117 0.0850000008940697 0.0560000017285347 0.046000000089407 0.046000000089407 0.0480000004172325 0.0489999987185001 0.061999998986721 0.0710000023245811 0.0729999989271164
0.168999999761581 0.163000002503395 0.165999993681908 0.202000007033348 0.212999999523163 0.224999994039536 0.279000014066696 0.229000002145767 0.137999996542931 0.196999996900558 0.153999999165535 0.137999996542931 0.130999997258186 0.157000005245209 0.162000000476837 0.250999987125397 0.303000003099442 0.259999990463257 0.149000003933907 0.149000003933907 0.168999999761581 0.196999996900558 0.209999993443489 0.206000000238419 0.195999994874001 0.174999997019768 0.175999999046326 0.238999992609024 0.282000005245209 0.259999990463257 0.218999996781349 0.214000001549721 0.248999997973442 0.214000001549721 0.23199999332428 0.206000000238419 0.218999996781349 0.184000000357628 0.170000001788139 0.172000005841255 0.171000003814697 0.179000005125999 0.153999999165535 0.125 0.101000003516674 0.05799999833107 0.0450000017881393 0.0419999994337559 0.0520000010728836 0.0529999993741512 0.061999998986721 0.0740000009536743 0.0590000003576279
