Geospatial/Brazil_coffee_harvested_area.asc
NCOLS 470 
NROWS 468 
XLLCORNER -74.000000000006 
YLLCORNER -33.7500000000032 
CELLSIZE 0.0833333333333286 
NODATA_value -9999 
[rows 297 to 323 of 468, columns 180 to 239 of 470]
-9999 -9999 -9999 -9999 -9999 -9999 -9999 -9999 -9999 -9999 -9999 -9999 0.132721200585365 0.0440774112939835 0.00599861424416304 0 0 0 0 0 0 0 0 0 0 0.025340273976326 0.0783600434660912 0.0322824940085411 0.044839408248663 0.0125278104096651 0.0263067949563265 0.0164962876588106 0.00188006274402142 0.00838050805032253 0.00138803315348923 0.00491319550201297 0 0 0.00143780210055411 0.00569529132917523 0.00146762630902231 0.00107600283809006 0.00161909370217472 0.00066219229483977 0.00470437528565526 0.00245560891926289 0.000856614380609244 0.00145141209941357 0.00317635224200785 0.00879912730306387 0.0327782034873962 0.0502192303538322 0.246110573410988 0.318993747234344 0.334523975849152 0.156681060791016 0.0539279095828533 0.0329253971576691 0.0167031269520521 0.00964387971907854
-9999 -9999 -9999 -9999 -9999 -9999 -9999 -9999 -9999 -9999 -9999 0.405183911323547 0.151990413665771 0.0607713386416435 0.0470097996294498 0 0 0 0 0 0 0 0.008120390586555 0.00234980694949627 0.00416414206847548 0.00318308314308524 0.00204772502183914 0.00904678925871849 0.0355358980596066 0.0224316548556089 0.00898049678653479 0.0358756221830845 0.0260214786976576 0.0168579872697592 0.000890807539690286 0 0.00435418728739023 0.00559297017753124 0 0.00473828753456473 0.00215411325916648 0.00300384755246341 0.00296241976320744 0.00159833778161556 0.0108244260773063 0.0103889415040612 0.00656619248911738 0.000944699684623629 0.00389687321148813 0.0121828429400921 0.0390529856085777 0.0134725347161293 0.0717873126268387 0.0353564359247684 0.0187317561358213 0.0637796744704247 0.0424266271293163 0.0117507902905345 0.00706513598561287 0.00737193692475557
-9999 -9999 -9999 -9999 -9999 -9999 -9999 -9999 -9999 -9999 -9999 0.396585732698441 0.466788351535797 0.248224124312401 0.0438843630254269 0.065730057656765 0 0 0 0 0 0.0030004654545337 0.0128980092704296 0.0309737380594015 0.0588222779333591 0.0256305709481239 0.00686390046030283 0.0666749626398087 0.080425500869751 0.0860265120863914 0.0372761972248554 0.0921672284603119 0.0108188167214394 0.020001944154501 0.0108578139916062 0 0.0267707072198391 0.0121222669258714 0.00256146886385977 0 0.0199820417910814 0.0079123554751277 0.0087481290102005 0.00959000736474991 0.014742442406714 0.0201260354369879 0.0223529078066349 0.0087036956101656 0.0156751461327076 0.0149614876136184 0.0530499182641506 0.0159462168812752 0.0194741003215313 0.0067109540104866 0.0172571819275618 0.044586569070816 0.0201362147927284 0.010576544329524 0.00913991872221231 0.00675962725654244
-9999 -9999 -9999 -9999 -9999 -9999 -9999 -9999 -9999 -9999 -9999 0.1966862231493 0.280048668384552 0.120791859924793 0.128028035163879 0.091477133333683 0 0 0 0 0.00522709311917424 0.0337130427360535 0.0255597662180662 0.0609061382710934 0.0430718064308167 0.0431240275502205 0.0260662622749805 0.144574597477913 0.0640156790614128 0.0461486130952835 0.0315743833780289 0.0126437461003661 0.00225030351430178 0 0.0065751327201724 0.00359438708983362 0.0537037402391434 0 0 0.00133763672783971 0 0.00128330558072776 0.0271140933036804 0.0102000134065747 0.0279561281204224 0.0093780942261219 0.00524079706519842 0.0166107956320047 0.0115216346457601 0.00891469605267048 0.055786419659853 0.0103906383737922 0.00850802753120661 0.00725758634507656 0.0103591652587056 0.0151259554550052 0.00983050372451544 0.0124153150245547 0.00930321495980024 0.00901240203529596
-9999 -9999 -9999 -9999 -9999 -9999 -9999 -9999 -9999 -9999 -9999 -9999 0.454084455966949 0.284068554639816 0.0704074129462242 0.0348667092621326 0.00710238795727491 0 0 0.00629570288583636 0.0181991867721081 0.0581775940954685 0.0746781155467033 0.0485926978290081 0.13642854988575 0.0504596196115017 0.0613062605261803 0.0716436579823494 0.0580029748380184 0.0652585551142693 0.152329340577126 0.0447120703756809 0 0.0194886531680822 0.00838972441852093 0.0083842221647501 0.0360840819776058 0.00101243355311453 0 0 0.000722529599443078 0.00925923697650433 0.0368632934987545 0.02458824403584 0.025474539026618 0.0316896215081215 0.053403940051794 0.0421253256499767 0.0221060998737812 0.0159683115780354 0.0234088320285082 0.0105913812294602 0.0106081748381257 0.00892117526382208 0.00992046948522329 0.0160151533782482 0.0127314012497663 0.00773443700745702 0.0088147884234786 0.00925965141505003
-9999 -9999 -9999 -9999 -9999 -9999 -9999 -9999 -9999 -9999 -9999 -9999 -9999 -9999 0.118747040629387 0.111976213753223 0.0308253690600395 0.00873177126049995 0.0071177133359015 0.00644637877121568 0.0398800782859325 0.0495122447609901 0.12954780459404 0.144313856959343 0.228549629449844 0.0476956926286221 0.0727071091532707 0.178623408079147 0.0548966266214848 0.150804057717323 0.256475061178207 0.0429620631039143 0.0118344584479928 0.00610239198431373 0.0182393472641706 0 0.00669291289523244 0.00553145352751017 0.00425431923940778 0.00226259767077863 0.0242413748055696 0.0233536008745432 0.0667755380272865 0.022113561630249 0.0360852815210819 0.0631180554628372 0.0498153455555439 0.0655304864048958 0.0394599698483944 0.0594420880079269 0.0486887097358704 0.0249996334314346 0.0142956152558327 0.0103596672415733 0.00921713095158339 0.0165705159306526 0.010575502179563 0.00875274930149317 0.00500562414526939 0.0107711395248771
-9999 -9999 -9999 -9999 -9999 -9999 -9999 -9999 -9999 -9999 -9999 -9999 0.0343003161251545 0.0769238173961639 0.175055414438248 0.14516718685627 0.0416001081466675 0.0264584682881832 0.00998255051672459 0.0832809880375862 0.0424119047820568 0.0868224278092384 0.109472341835499 0.0639103353023529 0.117580592632294 0.350595235824585 0.0614341981709003 0.246017426252365 0.0598609298467636 0.0295608025044203 0.217526644468307 0.266946583986282 0.0557801462709904 0.0875922590494156 0.0244375765323639 0.0157934911549091 0 0.00304238265380263 0.00260754441842437 0.00933056231588125 0.0144916670396924 0.164954319596291 0.0325935296714306 0.025972630828619 0.0445947609841824 0.0294429194182158 0.0449927933514118 0.0584601759910583 0.0731385797262192 0.0551359318196774 0.0496535897254944 0.031085317954421 0.00790935754776001 0.0109517555683851 0.0286593604832888 0.0275713745504618 0.0164280422031879 0.0110884634777904 0.0073569780215621 0.0163713153451681
-9999 -9999 -9999 -9999 -9999 -9999 -9999 -9999 -9999 -9999 -9999 0.122920520603657 0.14835000038147 0.119302600622177 0.137983441352844 0.0982001572847366 0.0578825064003468 0.0325265489518642 0.00607693800702691 0.0204121358692646 0.0351894609630108 0.0854332968592644 0.0808018445968628 0.0918580368161201 0.149890378117561 0.590667366981506 0.271907657384872 0.24724854528904 0.047224547713995 0.0559601671993732 0.219528317451477 0.306659907102585 0.196427404880524 0.246917739510536 0.0428394600749016 0.0245779324322939 0.00669318996369839 0.00185371609404683 0.0102020455524325 0.00143810699228197 0.084262490272522 0.0238552503287792 0.0384044833481312 0.0339887961745262 0.0766676738858223 0.0759861469268799 0.0639994144439697 0.059556882828474 0.0927541926503181 0.0547748729586601 0.0447430200874805 0.136641308665276 0.0403450578451157 0.0249999091029167 0.0334764644503593 0.0380489453673363 0.0372976996004581 0.0244484487921 0.0133613804355264 0.0330532751977444
-9999 -9999 -9999 -9999 -9999 -9999 -9999 -9999 -9999 -9999 0.109755575656891 0.199126914143562 0.152204260230064 0.235898032784462 0.195440143346786 0.0508956275880337 0.0702283307909966 0.0412929318845272 0.0869167447090149 0.068423442542553 0.0776838213205338 0.0128722013905644 0.0210520476102829 0.0405022613704205 0.234064131975174 0.122616313397884 0.365576684474945 0.168248444795609 0.15285849571228 0.0276895370334387 0 0.19111555814743 0.20921416580677 0.0239534582942724 0.0450136251747608 0.037252988666296 0.00927965249866247 0.0162013955414295 0.0297211837023497 0.023235447704792 0.0489099808037281 0.055464182049036 0.168285951018333 0.209379345178604 0.0380541495978832 0.0566219724714756 0.135313525795937 0.0824785456061363 0.0922899320721626 0.133741468191147 0.110855594277382 0.0426240228116512 0.127216666936874 0.107852786779404 0.0672977045178413 0.0506283938884735 0.0375999547541142 0.0329896472394466 0.038451075553894 0.0425268523395061
-9999 -9999 -9999 -9999 -9999 -9999 -9999 -9999 -9999 -9999 0.23801401257515 0.109539940953255 0.205288261175156 0.0780673325061798 0.109609499573708 0.0334754623472691 0.0366093330085278 0.0534427389502525 0.0455125235021114 0.01223399117589 0.0134093761444092 0.0240012668073177 0.010049563832581 0.0608344562351704 0.0725786238908768 0.0259732436388731 0.278194308280945 0.060820933431387 0.0094925370067358 0 0 0 0.108253225684166 0.140167608857155 0.0638298243284225 0.0225878693163395 0 0.0254768244922161 0.0835796073079109 0.0665692239999771 0.105770356953144 0.0166143029928207 0.133568033576012 0.211907103657722 0.0617839060723782 0.120249219238758 0.104016847908497 0.124971702694893 0.182653948664665 0.146346032619476 0.19456122815609 0.102141171693802 0.15183524787426 0.180263996124268 0.0146172074601054 0.05906081199646 0.0504978559911251 0.0471705794334412 0.0459949634969234 0.0230459291487932
-9999 -9999 -9999 -9999 -9999 -9999 -9999 -9999 -9999 -9999 -9999 0.0866778641939163 0.157369270920753 0.0543651804327965 0.0306255556643009 0.0209769178181887 0.0170717816799879 0.0190452542155981 0.0635709017515182 0 0 0 0 0 0 0 0 0.00687767891213298 0 0 0 0 0 0.0593510866165161 0.112191781401634 0.0873482674360275 0.00475375866517425 0.0534014292061329 0.0835285484790802 0.0275820791721344 0.090765468776226 0.114170104265213 0.127718701958656 0.17419408261776 0.208399251103401 0.216367110610008 0.239147916436195 0.297762989997864 0.618710696697235 0.320209860801697 0.246597021818161 0.121363699436188 0.192733362317085 0.210302948951721 0.14926840364933 0.0291345454752445 0.0484454929828644 0.0586094856262207 0.0332809798419476 0.0484353601932526
-9999 -9999 -9999 -9999 -9999 -9999 -9999 -9999 -9999 -9999 -9999 -9999 0.0554598607122898 0.0419011525809765 0.00564884254708886 0.00856047961860895 0.0252681244164705 0.0762582793831825 0 0 0 0 0 0 0 0 0 0 0 0 0 0 0 0.0892069265246391 0.139221340417862 0.0342384576797485 0.00581392413005233 0.0139351086691022 0.069245882332325 0.113659456372261 0.0729830041527748 0.0615619346499443 1.02247047424316 0.467249423265457 0.471450328826904 0.377202212810516 0.640866994857788 0.728259742259979 0.994918167591095 1.14559030532837 0.306444227695465 0.178908333182335 0.0138409659266472 0.225301161408424 0.148297116160393 0.065249353647232 0.0334568358957767 0.0626617074012756 0.0365829989314079 0.0411101207137108
-9999 -9999 -9999 -9999 -9999 -9999 -9999 -9999 -9999 -9999 -9999 -9999 0.0337992645800114 0.0380131490528584 0.0177228394895792 0.00818251073360443 0.0281795505434275 0.00924954377114773 0 0 0 0 0 0 0 0 0 0 0 0 0 0 0.0727689564228058 0.122858323156834 0.0294450167566538 0.0427770838141441 0.0769863724708557 0.0386022813618183 0.104188822209835 0.0436415039002895 0.146785005927086 0.341000229120255 0.588643968105316 0.907182455062866 0.884272038936615 0.619087338447571 1.04138004779816 1.04609107971191 1.16806697845459 2.5456702709198 0.970525681972504 0.309278517961502 0.339482992887497 0.322118639945984 0.166184261441231 0.140594154596329 0.0292196273803711 0.0532215163111687 0.0692580863833427 0.0569607093930244
-9999 -9999 -9999 -9999 -9999 -9999 -9999 -9999 -9999 -9999 -9999 -9999 0.0270116794854403 0.0734829977154732 0.0546836666762829 0.0274174548685551 0.0825917273759842 0.00881886947900057 0 0 0 0 0 0 0 0 0 0 0 0 0 0.0074949455447495 0.0623234026134014 0.14929173886776 0.13145437836647 0.0492325089871883 0.024377005174756 0.0923620611429214 0.178722590208054 0.495651423931122 0.248987346887589 0.50934249162674 1.9607800245285 0.634267807006836 1.63825643062592 1.08871746063232 1.0949285030365 0.916729390621185 0.986358642578125 0.633398354053497 1.13915061950684 1.29323160648346 0.271283060312271 0.323215544223785 0.11814621835947 0.16490150988102 0.158102229237556 0.0542888790369034 0.03874222189188 0.0111820893362164
-9999 -9999 -9999 -9999 -9999 -9999 -9999 -9999 -9999 -9999 -9999 -9999 -9999 0.123996578156948 0.063004195690155 0.00205596443265676 0.124577388167381 0.0605667158961296 0 0 0 0 0 0 0 0 0 0 0 0 0.00998307671397924 0.0493987947702408 0.0338902845978737 0.121505536139011 0.140011981129646 0.27484267950058 0.080143615603447 0.117492534220219 0.447224497795105 0.348730176687241 0.302833884954453 0.368502855300903 0.646111607551575 1.54602420330048 3.18698859214783 1.31549143791199 3.17315030097961 2.03668069839478 0.845396757125854 0.6446093916893 2.80380773544312 1.31165039539337 0.512874782085419 0.446162164211273 0.383950054645538 0.151927053928375 0.190886840224266 0.128246247768402 0.0103596085682511 0.498708099126816
-9999 -9999 -9999 -9999 -9999 -9999 -9999 -9999 -9999 -9999 -9999 -9999 -9999 0.0452507622539997 0.0442414134740829 0.019637880846858 0.157312884926796 0.105760738253593 0 0 0 0 0 0 0 0 0 0 0 0.00490350089967251 0.00823492836207151 0 0 0 0 0 0 0 0.156492963433266 0.734897077083588 0.405036598443985 0.191734462976456 0.729100704193115 1.50368869304657 2.40260672569275 2.836341381073 2.19600915908813 1.35966289043427 1.29683780670166 0.824640452861786 3.07550287246704 1.46806001663208 0.729347467422485 1.04369485378265 0.181032598018646 0.210721269249916 0.160483852028847 0.108231753110886 0.192213207483292 1.05732047557831
-9999 -9999 -9999 -9999 -9999 -9999 -9999 -9999 -9999 -9999 -9999 -9999 -9999 0.0217661950737238 0.0251163672655821 0.190007969737053 0.140578418970108 0.0873678997159004 0 0 0 0 0 0 0 0 0 0 0.00028927403036505 0.00393460039049387 0 0 0 0 0 0 0 0 0.095428429543972 0.802064955234528 0.853033661842346 0.920047163963318 0.828009843826294 0.442926466464996 1.45300817489624 1.11081278324127 1.4898339509964 1.99179029464722 2.04312872886658 4.41315698623657 6.27211380004883 3.13448023796082 1.42006480693817 1.19993484020233 0.835146009922028 0.133072376251221 0.199440732598305 0.149008005857468 0.20023176074028 0.834262073040009
-9999 -9999 -9999 -9999 -9999 -9999 -9999 -9999 -9999 -9999 -9999 -9999 -9999 -9999 0.0569054074585438 0.302394717931747 0.256536960601807 0.126761719584465 0 0 0 0 0 0 0 0 0 0 0 0 0 0 0 0 0 0 0 0 0 0.635766327381134 0.671100199222565 0.682567596435547 0.654043197631836 2.04036593437195 1.5466867685318 1.52678024768829 3.05557012557983 2.88570523262024 3.17918109893799 5.97150135040283 3.12565898895264 3.33344268798828 2.31629633903503 2.44762015342712 0.73769748210907 0.594571650028229 0.18804657459259 0.0653728395700455 0.0268857590854168 0.348860919475555
-9999 -9999 -9999 -9999 -9999 -9999 -9999 -9999 -9999 -9999 -9999 -9999 -9999 -9999 0.148952484130859 0.0768095999956131 0.101770624518394 0.0366555973887444 0 0 0 0 0 0 0 0 0 0 0 0 0 0 0 0 0 0 0 0 0 0.326744675636292 0.404863148927689 1.42759895324707 1.56489384174347 3.52558636665344 5.12441873550415 5.81618881225586 7.78211784362793 4.97874021530151 6.84112930297852 5.39428234100342 4.74975442886353 2.5672013759613 2.30983638763428 2.19398808479309 0.499949812889099 0.46552374958992 0.0394074618816376 0.031354047358036 0.023220231756568 0.0320027060806751
-9999 -9999 -9999 -9999 -9999 -9999 -9999 -9999 -9999 -9999 -9999 -9999 -9999 -9999 0.086260698735714 0.0724010244011879 0.0278816390782595 0.078030526638031 0 0 0 0 0 0 0 0 0 0 0 0 0 0 0 0 0 0 0 0 0 0.352927565574646 1.32623672485352 1.56807708740234 1.71951353549957 4.94288301467896 7.57415390014648 9.74143123626709 4.7996768951416 2.52709937095642 5.98014259338379 5.55706167221069 4.87044858932495 6.40552043914795 4.58062219619751 1.52995574474335 0.249511688947678 0.0289445947855711 0.022489070892334 0.0228411052376032 0.0185936465859413 0.0125958593562245
-9999 -9999 -9999 -9999 -9999 -9999 -9999 -9999 -9999 -9999 -9999 -9999 -9999 -9999 0.0606229230761528 0.134809359908104 0.0225886888802052 0.0280815213918686 0 0 0 0 0 0 0 0 0 0 0 0 0 0 0 0 0 0 0 0 0 0.527520954608917 1.95814371109009 4.85127019882202 8.12903308868408 8.49888801574707 6.96885299682617 7.00925302505493 7.25607013702393 10.4982595443726 7.54263782501221 5.61466932296753 2.83039832115173 5.5300498008728 3.79159259796143 0.741712808609009 0.0545219480991364 0.0275581125169992 0.0217597205191851 0.0200270209461451 0.0191748980432749 0.432192116975784
-9999 -9999 -9999 -9999 -9999 -9999 -9999 -9999 -9999 -9999 -9999 -9999 -9999 0.085029624402523 0.097254604101181 0.135219901800156 0.0852123945951462 0.0433620810508728 0 0 0 0 0 0 0 0 0 0 0 0 0 0 0 0 0 0 0 0 0 0 3.1319088935852 4.93180274963379 5.76842880249023 5.40643548965454 3.28606939315796 11.7119398117065 9.01921653747559 7.92885208129883 6.1883659362793 4.08202409744263 3.70243811607361 2.24427199363708 2.14684295654297 0.0885409042239189 0.0634433925151825 0.032168373465538 0.0230478141456842 0.0185673702508211 0.4187853038311 0.488568127155304
-9999 -9999 -9999 -9999 -9999 -9999 -9999 -9999 -9999 -9999 -9999 -9999 -9999 0.00975918862968683 0.0715432465076447 0.035771943628788 0.07765182107687 0.0329343788325787 0 0 0 0 0 0 0 0 0 0 0 0 0 0 0 0 0 0 0 0 0 0 1.62136387825012 6.30457305908203 10.4226493835449 9.6063814163208 9.39181804656982 10.7057285308838 14.0581827163696 16.5635509490967 4.7119779586792 9.18900108337402 4.40322160720825 3.7124240398407 0.260214477777481 0.0652142018079758 0.0568982623517513 0.056015282869339 0.0219858251512051 0.329385846853256 0.696047484874725 0.39626482129097
-9999 -9999 -9999 -9999 -9999 -9999 -9999 -9999 -9999 -9999 -9999 -9999 -9999 0.0608842074871063 0.0611834824085236 0.0606262199580669 0.0801962614059448 0.0589199028909206 0 0 0 0 0 0 0 0 0 0 0 0 0 0 0 0 0 0 0 0 0 0 0 1.71635138988495 4.73029041290283 0.519350826740265 0.50972318649292 0.353134661912918 0.367179274559021 0.381233602762222 0.260364651679993 0.253989398479462 0.287706404924393 0.57949036359787 0.223810449242592 0.104070730507374 0.0547809489071369 0.114213153719902 0.855799674987793 1.37861633300781 0.375390410423279 0.80228316783905
-9999 -9999 -9999 -9999 -9999 -9999 -9999 -9999 -9999 -9999 -9999 -9999 -9999 0.0127479005604982 0.112971618771553 0.030974205583334 0.0658175870776176 0.0805999636650085 0 0 0 0 0 0 0 0 0 0 0 0 0 0 0 0 0 0 0 0 0 0 0 0.185221984982491 0.57168972492218 0.33838227391243 0.749258279800415 0.779132843017578 0.47546312212944 0.553527116775513 0.326189637184143 0.817273557186127 0.788505375385284 0.424694806337357 0.512088716030121 0.354680299758911 0.105562038719654 2.30800461769104 2.97850131988525 1.04162740707397 1.80300903320312 1.26826024055481
-9999 -9999 -9999 -9999 -9999 -9999 -9999 -9999 -9999 -9999 -9999 -9999 -9999 0.0729042962193489 0.0844831317663193 0.138012960553169 0.054372001439333 0.0553377009928226 0.0131640043109655 0 0 0 0 0 0 0 0 0 0 0 0 0 0 0 0 0 0 0 0 0 0.178665563464165 0.419398069381714 0.577700257301331 0.312815517187119 0.500695824623108 0.986270546913147 0.800306081771851 0.429118514060974 0.475692510604858 0.676737129688263 0.565511763095856 0.908161580562592 0.582750797271729 0.287622928619385 1.20387923717499 1.16033864021301 1.99905908107758 1.58391463756561 1.94233560562134 1.94497334957123
-9999 -9999 -9999 -9999 -9999 -9999 -9999 -9999 -9999 -9999 -9999 -9999 -9999 0.0684650242328644 0.0482337884604931 0.0394604988396168 0.0602581761777401 0.0116577111184597 0.0304987151175737 0.00949536636471748 0.0547958165407181 0.0302267838269472 0.0208773836493492 0.014127453789115 0.00469133211299777 0.000139429568662308 0 0 0 0 0 0 0 0 0 0 0 0 0 0.55971622467041 1.66218268871307 0.56634396314621 0.443189263343811 0.328389197587967 0.635215699672699 0.719951868057251 0.722959816455841 0.456765949726105 0.252751439809799 0.31364032626152 0.180634588003159 0.602940857410431 0.795193433761597 0.478173136711121 3.10994529724121 5.01994323730469 3.92286777496338 3.93911981582642 2.79974031448364 3.80939149856567
