Geospatial/Brazil_soil_moisture_PM.asc
NCOLS 484 
NROWS 482 
XLLCORNER -73.9762636472426 
YLLCORNER -33.7137726130056 
CELLSIZE 0.0808483755707569 
NODATA_value -9999 
[rows 72 to 95 of 482, columns 324 to 377 of 484]
-9999 -9999 -9999 -9999 -9999 -9999 -9999 -9999 -9999 -9999 -9999 -9999 -9999 -9999 -9999 -9999 -9999 -9999 -9999 -9999 -9999 -9999 -9999 -9999 -9999 -9999 -9999 -9999 -9999 -9999 -9999 -9999 -9999 -9999 -9999 -9999 -9999 -9999 -9999 -9999 -9999 -9999 -9999 -9999 -9999 -9999 -9999 -9999 -9999 -9999 -9999 -9999 -9999 -9999
-9999 -9999 0.178077533841133 -9999 0.57359516620636 0.162582993507385 -9999 -9999 -9999 -9999 -9999 -9999 -9999 -9999 -9999 -9999 -9999 -9999 -9999 -9999 -9999 -9999 -9999 -9999 -9999 -9999 -9999 -9999 -9999 -9999 -9999 -9999 -9999 -9999 -9999 -9999 -9999 -9999 -9999 -9999 -9999 -9999 -9999 -9999 -9999 -9999 -9999 -9999 -9999 -9999 -9999 -9999 -9999 -9999
0.239802896976471 0.238582149147987 0.210959583520889 0.564484119415283 0.204110592603683 0.192747890949249 0.185056984424591 0.185056984424591 0.16203573346138 -9999 -9999 -9999 -9999 -9999 -9999 -9999 -9999 -9999 -9999 -9999 -9999 -9999 -9999 -9999 -9999 -9999 -9999 -9999 -9999 -9999 -9999 -9999 -9999 -9999 -9999 -9999 -9999 -9999 -9999 -9999 -9999 -9999 -9999 -9999 -9999 -9999 -9999 -9999 -9999 -9999 -9999 -9999 -9999 -9999
0.297555327415466 0.296822190284729 0.233273610472679 0.24872237443924 0.238480672240257 0.226244226098061 0.224411368370056 0.224411368370056 0.197805911302567 0.193579941987991 0.594773352146149 -9999 -9999 -9999 -9999 -9999 -9999 -9999 -9999 -9999 -9999 -9999 -9999 -9999 -9999 -9999 -9999 -9999 -9999 -9999 -9999 -9999 -9999 -9999 -9999 -9999 -9999 -9999 -9999 -9999 -9999 -9999 -9999 -9999 -9999 -9999 -9999 -9999 -9999 -9999 -9999 -9999 -9999 -9999
0.308723717927933 0.32330733537674 0.260700941085815 0.265639960765839 0.248233512043953 0.242022231221199 0.247044771909714 0.247044771909714 0.228385224938393 0.224009811878204 0.222498059272766 0.19852115213871 0.586402297019958 -9999 -9999 -9999 -9999 -9999 -9999 -9999 -9999 -9999 -9999 -9999 -9999 -9999 -9999 -9999 -9999 -9999 -9999 -9999 -9999 -9999 -9999 -9999 -9999 -9999 -9999 -9999 -9999 -9999 -9999 -9999 -9999 -9999 -9999 -9999 -9999 -9999 -9999 -9999 -9999 -9999
0.223350763320923 0.245096355676651 0.227798491716385 0.223262965679169 0.22724312543869 0.225408405065536 0.232773974537849 0.232773974537849 0.249599859118462 0.264337003231049 0.270303279161453 0.245041877031326 0.233357295393944 0.199446424841881 0.199446424841881 0.179219469428062 -9999 -9999 -9999 -9999 -9999 -9999 -9999 -9999 -9999 -9999 -9999 -9999 -9999 -9999 -9999 -9999 -9999 -9999 -9999 -9999 -9999 -9999 -9999 -9999 -9999 -9999 -9999 -9999 -9999 -9999 -9999 -9999 -9999 -9999 -9999 -9999 -9999 -9999
0.199858069419861 0.204834938049316 0.201873764395714 0.20424622297287 0.21509250998497 0.212562099099159 0.210887461900711 0.210887461900711 0.219576001167297 0.233046174049377 0.247437208890915 0.250866889953613 0.24683253467083 0.220086082816124 0.220086082816124 0.202523157000542 0.192909196019173 0.178122773766518 0.164318114519119 -9999 -9999 -9999 -9999 -9999 -9999 -9999 -9999 -9999 -9999 -9999 -9999 -9999 -9999 -9999 -9999 -9999 -9999 -9999 -9999 -9999 -9999 -9999 -9999 -9999 -9999 -9999 -9999 -9999 -9999 -9999 -9999 -9999 -9999 -9999
0.199368894100189 0.2003353536129 0.19552107155323 0.194223657250404 0.198889672756195 0.196324661374092 0.195913732051849 0.195913732051849 0.200824901461601 0.210853397846222 0.228737071156502 0.243605256080627 0.2539102435112 0.246076539158821 0.246076539158821 0.229256629943848 0.224627912044525 0.220752373337746 0.200842186808586 0.190628588199615 0.178656607866287 0.178656607866287 -9999 -9999 -9999 -9999 -9999 -9999 -9999 -9999 -9999 -9999 -9999 -9999 -9999 -9999 -9999 -9999 -9999 -9999 -9999 -9999 -9999 -9999 -9999 -9999 -9999 -9999 -9999 -9999 -9999 -9999 -9999 -9999
0.193913012742996 0.188489332795143 0.186060979962349 0.183819115161896 0.18536764383316 0.184088081121445 0.184055462479591 0.184055462479591 0.188159421086311 0.193725734949112 0.218533381819725 0.237837821245193 0.240448698401451 0.239481523633003 0.239481523633003 0.244505077600479 0.26713639497757 0.289788007736206 0.267346173524857 0.239204600453377 0.228815466165543 0.228815466165543 0.208767086267471 0.188175961375237 0.61137044429779 -9999 -9999 -9999 -9999 -9999 -9999 -9999 -9999 -9999 -9999 -9999 -9999 -9999 -9999 -9999 -9999 -9999 -9999 -9999 -9999 -9999 -9999 -9999 -9999 -9999 -9999 -9999 -9999 -9999
0.196114957332611 0.188254103064537 0.184948682785034 0.183028280735016 0.186071753501892 0.183045521378517 0.181009545922279 0.181009545922279 0.184990033507347 0.188402727246284 0.217182248830795 0.23392142355442 0.228490620851517 0.229825049638748 0.229825049638748 0.241332039237022 0.270783722400665 0.336163133382797 0.339928418397903 0.30792847275734 0.293687671422958 0.293687671422958 0.250892698764801 0.2211062759161 0.195666819810867 0.610960245132446 -9999 -9999 -9999 -9999 -9999 -9999 -9999 -9999 -9999 -9999 -9999 -9999 -9999 -9999 -9999 -9999 -9999 -9999 -9999 -9999 -9999 -9999 -9999 -9999 -9999 -9999 -9999 -9999
0.192969679832458 0.184942245483398 0.182124152779579 0.180001974105835 0.184762760996819 0.183784231543541 0.181227788329124 0.181227788329124 0.188895210623741 0.189431518316269 0.212785720825195 0.220104962587357 0.215618327260017 0.223875805735588 0.223875805735588 0.235284522175789 0.271232008934021 0.33796700835228 0.370060294866562 0.369890779256821 0.393507331609726 0.393507331609726 0.334739476442337 0.281175076961517 0.235820904374123 0.211562156677246 0.19621853530407 0.624421536922455 0.624421536922455 -9999 -9999 -9999 -9999 -9999 -9999 -9999 -9999 -9999 -9999 -9999 -9999 -9999 -9999 -9999 -9999 -9999 -9999 -9999 -9999 -9999 -9999 -9999 -9999 -9999
0.19817216694355 0.189210638403893 0.184474632143974 0.1812474578619 0.186329677700996 0.18487437069416 0.180489599704742 0.180489599704742 0.191314727067947 0.189395859837532 0.205579504370689 0.214183524250984 0.218085512518883 0.242321848869324 0.242321848869324 0.253957957029343 0.29671910405159 0.356904417276382 0.380863159894943 0.378159672021866 0.392818629741669 0.392818629741669 0.373334169387817 0.326227188110352 0.292392939329147 0.251444518566132 0.225813165307045 0.217624515295029 0.217624515295029 0.189566746354103 -9999 -9999 -9999 -9999 -9999 -9999 -9999 -9999 -9999 -9999 -9999 -9999 -9999 -9999 -9999 -9999 -9999 -9999 -9999 -9999 -9999 -9999 -9999 -9999
0.223087251186371 0.215344563126564 0.218207523226738 0.210004925727844 0.201722294092178 0.19772644340992 0.187355369329453 0.187355369329453 0.189971685409546 0.188488408923149 0.196188196539879 0.20801417529583 0.217197299003601 0.263691604137421 0.263691604137421 0.294308215379715 0.35186693072319 0.390155613422394 0.406602293252945 0.38218629360199 0.326360642910004 0.326360642910004 0.313749611377716 0.311466157436371 0.398074597120285 0.435824304819107 0.361885368824005 0.298439592123032 0.298439592123032 0.236407160758972 -9999 -9999 0.22866103053093 0.246716022491455 0.220803156495094 -9999 -9999 -9999 -9999 -9999 -9999 -9999 -9999 -9999 -9999 -9999 -9999 -9999 -9999 -9999 -9999 -9999 -9999 -9999
0.240174040198326 0.221662878990173 0.218671202659607 0.20890049636364 0.199707299470901 0.194375067949295 0.185638412833214 0.185638412833214 0.186031714081764 0.186023086309433 0.19378075003624 0.209396749734879 0.217342615127563 0.25485372543335 0.25485372543335 0.284105181694031 0.328920423984528 0.377853155136108 0.377667874097824 0.338730722665787 0.292971819639206 0.292971819639206 0.282203257083893 0.298689007759094 0.393030136823654 0.458677619695663 0.456386744976044 0.382728189229965 0.382728189229965 0.25850972533226 -9999 0.596995294094086 0.286864817142487 0.330148011445999 0.274550199508667 0.274550199508667 -9999 -9999 -9999 -9999 -9999 -9999 -9999 -9999 -9999 -9999 -9999 -9999 -9999 -9999 -9999 -9999 -9999 -9999
0.254519939422607 0.220488876104355 0.213869571685791 0.206022515892982 0.196777358651161 0.189195111393929 0.179368153214455 0.179368153214455 0.185363411903381 0.191221505403519 0.204664617776871 0.217412739992142 0.224557727575302 0.251267522573471 0.251267522573471 0.264235764741898 0.289468944072723 0.335594207048416 0.324526369571686 0.293740600347519 0.275660961866379 0.275660961866379 0.259720027446747 0.283004343509674 0.331815838813782 0.387918800115585 0.421297609806061 0.414446324110031 0.414446324110031 0.281130611896515 0.275766402482986 0.282351762056351 0.320094436407089 0.402592420578003 0.329384356737137 0.329384356737137 0.271760046482086 0.232106864452362 -9999 -9999 -9999 -9999 -9999 -9999 -9999 -9999 -9999 -9999 -9999 -9999 -9999 -9999 -9999 -9999
0.234804257750511 0.20088018476963 0.190895110368729 0.187130287289619 0.18432243168354 0.183352962136269 0.176930338144302 0.176930338144302 0.18764141201973 0.203460484743118 0.216439992189407 0.233391940593719 0.241113916039467 0.252264320850372 0.252264320850372 0.271511167287827 0.283270329236984 0.309284210205078 0.290720671415329 0.263515055179596 0.254098415374756 0.254098415374756 0.241467744112015 0.261406391859055 0.281584233045578 0.295256793498993 0.348588645458221 0.381440162658691 0.381440162658691 0.334563910961151 0.318843930959702 0.564607739448547 0.36621630191803 0.443905621767044 0.419383138418198 0.419383138418198 0.355439096689224 0.280516892671585 0.225846186280251 -9999 -9999 -9999 -9999 -9999 -9999 -9999 -9999 -9999 -9999 -9999 -9999 -9999 -9999 -9999
0.23014609515667 0.207244917750359 0.190868109464645 0.186665892601013 0.184350982308388 0.185127004981041 0.180826783180237 0.180826783180237 0.188060626387596 0.205351755023003 0.221723198890686 0.248951807618141 0.275011003017426 0.274903416633606 0.274903416633606 0.302608162164688 0.318798840045929 0.315038174390793 0.28022238612175 0.248375996947289 0.238760590553284 0.238760590553284 0.234303951263428 0.241006284952164 0.242746442556381 0.239423766732216 0.280733197927475 0.348542004823685 0.348542004823685 0.399184554815292 0.395614683628082 0.415552794933319 0.413990169763565 0.432039111852646 0.424215883016586 0.424215883016586 0.358231514692307 0.292676955461502 0.239687830209732 0.19636432826519 -9999 -9999 -9999 -9999 -9999 -9999 -9999 -9999 -9999 -9999 -9999 -9999 -9999 -9999
0.232754692435265 0.213570088148117 0.194649159908295 0.188839688897133 0.18649360537529 0.187460258603096 0.184616461396217 0.184616461396217 0.188873142004013 0.203180775046349 0.215141579508781 0.232412502169609 0.258049041032791 0.260477423667908 0.260477423667908 0.326048821210861 0.387568235397339 0.353727042675018 0.289838910102844 0.247583538293839 0.224190577864647 0.224190577864647 0.223169460892677 0.226449206471443 0.224261283874512 0.223477363586426 0.240369722247124 0.288173049688339 0.288173049688339 0.390183478593826 0.395071238279343 0.453212171792984 0.434357017278671 0.412274956703186 0.443541675806046 0.443541675806046 0.403593868017197 0.363486558198929 0.270576506853104 0.226072669029236 -9999 -9999 -9999 -9999 -9999 -9999 -9999 -9999 -9999 -9999 -9999 -9999 -9999 -9999
0.226054668426514 0.210985347628593 0.193454951047897 0.187148913741112 0.18497721850872 0.187995225191116 0.18665899336338 0.18665899336338 0.185981139540672 0.196049481630325 0.204593122005463 0.228321447968483 0.270664125680923 0.278944790363312 0.278944790363312 0.350084275007248 0.421135514974594 0.361482352018356 0.28879177570343 0.240851417183876 0.210265502333641 0.210265502333641 0.2100939899683 0.210187017917633 0.209210157394409 0.207694038748741 0.216899424791336 0.264349162578583 0.264349162578583 0.350794613361359 0.376796096563339 0.4454385638237 0.44212594628334 0.437353998422623 0.463376373052597 0.463376373052597 0.409592658281326 0.378834575414658 0.2684246301651 0.236470714211464 -9999 -9999 -9999 -9999 -9999 -9999 -9999 -9999 -9999 -9999 -9999 -9999 -9999 -9999
0.240822523832321 0.222262442111969 0.195872783660889 0.18976217508316 0.187652006745338 0.193748265504837 0.195910438895226 0.195910438895226 0.191600024700165 0.194970071315765 0.206207245588303 0.224359586834908 0.285742253065109 0.297515213489532 0.297515213489532 0.355871170759201 0.423058539628983 0.346592545509338 0.277786195278168 0.236879721283913 0.208767384290695 0.208767384290695 0.207821622490883 0.209604799747467 0.210399925708771 0.20967461168766 0.215833216905594 0.249379441142082 0.249379441142082 0.305390477180481 0.33137258887291 0.397994577884674 0.406987190246582 0.4191754758358 0.456003665924072 0.456003665924072 0.41944095492363 0.390700995922089 0.296481817960739 -9999 -9999 -9999 -9999 -9999 -9999 -9999 -9999 -9999 -9999 -9999 -9999 -9999 -9999 -9999
0.262791961431503 0.22733747959137 0.202301248908043 0.194998800754547 0.189427271485329 0.19709113240242 0.20229709148407 0.20229709148407 0.196229606866837 0.20036369562149 0.221710368990898 0.270754873752594 0.387187302112579 0.39613687992096 0.39613687992096 0.398983001708984 0.360279113054276 0.301132321357727 0.251113533973694 0.229758098721504 0.216162294149399 0.216162294149399 0.208314761519432 0.209830448031425 0.216749489307404 0.235850542783737 0.257255733013153 0.257724404335022 0.257724404335022 0.258524745702744 0.260095149278641 0.29746863245964 0.363614767789841 0.400961518287659 0.416635304689407 0.416635304689407 0.373654514551163 0.313520818948746 0.287026107311249 -9999 0.211361229419708 0.211361229419708 -9999 -9999 -9999 -9999 -9999 -9999 -9999 -9999 -9999 -9999 -9999 -9999
0.272864639759064 0.22850713133812 0.199977621436119 0.2022515386343 0.197208300232887 0.20253786444664 0.206841602921486 0.206841602921486 0.193063870072365 0.193630158901215 0.212646901607513 0.253905743360519 0.373802036046982 0.423656582832336 0.423656582832336 0.40059694647789 0.342046141624451 0.287159383296967 0.246440052986145 0.234401479363441 0.222071722149849 0.222071722149849 0.20800769329071 0.209889993071556 0.217474371194839 0.247062459588051 0.270763397216797 0.266032963991165 0.266032963991165 0.350451767444611 0.250021725893021 0.287093043327332 0.355013698339462 0.377710610628128 0.372079223394394 0.372079223394394 0.329526752233505 0.294085621833801 -9999 0.259899258613586 0.230353742837906 0.230353742837906 -9999 -9999 -9999 -9999 -9999 -9999 -9999 -9999 -9999 -9999 -9999 -9999
0.264860600233078 0.221921548247337 0.202032864093781 0.203112006187439 0.199027821421623 0.196879848837852 0.194726929068565 0.194726929068565 0.185865715146065 0.187355488538742 0.209765985608101 0.245379775762558 0.341867506504059 0.416332542896271 0.416332542896271 0.363327264785767 0.314479857683182 0.268726497888565 0.233521312475204 0.229924440383911 0.222063481807709 0.222063481807709 0.207074731588364 0.210508689284325 0.215607792139053 0.235719069838524 0.249202564358711 0.255576074123383 0.255576074123383 0.254911005496979 0.252819299697876 0.28473511338234 0.326093435287476 0.337813019752502 0.332994341850281 0.332994341850281 0.332374274730682 0.327959179878235 0.325536221265793 0.289584189653397 0.23872435092926 -9999 -9999 -9999 -9999 -9999 -9999 -9999 -9999 -9999 -9999 -9999 -9999 -9999
0.277639001607895 0.227003529667854 0.206771239638329 0.211944058537483 0.215102687478065 0.211258441209793 0.200310543179512 0.200310543179512 0.184516936540604 0.187096238136292 0.211823776364326 0.243571117520332 0.340590476989746 0.416168510913849 0.416168510913849 0.364822834730148 0.342505306005478 0.302405387163162 0.265689998865128 0.255710244178772 0.233054414391518 0.233054414391518 0.211043030023575 0.211697846651077 0.212956577539444 0.227820500731468 0.245622709393501 0.266687452793121 0.266687452793121 0.280584037303925 0.276270568370819 0.291680335998535 0.312447309494019 0.32120868563652 0.328055113554001 0.328055113554001 0.368507385253906 0.384025454521179 0.356136441230774 0.301174223423004 -9999 -9999 -9999 -9999 -9999 -9999 -9999 -9999 -9999 -9999 -9999 -9999 -9999 -9999
