Geospatial/Brazil_soybean_harvested_area.asc
NCOLS 470 
NROWS 468 
XLLCORNER -74.0004239999869 
YLLCORNER -33.7495049999942 
CELLSIZE 0.0833330000000103 
NODATA_value -9999 
[rows 252 to 279 of 468, columns 189 to 251 of 470]
596.99853515625 656.389465332031 772.018981933594 861.072387695312 768.141723632812 50.5189666748047 62.4754791259766 79.4374465942383 174.497940063477 103.536605834961 35.2841987609863 22.9000186920166 20.5407104492188 21.7429389953613 92.5898132324219 56.0549430847168 70.1121063232422 392.804138183594 385.011688232422 0 0 0 0 0 511.614074707031 652.807739257812 1408.55017089844 373.885955810547 680.241943359375 913.439697265625 795.749450683594 1339.2646484375 353.694213867188 725.341491699219 1435.25109863281 1731.86047363281 1665.49853515625 1157.84680175781 963.896789550781 1251.71105957031 1258.56115722656 814.41064453125 342.593322753906 862.106201171875 1426.81677246094 1239.458984375 1102.38232421875 373.676300048828 580.687561035156 1061.47778320312 882.483154296875 991.1279296875 1855.90747070312 2458.33227539062 2024.22924804688 1309.48828125 1019.07946777344 1003.90374755859 538.869506835938 1344.19604492188 907.151672363281 709.141662597656 1714.75439453125
183.02409362793 264.609283447266 1394.1376953125 709.777160644531 305.732147216797 173.213409423828 29.0768585205078 73.8124694824219 89.6753616333008 121.733528137207 64.3239059448242 17.941068649292 14.89599609375 71.8818588256836 19.9177513122559 40.0826683044434 52.0262222290039 125.806648254395 0 0 0 0 0 789.326477050781 203.736053466797 1056.56848144531 474.109527587891 501.356292724609 483.849029541016 886.083618164062 1864.66809082031 980.528503417969 255.175415039062 450.632568359375 1202.29895019531 1944.42370605469 1292.55419921875 1290.34606933594 1171.09643554688 1296.38049316406 1577.24987792969 725.920593261719 791.412353515625 572.430236816406 613.200134277344 732.3857421875 1087.4072265625 997.517822265625 671.943664550781 884.586181640625 683.813232421875 752.325927734375 717.42578125 2089.97705078125 2222.48266601562 1667.19494628906 1436.23840332031 1805.79577636719 769.54296875 284.17626953125 1255.78601074219 647.765563964844 1466.11169433594
250.887329101562 423.74462890625 476.686279296875 251.166168212891 335.747772216797 313.447143554688 31.2638664245605 93.2870788574219 193.625610351562 100.338165283203 85.2330017089844 45.7736167907715 68.8437271118164 50.8154067993164 29.1153945922852 23.525707244873 0 0 0 0 0 0 749.175048828125 581.681884765625 438.184478759766 65.0602951049805 33.472484588623 127.051788330078 63.1082191467285 639.060546875 1189.63122558594 1021.55743408203 838.012756347656 356.566589355469 453.857818603516 1158.58703613281 1426.58520507812 1431.51000976562 1024.21826171875 1107.03125 1679.95104980469 1290.49072265625 1176.38012695312 412.433044433594 845.941467285156 962.658142089844 1208.84460449219 1147.50085449219 1069.05065917969 559.332946777344 610.953552246094 808.081787109375 105.226028442383 1111.64868164062 961.196350097656 500.056091308594 1732.70397949219 892.885803222656 474.834625244141 211.624847412109 1052.56286621094 1420.85986328125 1687.09619140625
129.552261352539 136.459259033203 0 0 0 267.63037109375 55.0781211853027 393.049987792969 227.923431396484 245.985733032227 170.665344238281 145.790878295898 41.9245529174805 1.74990165233612 5.76885652542114 0 0 0 0 0 0 719.339965820312 180.844009399414 941.560791015625 383.410583496094 18.2405128479004 0 42.4059219360352 15.9926633834839 252.190414428711 177.331939697266 372.947937011719 425.319976806641 424.487762451172 418.12353515625 1828.28271484375 1342.1240234375 1805.3095703125 1211.57507324219 1108.35217285156 1893.62805175781 1724.57092285156 1482.66931152344 728.631591796875 652.284606933594 1260.29577636719 1118.43469238281 1161.95141601562 651.648193359375 926.5625 1174.12341308594 575.8466796875 559.040954589844 578.57958984375 691.792907714844 533.946716308594 1555.45068359375 513.133544921875 571.193969726562 1057.73388671875 1095.90441894531 679.255310058594 1381.89245605469
383.324493408203 191.468139648438 0 0 0 27.4503440856934 156.909622192383 243.749771118164 246.640808105469 465.957214355469 168.561340332031 0 0 0 0 0 0 0 0 0 0 0 161.377136230469 0 42.9309501647949 0 0 43.2663421630859 144.282348632812 130.293960571289 185.404586791992 52.7373504638672 510.146789550781 357.426818847656 776.984619140625 1984.63562011719 1156.9072265625 1558.29455566406 1606.29943847656 799.453735351562 2018.77404785156 1684.71936035156 965.701354980469 1339.92236328125 811.017333984375 1420.26965332031 866.234802246094 1274.46228027344 1299.88940429688 1053.08679199219 1528.5380859375 1085.52197265625 512.611206054688 2074.81665039062 1135.0224609375 718.972229003906 590.104248046875 573.574462890625 154.187103271484 920.349060058594 441.231750488281 24.2110786437988 784.233154296875
672.973937988281 164.113693237305 0 0 0 0 202.448928833008 168.369415283203 113.365455627441 82.4283447265625 309.810150146484 0 0 0 0 0 0 0 0 0 0 0 0 0 0 0 15.7010202407837 486.652587890625 88.8925247192383 61.3034706115723 424.175354003906 91.5258331298828 747.217651367188 764.406066894531 2069.56567382812 1569.14855957031 1275.85290527344 2146.43774414062 1421.24340820312 628.267578125 1649.73889160156 1808.68566894531 1615.75341796875 910.421875 1668.75402832031 1534.79150390625 1513.228515625 1530.64831542969 1538.57092285156 1329.91760253906 1181.84399414062 1528.58752441406 417.293579101562 969.994079589844 1346.38171386719 589.228576660156 256.081237792969 1345.69372558594 2163.515625 1602.10705566406 338.802795410156 342.927398681641 971.993896484375
621.117126464844 0 0 0 0 0 0 119.332679748535 37.6736907958984 48.2731666564941 28.554630279541 0 0 0 0 0 0 0 0 0 0 0 0 0 0 5.3025369644165 2.25985550880432 323.024200439453 8.77584743499756 73.2366714477539 168.451156616211 320.703796386719 597.866027832031 731.468200683594 1152.69323730469 2171.72143554688 2020.63317871094 1463.98254394531 1031.34167480469 1044.06311035156 1431.67407226562 1920.18640136719 1796.85034179688 1861.5673828125 2145.56640625 2275.18432617188 1529.74670410156 1070.99243164062 1298.22155761719 828.608154296875 909.577941894531 1418.5451965332 1050.42944335938 924.457824707031 998.828125 303.402252197266 1116.64440917969 2226.19702148438 2694.86865234375 2069.50610351562 434.982543945312 361.762817382812 699.464294433594
578.683776855469 0 0 0 0 0 0 0 0 0 0 0 0 0 0 0 0 0 0 0 0 0 0 0 6.4061975479126 7.98580312728882 2.43396067619324 42.2553024291992 32.7616119384766 32.8554153442383 232.957138061523 2.93251037597656 68.601806640625 29.0565433502197 397.5107421875 1898.69372558594 1914.12585449219 1684.03796386719 1181.2314453125 867.583984375 1223.40051269531 1584.85974121094 1967.634765625 2218.67651367188 2202.5947265625 1986.58435058594 2013.55529785156 1754.11022949219 1827.11120605469 1525.69250488281 1005.66949462891 1510.61743164062 1165.79809570312 1396.03625488281 959.096618652344 1194.57116699219 467.231109619141 753.328735351562 1734.57727050781 1577.60571289062 1295.859375 379.868560791016 1049.78369140625
315.523712158203 0 0 0 0 0 0 0 0 0 0 0 0 0 0 0 0 0 0 0 0 0 0 0 0 13.8763198852539 0 4.66603088378906 8.00737476348877 19.9906978607178 2.21723461151123 19.352108001709 0 56.7350616455078 163.478668212891 1294.51831054688 1752.46862792969 719.966186523438 1017.90020751953 470.396087646484 733.480529785156 1517.70935058594 1587.29541015625 740.18359375 1934.12109375 2067.21044921875 1903.37316894531 1562.4755859375 1690.62829589844 1115.38110351562 617.324035644531 326.036041259766 934.284301757812 1713.20495605469 765.702209472656 618.847595214844 1221.0439453125 924.156066894531 512.890441894531 375.209381103516 781.517517089844 999.226684570312 1426.89086914062
124.830932617188 0 0 0 0 0 0 0 0 0 0 0 0 0 0 0 0 0 0 0 0 0 0 0 0 38.0087699890137 19.5766315460205 13.0713348388672 0 0 0 39.084545135498 30.8067855834961 125.376029968262 854.406799316406 854.397033691406 466.576446533203 32.7490196228027 57.830623626709 433.276672363281 1523.99304199219 911.776000976562 1596.62036132812 1586.57568359375 925.157958984375 1530.19213867188 2121.67407226562 2094.65600585938 1456.40258789062 831.96630859375 438.327056884766 265.218139648438 216.409774780273 1476.36706542969 930.551635742188 1325.68786621094 1150.32824707031 507.693481445312 869.671630859375 544.328002929688 770.142395019531 836.32177734375 654.008422851562
298.286407470703 0 0 0 0 0 0 0 0 0 0 0 0 0 0 0 0 0 0 0 0 0 0 0 0 104.614593505859 31.3419036865234 16.3196277618408 0 0 0 0 23.328634262085 0 346.350006103516 868.306274414062 461.760864257812 753.647033691406 752.957275390625 1242.52758789062 2700.87353515625 1156.77294921875 1983.79479980469 2049.16796875 1916.67224121094 1983.85327148438 1813.56030273438 1905.40283203125 1043.873046875 623.249328613281 133.832336425781 223.158340454102 252.525268554688 1098.72668457031 1615.669921875 859.432739257812 757.736206054688 849.440246582031 492.778717041016 272.973205566406 830.285949707031 912.341125488281 788.963073730469
0 0 0 0 0 0 0 0 0 0 0 0 0 0 0 0 0 0 0 0 0 0 0 0 0 0 44.9836921691895 0 0 0 0 45.4885330200195 60.2472152709961 180.013565063477 486.810974121094 1042.25903320312 373.797027587891 289.006134033203 855.377136230469 1038.46423339844 2279.76782226562 2569.24487304688 2116.00927734375 2006.63232421875 2020.17687988281 1541.07177734375 1613.37536621094 1657.634765625 1197.45288085938 495.650512695312 374.306365966797 1021.57366943359 2253.42651367188 2120.68359375 2571.96069335938 2277.49682617188 1650.21166992188 953.60302734375 405.886016845703 213.166839599609 404.257141113281 681.797668457031 596.938049316406
0 0 0 0 0 0 0 0 0 0 0 0 0 0 0 0 0 0 0 0 0 0 0 0 0 0 0 0 0 0 0 340.890014648438 636.646179199219 500.936859130859 420.591827392578 316.323638916016 173.157211303711 376.36328125 77.9134979248047 366.725311279297 1930.52478027344 3017.18139648438 2150.18676757812 2322.91455078125 1424.11584472656 1396.00708007812 1845.41369628906 1212.162109375 695.951477050781 1591.95935058594 2041.267578125 1844.861328125 2296.44677734375 2140.31176757812 1981.2294921875 2400.7587890625 2367.86865234375 1156.46496582031 436.683288574219 450.871856689453 1006.28137207031 1210.43786621094 1710.51379394531
0 0 0 0 0 0 0 0 0 0 0 0 0 0 0 0 0 0 0 0 0 0 0 0 0 0 0 0 0 0 290.081939697266 113.768211364746 20.0900897979736 147.14501953125 407.142730712891 1075.04626464844 881.800720214844 1179.33166503906 767.296020507812 665.7236328125 1438.10705566406 2579.89965820312 2990.37719726562 1938.75451660156 1308.61291503906 1140.51953125 1304.11413574219 1328.33801269531 1501.05065917969 908.989868164062 2266.9443359375 2762.66333007812 2510.205078125 2382.51318359375 2428.09375 2473.81323242188 2704.37231445312 1163.16516113281 246.190902709961 383.148284912109 802.119567871094 1150.79956054688 1534.59167480469
0 0 0 0 0 0 0 0 0 0 0 0 0 0 0 0 0 0 0 0 0 0 0 0 0 0 0 0 0 0 373.611389160156 332.633209228516 572.841247558594 561.887145996094 49.9263038635254 1110.748046875 1152.26281738281 985.046081542969 1207.35546875 1507.35986328125 2172.87670898438 3048.86767578125 3257.474609375 2014.0673828125 1713.96215820312 1463.70190429688 1511.68249511719 972.948181152344 1237.064453125 849.383483886719 1482.78552246094 1670.11108398438 1995.25537109375 2215.826171875 2275.66186523438 2257.52001953125 2285.15747070312 1698.24768066406 1470.19128417969 1656.05334472656 1074.85205078125 1437.71398925781 1455.32543945312
0 0 0 0 0 0 0 0 0 0 0 0 0 0 0 0 0 0 0 0 0 0 0 0 0 0 0 0 0 0 0 1108.54626464844 259.5498046875 42.2087783813477 22.6462287902832 990.486328125 1247.53649902344 1130.73266601562 782.563171386719 1584.53405761719 1838.54809570312 2638.74584960938 2647.98803710938 2708.88793945312 1703.97082519531 1453.41064453125 1534.62768554688 1032.01977539062 1926.29748535156 2369.37280273438 1625.01403808594 1996.87744140625 2173.22875976562 1411.81799316406 1751.75061035156 2342.40966796875 2367.23901367188 2951.57080078125 2331.26977539062 2414.86572265625 2004.99108886719 1394.84362792969 836.930969238281
0 0 0 0 0 0 0 0 0 0 0 0 0 0 0 0 0 0 0 0 0 0 0 0 0 0 0 0 0 0 0 493.391479492188 56.5716667175293 59.092041015625 182.617828369141 1500.30187988281 742.835632324219 915.681030273438 575.367248535156 1003.00946044922 2291.0986328125 2629.54809570312 2783.78515625 2465.27124023438 2623.6953125 1352.78234863281 1778.0732421875 1827.64013671875 1328.11633300781 907.867065429688 1411.72705078125 1341.28991699219 1696.36853027344 764.851806640625 1662.88745117188 1443.98376464844 2015.02966308594 2830.38525390625 1661.18566894531 1788.2490234375 2119.1181640625 1782.72595214844 1411.66809082031
0 0 0 0 0 0 0 0 0 0 0 0 0 0 0 0 0 0 0 0 0 0 0 0 0 0 0 0 0 0 0 1366.81567382812 855.68603515625 418.817520141602 821.64822769165 734.026960372925 835.324035644531 981.110595703125 553.072875976562 645.083740234375 1989.00512695312 2739.73901367188 2776.67824172974 2042.53601074219 1824.43225097656 1898.43249511719 1339.2177734375 1221.63525390625 1857.20202636719 1776.56591796875 1385.13452148438 922.926818847656 775.770080566406 1468.61151123047 691.942565917969 1285.20825195312 1521.20031738281 2247.58764648438 1548.79597830772 1621.60400390625 1507.68994140625 1620.54471588135 1774.83654785156
0 0 0 0 0 0 0 0 0 0 0 0 0 0 0 0 0 0 0 0 0 0 0 0 0 0 0 0 0 0 0 1304.22094726562 720.876770019531 1008.69964599609 960.444946289062 318.305999755859 605.226501464844 697.656555175781 168.955936431885 704.719970703125 2468.73486328125 2268.25610351562 2423.357421875 2603.74780273438 2376.486328125 1786.21166992188 1885.609375 2732.51416015625 2304.6669921875 2224.751953125 2307.5478515625 1279.2978515625 1165.87548828125 703.033569335938 662.779479980469 1072.68927001953 1255.39001464844 1083.12609863281 1232.41870117188 1420.9443359375 1634.98681640625 1662.85656738281 1708.98156738281
-9999 16.5202301740646 0 0 0 0 0 0 0 0 0 0 0 0 0 0 0 0 0 0 0 0 0 0 0 0 0 0 0 0 455.381408691406 794.419921875 192.00537109375 441.072967529297 282.764846801758 390.958679199219 174.571411132812 17.9800205230713 32.0389976501465 378.881622314453 2679.1356086731 2418.0556640625 1532.26904296875 3154.93286132812 2938.84545898438 2709.90219116211 2773.46752929688 2138.18627929688 1624.63269042969 1948.7861328125 1962.400390625 2295.40625 1481.85925292969 1164.07482910156 818.084716796875 890.1533203125 435.717224121094 652.267761230469 685.261535644531 1555.78735351562 1569.60119628906 1513.71142578125 1321.18017578125
-9999 -9999 3.28023743629456 1.10231685638428 0 0 0 0 0 0 0 0 0 0 0 0 0 0 0 0 0 0 0 0 0 0 0 0 0 0 476.468292236328 272.184295654297 161.005783081055 685.967712402344 851.9228515625 209.829971313477 985.026794433594 362.808898925781 883.406005859375 1363.853515625 2662.41064453125 3174.69213867188 2791.90649414062 2228.09545898438 1747.47998046875 2141.04150390625 2415.36254882812 1794.39465332031 2496.94946289062 2752.0244140625 1815.36657714844 1269.85424804688 1767.88830566406 1368.72192382812 1542.83361816406 1111.37414550781 828.535949707031 78.1303100585938 231.128265380859 1252.64904785156 931.48095703125 1017.89331054688 1329.95373535156
-9999 -9999 -9999 -9999 -9999 0 2.0108437538147 0 0 0 0 0 0 0 0 0 0 0 0 0 0 0 0 0 0 0 0 0 0 0 281.217346191406 0 196.144607543945 295.946746826172 605.108581542969 417.227325439453 40.3003273010254 949.630859375 359.514465332031 1342.33959960938 3029.53100585938 1941.95593261719 1785.72155761719 2325.11328125 2070.70166015625 1783.5166015625 2114.00390625 1343.09228515625 2218.88256835938 2134.87084960938 1416.97424316406 1677.37023925781 1151.51977539062 648.624145507812 916.490379333496 800.937622070312 1526.45922851562 877.035766601562 1139.89782714844 1064.85205078125 623.082702636719 774.760820388794 1620.17443847656
-9999 -9999 -9999 -9999 -9999 -9999 47.5135231018066 1.11782944202423 0 0 0 0 0 0 0 0 0 0 0 0 0 0 0 0 0 0 0 0 0 0 0 19.6760540008545 328.570373535156 252.106582641602 350.450958251953 249.168304443359 408.063079833984 573.614990234375 499.507202148438 806.0390625 1076.91796875 1540.92639160156 2371.24780273438 2911.5859375 2773.0654296875 2655.6328125 1234.30126953125 1985.33020019531 1142.99133300781 1970.92700195312 1096.94177246094 572.793090820312 463.389923095703 1289.658203125 1467.34606933594 1079.43127441406 880.420532226562 811.762512207031 1336.03161621094 2184.7646484375 563.168518066406 600.735778808594 1062.14086914062
-9999 -9999 -9999 -9999 -9999 -9999 0 0 0 0 0 0 0 0 0 0 0 0 0 0 0 0 0 0 0 0 0 0 0 0 0 0 81.6257171630859 0 0 13.7704610824585 383.336517333984 337.813140869141 339.000701904297 672.855285644531 1239.15075683594 1755.64270019531 2465.52954101562 2167.57592773438 2521.9423828125 1836.74609375 1721.509765625 1668.47631835938 922.246210575104 508.386199951172 1536.734375 1773.48999023438 1042.78283691406 539.494140625 663.675109863281 1168.51477050781 1095.3935546875 1136.08276367188 1883.66455078125 1599.99145507812 615.963195800781 1528.26330566406 1368.4462890625
-9999 -9999 -9999 -9999 -9999 -9999 0 0 0 0 2.25901436805725 0 0 0 0 0 0 0 0 0 0 0 0 0 0 0 0 0 0 0 0 0 0 0 0 0 0 132.296981811523 128.135818481445 604.893310546875 1182.33166503906 2554.66748046875 1730.91345214844 1420.32958984375 1243.66748046875 894.469909667969 983.730224609375 956.30859375 1620.80017089844 2109.32543945312 1740.78845214844 2196.2861328125 811.046997070312 522.943786621094 794.5810546875 1093.49743652344 1583.72668457031 2836.095703125 2380.27368164062 2139.61889648438 1550.09228515625 1430.78323841095 968.707779884338
-9999 -9999 -9999 -9999 -9999 -9999 -9999 169.255416870117 19.7327899932861 1.05162811279297 5.6959376335144 0 0 0 0 0 0 0 0 0 0 0 0 0 0 0 0 0 0 0 0 0 0 0 0 43.3626708984375 147.615859985352 408.441192626953 704.170166015625 759.239562988281 1327.48376464844 2461.35205078125 1210.72644042969 1416.12145996094 1572.57092285156 1512.24243164062 1646.74328613281 1053.96655273438 1934.85998535156 2060.859375 1879.1279296875 1380.30895996094 1694.42858886719 1809.68322753906 729.707824707031 362.565948486328 1185.71923828125 1971.9189453125 2510.98852539062 2477.9033203125 2226.07788085938 1567.79711914062 2471.29467773438
-9999 -9999 -9999 -9999 -9999 -9999 -9999 387.633544921875 8.95862770080566 1.07016360759735 2.06169581413269 0 0 0 0 0 0 0 0 0 0 0 0 0 0 0 0 0 0 0 0 0 0 0 0 0 205.123992919922 610.3623046875 1237.287109375 1081.40112304688 1143.64050292969 1142.14794921875 1397.25231933594 1866.61950683594 1907.25048828125 1869.60913085938 2007.48205566406 2268.58447265625 1846.70654296875 1931.60668945312 1457.74450683594 1034.74108886719 1689.98474121094 1127.32653808594 1681.97412109375 656.844665527344 823.007995605469 382.953063964844 1081.45617675781 1791.28393554688 1823.92797851562 1934.82702636719 1815.43298339844
-9999 -9999 -9999 -9999 -9999 -9999 -9999 -9999 70.1895294189453 0 0 0 0 0 0 0 0 0 0 0 0 0 0 0 0 0 0 0 0 0 0 0 0 0 168.51448059082 54.9742126464844 14.9376692771912 293.252807617188 314.918579101562 583.549865722656 1032.87280273438 929.249206542969 1599.93493652344 1823.84033203125 2094.40454101562 1703.646484375 2128.05102539062 2131.064453125 1778.03479003906 1675.5322265625 1187.75476074219 1407.76025390625 1450.92333984375 1632.02197265625 1562.33471679688 1039.21264648438 1136.62731933594 913.446228027344 299.084411621094 1259.5068359375 1879.61694335938 2672.79736328125 1235.7431640625
