Geospatial/Brazil_culicoides_map.asc
NCOLS 392 
NROWS 390 
XLLCORNER -74 
YLLCORNER -33.7 
CELLSIZE 0.1 
NODATA_value -9999 
[rows 216 to 239 of 390, columns 159 to 211 of 392]
0.252000004053116 0.207000002264977 0.28999999165535 0.296999990940094 0.175999999046326 0.151999995112419 0.189999997615814 0.181999996304512 0.19200000166893 0.211999997496605 0.180999994277954 0.153999999165535 0.172999992966652 0.23199999332428 0.305000007152557 0.298000007867813 0.25 0.170000001788139 0.18299999833107 0.190999999642372 0.202000007033348 0.25900000333786 0.238000005483627 0.184000000357628 0.150999993085861 0.061999998986721 0.0509999990463257 0.0299999993294477 0.068000003695488 0.0390000008046627 0.0270000007003546 0.0850000008940697 0.0979999974370003 0.136999994516373 0.12899999320507 0.150000005960464 0.148000001907349 0.208000004291534 0.159999996423721 0.0659999996423721 0.0469999983906746 0.0780000016093254 0.0700000002980232 0.0769999995827675 0.096000000834465 0.105999998748302 0.0869999974966049 0.0879999995231628 0.0839999988675117 0.0769999995827675 0.105999998748302 0.097000002861023 0.157000005245209
0.19200000166893 0.193000003695488 0.231000006198883 0.280000001192093 0.141000002622604 0.0989999994635582 0.174999997019768 0.152999997138977 0.294999986886978 0.226999998092651 0.187000006437302 0.184000000357628 0.172999992966652 0.150000005960464 0.196999996900558 0.208000004291534 0.195999994874001 0.203999996185303 0.224999994039536 0.214000001549721 0.219999998807907 0.238000005483627 0.187999993562698 0.186000004410744 0.155000001192093 0.108000002801418 0.0989999994635582 0.0489999987185001 0.0370000004768372 0.0219999998807907 0.0790000036358833 0.101000003516674 0.122000001370907 0.0890000015497208 0.14300000667572 0.145999997854233 0.162000000476837 0.163000002503395 0.155000001192093 0.0829999968409538 0.119999997317791 0.0769999995827675 0.0649999976158142 0.0689999982714653 0.0799999982118607 0.0869999974966049 0.0890000015497208 0.0790000036358833 0.0810000002384186 0.0920000001788139 0.108999997377396 0.0939999967813492 0.111000001430511
0.195999994874001 0.190999999642372 0.246999993920326 0.284999996423721 0.18299999833107 0.150999993085861 0.171000003814697 0.100000001490116 0.157000005245209 0.168999999761581 0.158000007271767 0.18299999833107 0.170000001788139 0.159999996423721 0.157000005245209 0.184000000357628 0.225999996066093 0.23199999332428 0.275999993085861 0.224999994039536 0.178000003099442 0.185000002384186 0.193000003695488 0.193000003695488 0.155000001192093 0.125 0.104999996721745 0.0610000006854534 0.0750000029802322 0.103000000119209 0.103000000119209 0.0570000000298023 0.0480000004172325 0.0659999996423721 0.0710000023245811 0.112999998033047 0.150999993085861 0.212999999523163 0.224000006914139 0.133000001311302 0.120999999344349 0.090999998152256 0.0729999989271164 0.0769999995827675 0.0780000016093254 0.0810000002384186 0.105999998748302 0.111000001430511 0.100000001490116 0.0979999974370003 0.115000002086163 0.0700000002980232 0.0659999996423721
0.197999998927116 0.214000001549721 0.246999993920326 0.310000002384186 0.135000005364418 0.187999993562698 0.195999994874001 0.097000002861023 0.108999997377396 0.155000001192093 0.160999998450279 0.162000000476837 0.155000001192093 0.187000006437302 0.150999993085861 0.207000002264977 0.229000002145767 0.238999992609024 0.194999992847443 0.189999997615814 0.214000001549721 0.231000006198883 0.250999987125397 0.226999998092651 0.152999997138977 0.111000001430511 0.13400000333786 0.108000002801418 0.109999999403954 0.0920000001788139 0.0920000001788139 0.025000000372529 0.0350000001490116 0.0370000004768372 0.0399999991059303 0.0350000001490116 0.0869999974966049 0.150999993085861 0.119999997317791 0.0710000023245811 0.0759999975562096 0.0689999982714653 0.0769999995827675 0.0850000008940697 0.090999998152256 0.0829999968409538 0.0949999988079071 0.0979999974370003 0.100000001490116 0.0900000035762787 0.125 0.0879999995231628 0.0799999982118607
0.209000006318092 0.184000000357628 0.216000005602837 0.178000003099442 0.203999996185303 0.216000005602837 0.167999997735023 0.126000002026558 0.101999998092651 0.112999998033047 0.159999996423721 0.152999997138977 0.164000004529953 0.165000006556511 0.160999998450279 0.210999995470047 0.212999999523163 0.187999993562698 0.195999994874001 0.233999997377396 0.245000004768372 0.244000002741814 0.256000012159348 0.266000002622604 0.25 0.215000003576279 0.155000001192093 0.136999994516373 0.0989999994635582 0.063000001013279 0.0529999993741512 0.0359999984502792 0.0370000004768372 0.0439999997615814 0.0410000011324883 0.0350000001490116 0.0820000022649765 0.128000006079674 0.104999996721745 0.061999998986721 0.0820000022649765 0.0890000015497208 0.0930000022053719 0.0989999994635582 0.0890000015497208 0.0900000035762787 0.0820000022649765 0.103000000119209 0.103000000119209 0.101000003516674 0.0810000002384186 0.108000002801418 0.145999997854233
0.223000004887581 0.188999995589256 0.152999997138977 0.159999996423721 0.20100000500679 0.219999998807907 0.185000002384186 0.144999995827675 0.103000000119209 0.108999997377396 0.116999998688698 0.126000002026558 0.128000006079674 0.149000003933907 0.18299999833107 0.207000002264977 0.181999996304512 0.166999995708466 0.208000004291534 0.257999986410141 0.218999996781349 0.199000000953674 0.221000000834465 0.229000002145767 0.209999993443489 0.167999997735023 0.158999994397163 0.148000001907349 0.145999997854233 0.144999995827675 0.101999998092651 0.0540000014007092 0.0370000004768372 0.0469999983906746 0.0379999987781048 0.05799999833107 0.0610000006854534 0.096000000834465 0.0780000016093254 0.0659999996423721 0.101999998092651 0.097000002861023 0.0989999994635582 0.0930000022053719 0.0869999974966049 0.0839999988675117 0.0810000002384186 0.0930000022053719 0.0820000022649765 0.0839999988675117 0.108000002801418 0.136000007390976 0.217999994754791
0.216999992728233 0.189999997615814 0.162000000476837 0.158999994397163 0.172999992966652 0.214000001549721 0.224000006914139 0.156000003218651 0.119000002741814 0.116999998688698 0.111000001430511 0.115000002086163 0.119999997317791 0.133000001311302 0.180000007152557 0.175999999046326 0.252000004053116 0.266999989748001 0.237000003457069 0.243000000715256 0.203999996185303 0.215000003576279 0.216000005602837 0.194999992847443 0.149000003933907 0.12899999320507 0.136999994516373 0.170000001788139 0.214000001549721 0.208000004291534 0.164000004529953 0.0529999993741512 0.0419999994337559 0.0480000004172325 0.0509999990463257 0.046000000089407 0.10700000077486 0.0860000029206276 0.0640000030398369 0.0759999975562096 0.090999998152256 0.0869999974966049 0.0860000029206276 0.0939999967813492 0.0939999967813492 0.0839999988675117 0.0780000016093254 0.0780000016093254 0.0769999995827675 0.0890000015497208 0.123999997973442 0.120999999344349 0.187000006437302
0.208000004291534 0.204999998211861 0.171000003814697 0.156000003218651 0.162000000476837 0.215000003576279 0.202999994158745 0.153999999165535 0.112000003457069 0.109999999403954 0.116999998688698 0.119999997317791 0.119000002741814 0.146999999880791 0.172999992966652 0.326999992132187 0.351999998092651 0.303000003099442 0.163000002503395 0.193000003695488 0.208000004291534 0.291000008583069 0.277999997138977 0.26800000667572 0.222000002861023 0.137999996542931 0.148000001907349 0.194999992847443 0.246999993920326 0.232999995350838 0.209000006318092 0.150000005960464 0.0570000000298023 0.0570000000298023 0.068000003695488 0.0920000001788139 0.100000001490116 0.0920000001788139 0.0850000008940697 0.0900000035762787 0.0810000002384186 0.0829999968409538 0.0869999974966049 0.0860000029206276 0.0890000015497208 0.0829999968409538 0.0869999974966049 0.0839999988675117 0.0850000008940697 0.0869999974966049 0.119000002741814 0.151999995112419 0.168999999761581
0.209999993443489 0.215000003576279 0.189999997615814 0.167999997735023 0.150999993085861 0.181999996304512 0.194999992847443 0.180999994277954 0.148000001907349 0.10700000077486 0.109999999403954 0.119000002741814 0.126000002026558 0.167999997735023 0.228000000119209 0.333999991416931 0.342000007629395 0.222000002861023 0.207000002264977 0.254000008106232 0.374000012874603 0.314999997615814 0.270999997854233 0.261999994516373 0.252999991178513 0.167999997735023 0.172999992966652 0.211999997496605 0.259999990463257 0.275999993085861 0.236000001430511 0.136999994516373 0.0520000010728836 0.05799999833107 0.0810000002384186 0.101999998092651 0.108999997377396 0.101999998092651 0.0799999982118607 0.0799999982118607 0.090999998152256 0.0780000016093254 0.0790000036358833 0.0920000001788139 0.0930000022053719 0.0989999994635582 0.125 0.131999999284744 0.100000001490116 0.11599999666214 0.131999999284744 0.190999999642372 0.144999995827675
0.232999995350838 0.226999998092651 0.194999992847443 0.180999994277954 0.171000003814697 0.197999998927116 0.190999999642372 0.194000005722046 0.141000002622604 0.109999999403954 0.135000005364418 0.136999994516373 0.160999998450279 0.224999994039536 0.23199999332428 0.270999997854233 0.243000000715256 0.219999998807907 0.209999993443489 0.222000002861023 0.275000005960464 0.252999991178513 0.252000004053116 0.328000009059906 0.270999997854233 0.208000004291534 0.209000006318092 0.268999993801117 0.279000014066696 0.268999993801117 0.209000006318092 0.0329999998211861 0.0509999990463257 0.0480000004172325 0.0469999983906746 0.0540000014007092 0.0949999988079071 0.100000001490116 0.128000006079674 0.123000003397465 0.0500000007450581 0.0659999996423721 0.0540000014007092 0.0780000016093254 0.0640000030398369 0.0370000004768372 0.0759999975562096 0.0839999988675117 0.0850000008940697 0.12899999320507 0.120999999344349 0.143999993801117 0.14300000667572
0.214000001549721 0.199000000953674 0.155000001192093 0.165000006556511 0.20100000500679 0.216999992728233 0.197999998927116 0.189999997615814 0.149000003933907 0.12899999320507 0.142000004649162 0.138999998569489 0.170000001788139 0.211999997496605 0.187000006437302 0.331000000238419 0.212999999523163 0.188999995589256 0.166999995708466 0.185000002384186 0.23199999332428 0.224999994039536 0.351999998092651 0.36599999666214 0.30799999833107 0.245000004768372 0.24099999666214 0.261999994516373 0.252999991178513 0.209999993443489 0.204999998211861 0.0390000008046627 0.0450000017881393 0.0430000014603138 0.0450000017881393 0.0480000004172325 0.0890000015497208 0.0810000002384186 0.0810000002384186 0.0930000022053719 0.10700000077486 0.0599999986588955 0.0750000029802322 0.0790000036358833 0.0750000029802322 0.06700000166893 0.112999998033047 0.101999998092651 0.100000001490116 0.125 0.119000002741814 0.0949999988079071 0.115000002086163
0.202000007033348 0.187999993562698 0.187000006437302 0.273999989032745 0.31700000166893 0.30799999833107 0.232999995350838 0.172000005841255 0.145999997854233 0.130999997258186 0.123999997973442 0.143999993801117 0.167999997735023 0.159999996423721 0.135000005364418 0.224000006914139 0.138999998569489 0.150000005960464 0.164000004529953 0.196999996900558 0.202000007033348 0.207000002264977 0.266000002622604 0.261999994516373 0.218999996781349 0.223000004887581 0.221000000834465 0.218999996781349 0.20100000500679 0.101999998092651 0.140000000596046 0.0320000015199184 0.0379999987781048 0.0540000014007092 0.0590000003576279 0.0469999983906746 0.096000000834465 0.0869999974966049 0.111000001430511 0.123999997973442 0.061999998986721 0.0560000017285347 0.0939999967813492 0.0710000023245811 0.0549999997019768 0.0879999995231628 0.0920000001788139 0.0820000022649765 0.0890000015497208 0.130999997258186 0.112999998033047 0.0920000001788139 0.118000000715256
-9999 -9999 -9999 0.287999987602234 0.301999986171722 0.32600000500679 0.307000011205673 0.194000005722046 0.140000000596046 0.12899999320507 0.150000005960464 0.163000002503395 0.167999997735023 0.175999999046326 0.216999992728233 0.214000001549721 0.209000006318092 0.146999999880791 0.168999999761581 0.194999992847443 0.211999997496605 0.216999992728233 0.254000008106232 0.24099999666214 0.218999996781349 0.217999994754791 0.245000004768372 0.270000010728836 0.197999998927116 0.0759999975562096 0.13400000333786 0.0350000001490116 0.0540000014007092 0.0769999995827675 0.111000001430511 0.0879999995231628 0.104999996721745 0.0780000016093254 0.0439999997615814 0.0509999990463257 0.0570000000298023 0.13400000333786 0.123000003397465 0.0930000022053719 0.0869999974966049 0.0759999975562096 0.0759999975562096 0.06700000166893 0.0879999995231628 0.0799999982118607 0.0750000029802322 0.046000000089407 0.131999999284744
-9999 -9999 -9999 0.263000011444092 0.296999990940094 0.335999995470047 0.324000000953674 0.18299999833107 0.143999993801117 0.157000005245209 0.165999993681908 0.150999993085861 0.158000007271767 0.178000003099442 0.222000002861023 0.219999998807907 0.212999999523163 0.203999996185303 0.216000005602837 0.202999994158745 0.185000002384186 0.186000004410744 0.19200000166893 0.217999994754791 0.232999995350838 0.20100000500679 0.218999996781349 0.216999992728233 0.234999999403954 0.231000006198883 0.238000005483627 0.0740000009536743 0.0430000014603138 0.149000003933907 0.160999998450279 0.159999996423721 0.136999994516373 0.119999997317791 0.0989999994635582 0.123000003397465 0.167999997735023 0.152999997138977 0.150000005960464 0.111000001430511 0.0750000029802322 0.0769999995827675 0.0759999975562096 0.0560000017285347 0.0820000022649765 0.0780000016093254 0.0430000014603138 0.0430000014603138 0.0689999982714653
-9999 -9999 -9999 -9999 0.29899999499321 0.333000004291534 0.324999988079071 0.248999997973442 0.211999997496605 0.206000000238419 0.156000003218651 0.136000007390976 0.172000005841255 0.200000002980232 0.200000002980232 0.216999992728233 0.20100000500679 0.228000000119209 0.245000004768372 0.238999992609024 0.180999994277954 0.197999998927116 0.202000007033348 0.232999995350838 0.223000004887581 0.204999998211861 0.266999989748001 0.219999998807907 0.202999994158745 0.202999994158745 0.181999996304512 0.120999999344349 0.0839999988675117 0.144999995827675 0.158999994397163 0.166999995708466 0.179000005125999 0.184000000357628 0.189999997615814 0.153999999165535 0.144999995827675 0.150000005960464 0.137999996542931 0.115000002086163 0.0799999982118607 0.0829999968409538 0.0829999968409538 0.0860000029206276 0.0759999975562096 0.0729999989271164 0.0419999994337559 0.0520000010728836 0.0320000015199184
-9999 -9999 -9999 -9999 0.142000004649162 0.185000002384186 0.307000011205673 0.252999991178513 0.216000005602837 0.156000003218651 0.150999993085861 0.241999998688698 0.202000007033348 0.145999997854233 0.180999994277954 0.202000007033348 0.194000005722046 0.25900000333786 0.243000000715256 0.186000004410744 0.185000002384186 0.194999992847443 0.230000004172325 0.214000001549721 0.226999998092651 0.275000005960464 0.294999986886978 0.209999993443489 0.190999999642372 0.215000003576279 0.238000005483627 0.175999999046326 0.108000002801418 0.157000005245209 0.186000004410744 0.203999996185303 0.202000007033348 0.200000002980232 0.206000000238419 0.210999995470047 0.155000001192093 0.204999998211861 0.104999996721745 0.0939999967813492 0.0839999988675117 0.0829999968409538 0.100000001490116 0.0780000016093254 0.0500000007450581 0.0529999993741512 0.0450000017881393 0.0489999987185001 0.0379999987781048
-9999 -9999 -9999 -9999 0.123000003397465 0.164000004529953 0.238999992609024 0.244000002741814 0.178000003099442 0.123000003397465 0.159999996423721 0.247999995946884 0.238000005483627 0.202000007033348 0.202000007033348 0.150999993085861 0.202000007033348 0.20100000500679 0.197999998927116 0.199000000953674 0.189999997615814 0.187999993562698 0.189999997615814 0.193000003695488 0.193000003695488 0.189999997615814 0.264999985694885 0.230000004172325 0.215000003576279 0.221000000834465 0.25 0.244000002741814 0.193000003695488 0.197999998927116 0.196999996900558 0.303999990224838 0.243000000715256 0.228000000119209 0.209999993443489 0.226999998092651 0.261999994516373 0.195999994874001 0.150999993085861 0.130999997258186 0.108999997377396 0.0780000016093254 0.0750000029802322 0.0469999983906746 0.0419999994337559 0.0439999997615814 0.0430000014603138 0.0359999984502792 0.0419999994337559
-9999 -9999 -9999 -9999 -9999 0.159999996423721 0.221000000834465 0.226999998092651 0.27700001001358 0.230000004172325 0.245000004768372 0.225999996066093 0.25 0.270000010728836 0.231000006198883 0.202000007033348 0.256000012159348 0.193000003695488 0.202999994158745 0.208000004291534 0.280000001192093 0.229000002145767 0.195999994874001 0.193000003695488 0.189999997615814 0.228000000119209 0.303999990224838 0.194000005722046 0.234999999403954 0.222000002861023 0.263000011444092 0.252000004053116 0.287999987602234 0.180999994277954 0.166999995708466 0.228000000119209 0.244000002741814 0.261000007390976 0.305999994277954 0.333999991416931 0.287999987602234 0.129999995231628 0.135000005364418 0.14300000667572 0.118000000715256 0.109999999403954 0.0759999975562096 0.0799999982118607 0.0610000006854534 0.0480000004172325 0.0430000014603138 0.0450000017881393 0.0399999991059303
-9999 -9999 -9999 -9999 -9999 0.159999996423721 0.194999992847443 0.209999993443489 0.159999996423721 0.296000003814697 0.224000006914139 0.23199999332428 0.204999998211861 0.207000002264977 0.216999992728233 0.231000006198883 0.24600000679493 0.233999997377396 0.243000000715256 0.24099999666214 0.238000005483627 0.218999996781349 0.222000002861023 0.209000006318092 0.310999989509583 0.32600000500679 0.330000013113022 0.207000002264977 0.239999994635582 0.241999998688698 0.208000004291534 0.23199999332428 0.167999997735023 0.17399999499321 0.177000001072884 0.289000004529953 0.33500000834465 0.319999992847443 0.30799999833107 0.287999987602234 0.194999992847443 0.164000004529953 0.167999997735023 0.144999995827675 0.097000002861023 0.0949999988079071 0.0719999969005585 0.0829999968409538 0.0640000030398369 0.0430000014603138 0.0419999994337559 0.061999998986721 0.0590000003576279
-9999 -9999 -9999 -9999 -9999 0.156000003218651 0.18299999833107 0.202000007033348 0.214000001549721 0.296999990940094 0.261000007390976 0.270999997854233 0.261000007390976 0.244000002741814 0.243000000715256 0.261999994516373 0.279000014066696 0.284000009298325 0.377999991178513 0.405000001192093 0.301999986171722 0.351000010967255 0.370999991893768 0.418000012636185 0.453000009059906 0.442999988794327 0.305999994277954 0.263000011444092 0.28600001335144 0.328999996185303 0.303999990224838 0.221000000834465 0.188999995589256 0.177000001072884 0.263000011444092 0.326999992132187 0.233999997377396 0.216000005602837 0.230000004172325 0.187999993562698 0.158000007271767 0.152999997138977 0.165999993681908 0.202999994158745 0.14300000667572 0.063000001013279 0.0399999991059303 0.0419999994337559 0.0549999997019768 0.0560000017285347 0.046000000089407 0.034000001847744 0.0390000008046627
-9999 -9999 -9999 -9999 -9999 0.178000003099442 0.181999996304512 0.204999998211861 0.212999999523163 0.236000001430511 0.254999995231628 0.282000005245209 0.340999990701675 0.296000003814697 0.335999995470047 0.337999999523163 0.300000011920929 0.310000002384186 0.30799999833107 0.33500000834465 0.345999985933304 0.34400001168251 0.349000006914139 0.321999996900558 0.331999987363815 0.298000007867813 0.199000000953674 0.194000005722046 0.206000000238419 0.209000006318092 0.303999990224838 0.361000001430511 0.266999989748001 0.190999999642372 0.342000007629395 0.342999994754791 0.225999996066093 0.226999998092651 0.216999992728233 0.197999998927116 0.158999994397163 0.143999993801117 0.164000004529953 0.207000002264977 0.174999997019768 0.096000000834465 0.0710000023245811 0.0390000008046627 0.0489999987185001 0.0529999993741512 0.0480000004172325 0.0450000017881393 0.0500000007450581
-9999 -9999 -9999 -9999 -9999 0.168999999761581 0.190999999642372 0.207000002264977 0.221000000834465 0.231000006198883 0.34799998998642 0.314999997615814 0.324000000953674 0.312999993562698 0.300999999046326 0.331000000238419 0.273999989032745 0.27700001001358 0.264999985694885 0.246999993920326 0.23199999332428 0.254999995231628 0.279000014066696 0.330000013113022 0.375999987125397 0.312000006437302 0.194999992847443 0.187999993562698 0.190999999642372 0.172999992966652 0.241999998688698 0.414000004529953 0.374000012874603 0.349000006914139 0.363999992609024 0.26800000667572 0.184000000357628 0.207000002264977 0.202000007033348 0.194000005722046 0.142000004649162 0.142000004649162 0.165999993681908 0.177000001072884 0.167999997735023 0.133000001311302 0.0710000023245811 0.0759999975562096 0.0520000010728836 0.0570000000298023 0.0520000010728836 0.0489999987185001 0.097000002861023
-9999 -9999 -9999 -9999 0.150000005960464 0.188999995589256 0.203999996185303 0.243000000715256 0.204999998211861 0.266999989748001 0.248999997973442 0.256000012159348 0.246999993920326 0.282000005245209 0.273000001907349 0.294999986886978 0.252999991178513 0.234999999403954 0.193000003695488 0.199000000953674 0.270999997854233 0.273000001907349 0.310999989509583 0.259999990463257 0.268999993801117 0.24600000679493 0.19200000166893 0.194999992847443 0.216999992728233 0.20100000500679 0.222000002861023 0.204999998211861 0.218999996781349 0.370999991893768 0.358999997377396 0.207000002264977 0.211999997496605 0.246999993920326 0.252999991178513 0.179000005125999 0.12899999320507 0.143999993801117 0.153999999165535 0.150000005960464 0.164000004529953 0.159999996423721 0.104999996721745 0.0270000007003546 0.0379999987781048 0.0509999990463257 0.0500000007450581 0.0439999997615814 0.0799999982118607
-9999 -9999 -9999 -9999 0.153999999165535 0.20100000500679 0.216999992728233 0.221000000834465 0.214000001549721 0.228000000119209 0.266000002622604 0.331000000238419 0.314000010490417 0.282000005245209 0.270999997854233 0.238000005483627 0.216000005602837 0.188999995589256 0.171000003814697 0.208000004291534 0.245000004768372 0.310000002384186 0.321999996900558 0.282999992370605 0.312000006437302 0.256999999284744 0.189999997615814 0.197999998927116 0.248999997973442 0.246999993920326 0.238999992609024 0.178000003099442 0.164000004529953 0.254000008106232 0.319000005722046 0.27700001001358 0.228000000119209 0.279000014066696 0.172000005841255 0.105999998748302 0.116999998688698 0.112000003457069 0.151999995112419 0.174999997019768 0.17399999499321 0.172999992966652 0.20100000500679 0.12899999320507 0.137999996542931 0.105999998748302 0.05799999833107 0.0540000014007092 0.101999998092651
