Geospatial/Brazil_maize_harvested_area.asc
NCOLS 470 
NROWS 468 
XLLCORNER -74.0004239999869 
YLLCORNER -33.7495049999942 
CELLSIZE 0.0833330000000103 
NODATA_value -9999 
[rows 150 to 174 of 468, columns 280 to 335 of 470]
175.218521118164 175.491027832031 275.971313476562 548.067810058594 997.203674316406 1728.89035749435 1253.9921207428 908.460498809814 490.748538017273 551.110473632812 538.492204189301 339.822387695312 388.465789794922 478.886926651001 451.507568359375 1128.08337402344 718.88330078125 278.218562602997 1228.50827789307 596.287921905518 535.560225009918 568.986879348755 988.858642578125 488.230194091797 404.484831809998 366.170860290527 1023.3271484375 622.156021118164 356.638763427734 349.76461315155 226.146820068359 45.0280272960663 81.5137363672256 350.848937988281 0 0 0 0 0 0 0 0 20.325963973999 18.6579074859619 23.3723630905151 4.67457723617554 7.88352155685425 10.3543462753296 2.02784562110901 0 21.2553653717041 13.9483575820923 3.6318986415863 1.58087015151978 0 0
232.151153564453 319.542663574219 427.366821289062 1091.4912109375 918.444580078125 1070.55908203125 813.739105224609 899.378723144531 389.455688476562 367.149597167969 227.818603515625 318.360015869141 646.480834960938 375.578582763672 527.91289305687 1286.64428710938 557.681335449219 604.721790313721 433.223754882812 1078.90686035156 563.997741699219 1067.09083557129 741.354187011719 234.88623046875 843.656860351562 964.759676933289 802.59543132782 377.994144439697 286.473137021065 343.787994384766 315.552886962891 63.0855983495712 192.726615905762 376.427917480469 186.557918548584 103.38111114502 0 0 0 0 0 0 3.19128370285034 3.8261878490448 7.19712448120117 3.70743918418884 3.27414679527283 14.6916246414185 1.05923569202423 0 38.8689422607422 73.6017074584961 35.4594764709473 8.71465682983398 0 0
386.171508789062 480.247406005859 460.074053764343 506.612945556641 538.661560058594 893.652893066406 870.376281738281 830.478519439697 438.696258544922 336.231719970703 280.889190673828 540.950714111328 219.91764831543 554.451516151428 1057.24764537811 566.967041015625 578.628242492676 1206.53511810303 1076.33575844765 1152.60254478455 252.112602233887 632.789184570312 357.631225585938 136.428115844727 416.33325958252 589.882568359375 595.067203998566 312.154403686523 240.490432739258 380.348724365234 311.410339355469 91.3725770711899 401.213226318359 680.863622665405 172.31504034996 58.5004851818085 48.2021619081497 19.8602471351624 0 0 0 0 0 0 0 0 2.19305849075317 3.41608786582947 0 2.53603553771973 22.6718425750732 55.3503799438477 22.7678241729736 7.21587991714478 0 0
393.850868225098 307.707262039185 496.043477058411 467.232744693756 348.798217773438 703.995239257812 790.185791015625 738.513366699219 443.541687011719 195.393615722656 230.823580026627 164.80052947998 159.879718780518 361.630114674568 487.643981933594 463.575845718384 630.521118164062 382.183654785156 566.352914810181 533.785118341446 246.691986083984 194.256362915039 231.204040527344 155.153427124023 241.036361694336 328.282012939453 511.694976806641 220.225845336914 104.144454956055 100.196510314941 283.210052490234 211.741973876953 236.478866577148 432.238403320312 43.3016357421875 67.3203735351562 50.0891036987305 0 0 0 0 0 0 1.24368906021118 1.34694826602936 0 0 0 0 0 11.0041427612305 10.4378900527954 7.99449920654297 1.94125914573669 0 1.19101226329803
387.595413208008 443.256874084473 873.425057888031 600.654769897461 333.362820744514 568.20947265625 198.526473999023 350.421997070312 462.723022460938 88.1228575706482 114.126251220703 93.0939203500748 289.913360595703 376.538635253906 811.117741942406 555.913513183594 1158.89538574219 680.781188964844 375.213897705078 757.84814453125 508.657470703125 402.589447021484 481.015563964844 555.6083984375 447.362213134766 595.338439941406 537.195129394531 302.043914794922 78.678108215332 97.4627075195312 45.9105224609375 113.580223083496 0 0 0 0 34.5396575927734 5.83965444564819 0 0 0 0 0 0 0 0 0 0 0 1.13240230083466 15.2685461044312 10.9281129837036 1.52125287055969 0 0 0
489.858297348022 511.90162229538 602.004699707031 535.17724609375 329.835815429688 489.724609375 294.971328735352 340.600677490234 231.213531494141 272.489715576172 222.461778044701 254.082427978516 514.464874267578 624.055599212646 449.970403671265 897.251045107841 879.859359741211 1711.13269042969 1467.74633789062 1035.92175292969 865.409729003906 437.401062011719 651.864501953125 507.71875 489.668273925781 417.692810058594 373.162872314453 280.980499267578 48.4290390014648 53.4325561523438 45.7728157043457 110.693428039551 0 0 0 0 0 0 0 0 0 0 0 0 0 0 1.20903205871582 0 0 1.72218632698059 48.2782402038574 4.91595649719238 0 0 0 0
269.845062255859 699.697137832642 789.481140136719 793.982727050781 254.786374688148 396.673248767853 477.92919921875 252.191223144531 208.422878265381 420.271884918213 308.018402099609 144.294799804688 237.240646362305 367.810801029205 448.268170833588 1620.42224121094 1175.66818547249 1126.24627685547 1481.92980957031 911.174865722656 733.508728027344 262.263763427734 452.777648925781 742.746765136719 697.442077636719 528.407104492188 481.172302246094 98.3311386108398 66.0835571289062 80.4136657714844 40.7560539245605 0 0 0 0 0 0 0 0 1.39786279201508 1.99940824508667 26.9284763336182 4.89862966537476 5.83998346328735 0 0 0 0 0 3.62231516838074 11.8202142715454 11.3963737487793 11.4244108200073 0 0 5.61459350585938
454.66729259491 814.50065612793 693.016296386719 421.784027099609 190.958724975586 342.455134391785 839.169555664062 891.762482643127 422.349670410156 517.626586914062 405.345764160156 352.983216285706 363.042446136475 799.732421875 835.308959960938 917.311645507812 868.880126953125 794.496887207031 1480.42443847656 775.377136230469 484.034912109375 201.688232421875 452.838714599609 605.428039550781 611.38671875 917.883422851562 847.572875976562 240.739486694336 63.2950820922852 50.8256874084473 36.1234474182129 0 0 74.6117324829102 0 0 0 0 0 8.42803764343262 2.14238786697388 1.17433750629425 0 12.822190284729 41.9407043457031 20.8880138397217 28.2191886901855 6.95105600357056 0 19.7675590515137 3.70913767814636 18.2362232208252 1.69110751152039 0 1.96673786640167 4.36305046081543
664.11775970459 743.699434280396 750.914672851562 527.491607666016 231.162704467773 480.104827880859 707.020263671875 533.142578125 502.320526123047 421.440765380859 199.409851074219 181.19514465332 277.769195556641 552.473876953125 294.932678222656 1147.19799804688 778.139343261719 567.736795902252 1525.18798828125 762.770568847656 503.703887939453 285.702075958252 575.919494628906 780.770629882812 207.743389606476 905.983032226562 726.980773925781 166.338424682617 51.8514537811279 20.9784659147263 40.2690982818604 40.22880256176 48.0586681365967 74.148365020752 0 0 0 0 0 0 0 10.3553657531738 0 25.3236255645752 30.573034286499 0 1.65187871456146 6.9864354133606 3.15155363082886 2.72166967391968 3.06380724906921 0 0 0 5.50799250602722 0
719.32958984375 1008.28895807266 903.208557128906 993.447570800781 992.769958496094 640.061908721924 263.616928100586 606.34326171875 615.286121368408 438.363077163696 134.82405090332 369.707092285156 382.122948646545 576.80255317688 634.205627441406 576.0908203125 507.326843261719 441.952850341797 889.052307128906 366.761165618896 369.574768066406 374.767466783524 1092.8447265625 818.787330627441 508.581817626953 610.512145996094 503.494781494141 29.501745223999 5.19892168045044 8.3671178817749 36.1507186889648 19.465311050415 54.949520111084 7.99072360992432 0 0 0 0 0 0 0 19.6898381710052 6.4884729385376 0 0 0 1.26594626903534 6.33518171310425 16.6929107904434 36.5953531265259 0 0 0 8.33818817138672 11.5329275131226 1.5249171257019
414.979904174805 310.129325866699 520.123992919922 1293.7841796875 1426.681640625 780.334411621094 313.065216064453 551.518493652344 891.228759765625 470.257019042969 193.490615844727 175.171859741211 703.454895019531 314.685852050781 348.043151855469 584.564819335938 456.310485839844 449.411987304688 1116.85958862305 677.16845703125 159.547906398773 122.270015716553 525.496276855469 1082.69934082031 1124.84708404541 716.263244628906 479.040246963501 54.1562385559082 26.3300938606262 18.5231184959412 30.5399713516235 51.2572885751724 58.0408401489258 4.50927019119263 7.20425844192505 0 0 0 0 0 3.73660922050476 15.2597694396973 0 0 0 0 1.07672417163849 31.3565425872803 30.1090517044067 20.8848947286606 4.72817039489746 0 0 3.07046151161194 25.2314739227295 5.22550821304321
383.852203369141 721.672302246094 1268.87841796875 814.611145019531 575.057312011719 1157.79244995117 855.185913085938 778.077208995819 435.868621826172 377.965995311737 499.67481803894 403.483306884766 810.737609863281 426.133544921875 728.219543457031 649.213562011719 1042.86022949219 308.72744178772 925.342956542969 535.611265182495 357.203796386719 352.743988037109 608.598815917969 1242.38354492188 710.533142089844 465.268371582031 259.327697753906 46.0131092071533 49.3296852111816 32.0425052642822 41.9317779541016 70.5098342895508 119.838523864746 11.8418006896973 29.2279653549194 16.1161994934082 0 0 0 0 0 0 0 0 0 0 18.7172031402588 36.7893295288086 40.3454456329346 19.3110461235046 21.9266929626465 8.92014789581299 0 0 0 7.62335586547852
356.005828857422 407.3701171875 1119.62208557129 1006.69818496704 958.711486816406 854.279543161392 560.221740722656 449.676605224609 260.425720214844 253.663208007812 506.388610839844 370.314910888672 757.387817382812 558.609436035156 484.147701263428 490.998077392578 684.112670898438 132.668075561523 256.534576416016 196.151275634766 385.200836181641 234.309295654297 479.203948974609 871.25634765625 345.898223876953 587.426818847656 164.466217041016 38.6958541870117 80.7669830322266 24.667028427124 38.1164054870605 53.6000671386719 152.142807006836 130.807479858398 57.9957160949707 9.28725814819336 0 0 0 0 5.41845703125 0 0 0 0 3.24389338493347 27.282338142395 45.071613073349 43.5399398803711 7.24902534484863 3.23734164237976 1.51086580753326 0 0 5.03723573684692 9.36681270599365
678.634704589844 483.469421386719 774.954956054688 813.738952636719 975.592041015625 429.068511962891 255.356033325195 287.872711181641 99.9392929077148 113.57628941536 78.8040547370911 226.776657104492 715.703268051147 573.517761230469 776.897124290466 545.921264648438 391.511481285095 281.086608886719 158.843124389648 99.4375 375.113037109375 322.217468261719 607.861877441406 386.812866210938 253.496795654297 352.413665771484 45.802059173584 6.10530471801758 20.3604049682617 39.6127090454102 43.9489593505859 25.9941792488098 65.2613754272461 289.212799072266 216.564224243164 0 0 0 0 0 1.97109174728394 0 1.8479882478714 0 0 3.14248871803284 2.63743329048157 13.9273290634155 5.63728284835815 0 35.891975402832 10.3045711517334 0 0 36.3841972351074 13.634165763855
458.878051757812 354.83708190918 625.656005859375 402.711944580078 754.619812011719 298.899963378906 413.687255859375 244.994812011719 79.0835418701172 77.4401092529297 51.3638381958008 169.925430297852 145.181106567383 571.698364257812 538.774658203125 441.56689453125 556.040100097656 235.607467651367 193.042068481445 358.252410888672 314.897827148438 533.852172851562 258.4736328125 56.9290161132812 114.730606079102 297.870422363281 68.5485534667969 105.290802001953 33.1502342224121 57.7210960388184 43.8425750732422 72.6437072753906 50.2510795593262 189.216720581055 103.500640869141 0 0 0 0 0 0 0 0 0 0 3.0386528968811 10.6038951873779 22.2611827850342 18.3582172393799 1.21881794929504 4.96729326248169 0 0 0 20.2016429901123 8.76033210754395
201.083297729492 657.00244140625 497.909393310547 944.146667480469 593.987426757812 206.536865234375 553.174781799316 131.251876831055 24.2593860626221 10.5224361419678 105.192253112793 81.7899322509766 108.035308837891 203.972061157227 388.858955383301 180.130142211914 148.028686523438 63.8675537109375 266.143615722656 339.646392822266 393.916137695312 360.202941894531 500.714111328125 167.222930908203 109.534408569336 267.936370849609 111.134719848633 0 35.2242088317871 33.5403480529785 91.4669647216797 24.7586460113525 24.1827125549316 70.4073867797852 19.8282737731934 0 0 0 0 0 0 0 0 0 0 23.503360748291 35.9524269104004 11.4663515090942 10.7642688751221 0 0 0 0 0 31.3815803527832 2.3800847530365
432.842254638672 697.570190429688 651.139831542969 886.068054199219 820.677845954895 471.188152313232 303.993169784546 191.598846435547 6.67203164100647 0 52.489803314209 96.7054672241211 76.2860260009766 60.6087188720703 113.518585205078 303.371948242188 52.8452110290527 146.699401855469 194.397735595703 232.8056640625 341.811798095703 452.867553710938 412.775604248047 165.409729003906 140.722106933594 176.315704345703 78.228157043457 3.37565779685974 13.5556888580322 49.068531036377 29.3181667327881 67.4803466796875 20.1055107116699 30.9062919616699 21.9142799377441 25.7379932403564 0 0 0 0 0 0 0 0 0 45.2366256713867 42.5965957641602 19.6334495544434 25.7037544250488 2.46905493736267 0 0 0 19.9573440551758 50.2057800292969 17.616153717041
328.408752441406 766.833190917969 659.324401855469 329.995269775391 266.841529846191 257.628265380859 12.090446472168 10.0714950561523 16.6054420471191 47.999641418457 37.7982711791992 59.4984321594238 12.8050107955933 46.2098197937012 81.0231246948242 176.367111206055 78.8926544189453 249.93212890625 299.220642089844 535.4111328125 548.39111328125 837.59375 402.9462890625 324.996398925781 263.361053466797 128.560836791992 39.6557006835938 17.7191963195801 39.7653274536133 67.5246429443359 44.5806846618652 2.30590510368347 5.53463792800903 2.25296497344971 22.370325088501 0 0 0 0 0 0 0 4.96570444107056 0 0 4.65541219711304 7.15185213088989 11.5135927200317 3.09536504745483 0 0 0 8.08149433135986 9.31514167785645 22.755687713623 4.96511650085449
375.345458984375 329.925964355469 616.160217285156 240.191421508789 221.374038696289 195.078201293945 2.59845089912415 31.2424554824829 174.786666870117 78.7955017089844 167.021278381348 197.799133300781 3.20997095108032 95.6345062255859 43.8058738708496 109.394432067871 230.74382019043 260.566009521484 343.933746337891 351.503234863281 652.236312866211 625.978576660156 347.661651611328 463.64697265625 117.946823120117 249.399137496948 35.931037902832 72.2151718139648 43.5562973022461 41.7048225402832 13.3705348968506 2.44361472129822 0 12.3892464637756 52.2051048278809 14.8870793581009 0 0 0 0 0 3.89637637138367 0 0 0 2.25259208679199 2.58912873268127 0 0 0 0 12.0776243209839 182.884063720703 11.8182668685913 0 0
466.040954589844 247.154678344727 540.996154785156 368.316284179688 302.103240966797 402.262481689453 170.341171264648 112.644729614258 166.694488525391 10.7989139556885 33.7500190734863 69.9613418579102 3.43399357795715 105.206884860992 108.523292541504 44.9054870605469 11.2855982780457 219.639083862305 102.965656757355 200.237727165222 325.836730957031 266.173772335052 595.306427001953 266.956211090088 82.9870300292969 180.202438354492 176.032989501953 80.161536693573 64.5111389160156 73.9156265258789 0 28.1896600723267 5.23447370529175 7.79071712493896 0 15.473913192749 0 0 0 0 0 8.57310581207275 0 0 0 1.68887066841125 2.56556105613708 0 0 2.21789383888245 48.1704139709473 48.6731185913086 148.06884765625 57.0424270629883 0 0
374.489410400391 514.777526855469 606.557922363281 320.820960998535 267.349670410156 346.024383544922 268.403900146484 121.171890258789 182.902969360352 0 28.7072582244873 15.6900901794434 99.3957924842834 138.318912506104 147.43798828125 19.8306283950806 32.6027603149414 200.150100708008 206.149276733398 350.566253662109 315.824005126953 267.618835449219 444.946350097656 267.272827148438 115.68196105957 151.636627197266 46.3420867919922 58.6880836486816 35.3724632263184 16.7666339874268 2.7018551826477 1.58545351028442 0 10.4442472457886 3.14576077461243 1.25 0 0 0 0 4.64119815826416 0 0 0 0 0 0 0 0 18.6023330688477 29.6369781494141 23.113208770752 4.73163604736328 15.4221982955933 63.4820327758789 6.51097726821899
383.298224449158 206.35871887207 215.428404092789 128.154525637627 391.160247325897 269.755950927734 340.505920410156 137.422870397568 49.4376363754272 8.39936447143555 13.9311237335205 3.71305513381958 73.9753112792969 49.1260414123535 176.45280456543 36.271598815918 36.7252655029297 61.378002166748 27.5032787322998 31.4192428588867 128.438667297363 255.777297973633 123.272789001465 291.433715820312 33.8248062133789 32.3508949279785 21.4273338317871 22.2378997802734 20.7088432312012 1.82566785812378 1.39296102523804 0 0 0 0 0 0 0 0 0 0 0 0 0 0 0 0 0 0 13.3454599380493 10.1464347839355 19.741907119751 1.8787442445755 10.9038801193237 67.3143997192383 0
161.544584751129 194.348678588867 206.431201934814 185.755252957344 371.703979492188 121.195932388306 399.366760253906 113.86048412323 3.10813879966736 92.1281204223633 36.5740547180176 7.81895780563354 10.8906288146973 51.1051483154297 683.031433105469 47.1974411010742 57.6911201477051 41.7930221557617 19.6926231384277 13.9390678405762 10.1996173858643 18.4230632781982 124.394905090332 160.04866027832 23.3277225494385 43.3103828430176 49.6207160949707 7.89436721801758 7.81024312973022 1.81104516983032 2.3470995426178 0 0 0 0 0 0 0 0 0 1.18171060085297 0 0 0 0 0 0 0 0 0 0 2.63173151016235 1.1497403383255 0 5.77144432067871 0
108.447120666504 355.446929931641 542.386508464813 617.34814453125 594.541868925095 552.079501152039 338.980381965637 18.3886251449585 143.135731577873 40.0576858520508 41.058521270752 2.36456775665283 66.5417022705078 57.5166664123535 176.766540527344 41.9370498657227 67.3745346069336 200.678451538086 72.631950378418 31.6339015960693 13.1867752075195 21.8875923156738 11.819709777832 41.6903686523438 41.669261932373 39.9665641784668 63.2596626281738 5.80371904373169 0 1.96463775634766 2.07799053192139 1.92031836509705 0 0 0 0 0 0 0 0 0 0 3.28121185302734 6.32957220077515 0 0 3.46583080291748 0 0 0 0 1.24572110176086 0 0 65.2505340576172 13.5757493972778
163.45735168457 427.661926269531 386.533172607422 746.793731689453 474.17236328125 524.042266845703 108.55721282959 109.947525024414 68.7504425048828 34.9003982543945 17.6655960083008 17.3650321960449 78.0022125244141 0 37.0222434997559 94.7536010742188 12.2849683761597 86.5902328491211 40.9034538269043 136.057769775391 12.0125780105591 20.4600868225098 8.03344917297363 29.5724945068359 49.5458106994629 61.2941474914551 18.3501739501953 2.59304594993591 0 0 2.44053626060486 3.20401072502136 0 0 0 0 0 0 0 0 0 1.21211624145508 0 0 0 0 2.8679027557373 0 2.09859251976013 0 0 0 0 5.64689922332764 23.0636806488037 20.9151592254639
