Geospatial/Brazil_cassava_harvested_area.asc
NCOLS 470 
NROWS 468 
XLLCORNER -74.0004239999869 
YLLCORNER -33.7495049999942 
CELLSIZE 0.0833330000000103 
NODATA_value -9999 
[rows 225 to 249 of 468, columns 285 to 341 of 470]
24.2018375396729 26.0930347442627 18.7655658721924 21.9240570068359 31.7674942016602 27.9418125152588 36.4368705749512 29.0810222625732 17.0701732635498 24.6317043304443 45.2247791290283 27.5710506439209 38.2780685424805 41.146858215332 34.3546028137207 30.3590621948242 16.6414909362793 25.6499214172363 17.2855453491211 5.19801092147827 0 2.01585841178894 0 3.94036102294922 2.71623778343201 2.490234375 0 1.36157274246216 0 0 6.36199188232422 3.66374969482422 0 0 0 2.75564670562744 113.664909362793 5.03566408157349 21.3631610870361 4.39096403121948 18.3466949462891 27.8344745635986 6.48283958435059 6.45007944107056 4.97264719009399 4.06167936325073 1.51936185359955 2.4162278175354 15.5763874053955 22.7223091125488 28.9175472259521 12.7866287231445 11.016263961792 13.6311340332031 7.11526346206665 1.41811180114746 0
13.3686056137085 16.9632472991943 31.0141525268555 22.7491722106934 33.9386367797852 37.400936126709 37.8170623779297 14.8393783569336 28.9664878845215 30.4291534423828 41.1136131286621 32.217212677002 28.1703433990479 21.8426685333252 31.8422431945801 34.7820777893066 28.8906402587891 7.88080978393555 1.68587362766266 1.00791966915131 1.38188219070435 2.3686797618866 3.47524046897888 4.89700126647949 1.58625972270966 0 1.90112233161926 26.9389266967773 7.75023460388184 2.30728459358215 9.28969860076904 4.62544918060303 0 5.56765937805176 2.10824751853943 38.1338729858398 113.975425720215 17.5592746734619 50.7775421142578 20.4864463806152 33.7823219299316 36.5449333190918 6.91496133804321 9.28752326965332 8.11542510986328 5.27469778060913 1.52027273178101 3.42069935798645 6.57534503936768 31.0028133392334 21.0059490203857 5.14510154724121 7.58331298828125 6.13750410079956 8.04258632659912 4.6444376707077 3.32538866996765
29.9725208282471 35.7288475036621 11.1193618774414 12.6356248855591 8.26254558563232 20.8358898162842 21.9981994628906 27.7826747894287 33.6771240234375 30.138744354248 45.894962310791 37.8162536621094 12.2968111038208 22.9907684326172 43.575511932373 28.2523670196533 12.347149848938 0 0 0 1.48011875152588 11.0310621261597 12.7098045349121 1.50328028202057 0 0 8.08559703826904 15.2203941345215 20.2987022399902 1.06068193912506 21.2828407287598 16.8841876983643 1.0145777463913 30.5112590789795 2.81308579444885 35.7072639465332 45.6188125610352 9.78803443908691 16.8226795196533 57.1387405395508 25.2402381896973 24.3980369567871 14.9062738418579 13.0846900939941 7.97042322158813 4.33086013793945 1.49697196483612 3.0881175994873 22.5137004852295 15.4292011260986 10.9797723293304 18.8710117340088 15.8962125778198 11.0264291763306 4.00053322315216 8.25934195518494 2.24201655387878
44.5962944030762 15.4633331298828 16.833589553833 10.5573472976685 23.9625358581543 34.7885818481445 27.5785007476807 42.7094268798828 44.1142704486847 51.5121917724609 63.6107788085938 38.0540504455566 29.0402393341064 40.2299003601074 41.3399391174316 19.377384185791 1.4942889213562 0 0 0 0 8.17241191864014 1.11386978626251 0 0 0 0 2.55973029136658 0 0 11.2301969528198 9.79391098022461 3.48316383361816 28.3807353973389 17.8927440643311 40.9501075744629 22.5377216339111 3.75320816040039 5.33536195755005 28.3870849609375 33.3269691467285 29.2044258117676 25.6800193786621 40.541332244873 12.9760551452637 4.60022497177124 4.40639162063599 4.51476860046387 32.5240783691406 28.1971168518066 32.4173698425293 24.900691986084 8.46209335327148 1.85615992546082 4.31793451309204 7.23989152908325 4.1048641204834
11.9318523406982 16.7538547515869 27.1252498626709 15.029670715332 18.4204750061035 21.2887649536133 20.0602760314941 45.3020973205566 38.4512100219727 6.17028379440308 19.1798839569092 25.0552177429199 25.0384998321533 80.643424987793 39.4485054016113 11.8224639892578 0 1.93956625461578 2.1489086151123 4.5954065322876 3.10642719268799 1.54380249977112 1.42921924591064 0 0 2.61323308944702 3.00114512443542 5.33085870742798 0 5.15681219100952 7.38744974136353 7.24276924133301 3.03696274757385 10.3364381790161 0 30.0911312103271 2.75056099891663 10.618335723877 3.13195204734802 47.5337982177734 32.1336975097656 65.3341674804688 56.8483543395996 146.425266265869 71.1599044799805 13.5951404571533 5.98588418960571 9.23615550994873 27.3489265441895 10.8754152059555 7.04080152511597 1.56933486461639 3.86072683334351 5.85405349731445 8.50330662727356 7.32598316669464 4.62462568283081
25.4076347351074 27.8468990325928 39.1924171447754 14.0110139846802 41.4661598205566 27.4761142730713 22.9860134124756 13.7145910263062 22.5066623687744 9.54123306274414 80.3414306640625 83.9835357666016 25.034610748291 51.3132095336914 22.6207809448242 11.3954849243164 6.77742052078247 1.69789755344391 7.10190343856812 8.65774440765381 3.03205561637878 1.51590180397034 2.66259074211121 0 0 2.23701596260071 3.26435232162476 0 0 8.69173049926758 2.70417261123657 0 0 0 0 2.42651987075806 1.35085225105286 0 8.6685791015625 36.5700531005859 36.3922882080078 36.9648170471191 112.605537414551 134.619079589844 77.4797267913818 107.511137008667 9.67111682891846 8.08781337738037 20.3208637237549 8.18600845336914 15.3152112960815 13.4611034393311 8.15576839447021 4.6509370803833 6.51200199127197 11.4624891281128 6.40696287155151
71.363151550293 41.5320205688477 29.7226474285126 19.5944042205811 22.5860633850098 52.0036163330078 23.3733310699463 11.1467401981354 12.9695167541504 24.0222568511963 44.8340802192688 110.467185974121 53.3243255615234 10.3401126861572 9.95536231994629 16.8257727622986 3.76025319099426 2.24485278129578 3.26207780838013 6.18253946304321 9.46078681945801 3.28545546531677 9.17822897434235 1.7212735414505 2.05733346939087 2.52712249755859 18.5911288261414 15.0073198080063 7.05383443832397 10.2790501117706 2.97101449966431 0 1.17102158069611 3.79011297225952 10.6047782897949 22.4621181488037 13.634749174118 17.4499702453613 26.4702204465866 57.3827991485596 29.5654006004333 44.4169692993164 93.5389785766602 146.768447875977 118.077995300293 65.5282211303711 16.0938777923584 8.4729220867157 35.4686279296875 24.8661193847656 2.03347754478455 6.16647410392761 9.35210859775543 19.4926738739014 16.8764481544495 16.1096549034119 9.40916419029236
30.7535400390625 30.1405906677246 25.2449207305908 18.8568686246872 32.8488616943359 21.656270980835 28.9847774505615 11.5654338598251 14.3157205581665 29.309497833252 35.5228691101074 67.1493453979492 37.6712646484375 17.9782351255417 16.7067874670029 6.7959303855896 5.51747131347656 1.11236298084259 2.12215542793274 9.41741275787354 4.07737922668457 26.8128929138184 15.0927410125732 0 2.82835292816162 0 2.6055371761322 5.85970306396484 19.9656958580017 0 0 3.13007164001465 13.8427515029907 2.8049750328064 0 11.8600416183472 35.4767646789551 41.0458965301514 51.0884704589844 9.70776844024658 51.0049121379852 42.833984375 82.603364944458 115.210175991058 101.776695251465 105.746513366699 17.4351587295532 5.21118116378784 23.8316059112549 37.9981689453125 14.0286951065063 8.89013767242432 40.2959995269775 33.915153503418 11.4718360900879 7.86813354492188 3.34311747550964
27.5447006225586 15.7541627883911 24.918287396431 19.9804546833038 28.7684478759766 13.7985372543335 22.6983494758606 32.0682334899902 45.0656597614288 37.6000671386719 28.7060047388077 41.7224831581116 14.4897446632385 13.5766925811768 4.63118410110474 4.78436040878296 7.05460453033447 45.8542594909668 30.1891059875488 10.7224578857422 10.811185836792 30.3295516967773 9.28312301635742 2.17246437072754 1.0529180765152 1.36954629421234 2.37902474403381 3.70580148696899 3.3826892375946 0 1.36082756519318 0 2.49696862697601 15.6611166000366 15.7268604040146 0 11.7760238647461 36.5418357849121 19.3815040588379 31.6591873168945 43.4144569635391 42.7577118873596 40.8907814025879 70.1803069114685 78.6912460327148 50.3687858581543 28.0631728172302 7.77575540542603 7.19001054763794 3.63392627239227 21.3581848144531 31.7432734966278 25.6514692306519 14.5873680114746 13.2302088737488 9.04295825958252 9.18486309051514
13.2285090684891 27.8930473327637 16.2306385040283 31.9190311431885 29.3544635772705 11.6383398771286 29.7547817230225 36.2371368408203 55.8514633178711 32.255380153656 27.9530258178711 25.5294456481934 15.5612894296646 10.1888418197632 8.15944719314575 0 8.18251991271973 31.1243686676025 23.6839771270752 36.5989142656326 15.2453117370605 20.7857398986816 1.23266077041626 1.13111233711243 1.7106271982193 0 0 8.90828990936279 5.36861085891724 0 2.9556040763855 17.6135749816895 28.3831901550293 31.6729431152344 27.6581630706787 11.3377113342285 20.0498142242432 22.775899887085 31.7828216552734 22.5722045898438 33.6519393920898 40.3353576660156 32.4159355163574 42.9155502319336 74.4060745239258 77.8089447021484 71.5782852172852 53.3787269592285 27.4708442687988 21.7451457977295 8.56083965301514 14.3958826065063 8.95793926715851 7.27050447463989 8.84599018096924 17.5436272621155 22.6898424625397
5.62940120697021 26.2877979278564 9.62604427337646 55.0960350036621 32.1986083984375 16.7309169769287 33.5210723876953 19.5793609619141 14.9519414901733 11.2284317016602 8.83891201019287 2.08375096321106 11.7341566085815 15.387469291687 3.54483389854431 2.5950243473053 55.2897796630859 31.6747131347656 2.67324233055115 23.19384765625 14.297082901001 11.4468374252319 12.3508415222168 6.73099660873413 1.5802915096283 0 0 13.5898790359497 7.84707355499268 4.35515356063843 3.53246068954468 48.6536483764648 66.1620941162109 38.9322814941406 33.3576316833496 15.1615037918091 15.4611520767212 18.3251838684082 34.318302154541 24.6777610778809 25.374719619751 32.691764831543 23.5114669799805 27.7964687347412 34.8157768249512 39.5578804016113 60.5470161437988 22.0652561187744 22.174934387207 44.3522186279297 8.31756210327148 4.45833206176758 14.5432567596436 10.3701696395874 35.3964691162109 21.5272192955017 14.1195402145386
22.1215019226074 28.9773368835449 15.1946573257446 47.8519554138184 67.382942199707 69.6870727539062 71.0341720581055 8.90960884094238 12.439624786377 3.18072485923767 1.12511026859283 3.9454562664032 4.776535987854 4.98129653930664 3.42137670516968 5.73096036911011 45.1979751586914 25.8948574066162 9.90394687652588 28.0856018066406 15.3226709365845 20.3516387939453 15.7522878646851 10.4984312057495 2.38760232925415 6.74638986587524 2.55579137802124 12.5097131729126 9.59408569335938 7.60469007492065 12.1457796096802 3.48453593254089 39.1083221435547 61.8473167419434 8.57291507720947 18.7378768920898 25.3290576934814 18.9353504180908 23.5914764404297 31.332950592041 31.0893020629883 14.3582878112793 18.4506587982178 17.6721076965332 21.207670211792 16.9296264648438 48.3694686889648 35.5372085571289 35.2336311340332 54.7626037597656 29.9178771972656 3.16668725013733 15.5717327594757 8.51585984230042 12.9443335533142 6.9998369216919 41.5345718860626
3.23545360565186 19.88063621521 31.5603084564209 39.7837753295898 50.1170997619629 143.142028808594 55.3146057128906 20.8471813201904 20.4052505493164 1.7019259929657 2.90125584602356 5.55706310272217 7.59652900695801 4.76594972610474 9.37951755523682 29.843448638916 29.2811527252197 18.3130779266357 35.2146415710449 26.913948059082 9.79790306091309 0 12.6123056411743 10.481575012207 2.03336882591248 6.41477537155151 1.08749711513519 3.21442031860352 4.02927350997925 0 10.8498373031616 1.17047083377838 5.31488513946533 32.7141189575195 8.65626907348633 20.8840045928955 26.5598754882812 12.5180330276489 13.0220985412598 18.058629989624 19.652853012085 16.33225440979 24.6232204437256 24.2297821044922 24.0393505096436 18.6786365509033 27.2750873565674 47.3349456787109 31.4761295318604 12.6631174087524 16.4519138336182 14.647292137146 25.3755302429199 12.632776260376 12.1938877105713 44.9039697647095 37.117917060852
9.33531761169434 16.2551727294922 52.9787635803223 25.2146244049072 16.91725730896 178.388595581055 14.8516387939453 15.6347560882568 7.36770629882812 16.6276836395264 6.98184299468994 7.86680936813354 11.034218788147 5.95013904571533 11.2326908111572 14.0770769119263 20.4772205352783 36.4609527587891 47.7317276000977 34.6336135864258 4.02643489837646 0 3.51619148254395 0 0 0 0 15.9184713363647 24.4476337432861 0 40.0564727783203 30.4997825622559 21.0545959472656 26.0978374481201 16.1774635314941 33.9912338256836 16.7988834381104 18.0711307525635 1.37577259540558 15.4842405319214 24.6281070709229 16.3730278015137 11.9936981201172 10.4200401306152 17.2126235961914 11.6075582504272 15.7991981506348 23.2843532562256 36.8219909667969 13.1671581268311 7.27525663375854 4.20498418807983 14.4232349395752 16.7781746387482 32.8979187011719 31.2712783813477 14.209716796875
38.1401176452637 13.7466163635254 41.56640625 29.1975421905518 31.5547161102295 44.8905372619629 13.8986673355103 12.2790832519531 74.5670547485352 25.3455142974854 25.1561031341553 26.7931938171387 14.4346122741699 8.25568389892578 14.5839853286743 10.4854707717896 21.7656536102295 23.6804695129395 47.4990158081055 54.9670677185059 11.0863103866577 0 2.58977556228638 2.13405060768127 3.09060525894165 2.42055797576904 9.03396701812744 49.5871543884277 85.9229431152344 5.7694582939148 61.8491363525391 54.1597213745117 31.1830234527588 7.43178081512451 21.9732189178467 21.5681381225586 34.9672775268555 16.295259475708 1.4053316116333 5.64787340164185 19.0650272369385 18.2277126312256 14.1753978729248 6.51439332962036 12.6524696350098 33.1038017272949 16.3680114746094 10.3144369125366 10.0314950942993 12.7869243621826 12.294623374939 4.78445053100586 8.73023223876953 46.9094200134277 32.7433929443359 19.4658489227295 12.501633644104
43.5815582275391 21.4638500213623 33.3973350524902 29.7121143341064 4.2454833984375 8.10795021057129 9.64069080352783 45.1813430786133 42.1800498962402 16.7698421478271 23.4378852844238 30.568531036377 17.543981552124 16.5093002319336 20.8301792144775 14.7605333328247 5.23163557052612 31.8818130493164 41.0301628112793 35.834171295166 12.0677518844604 0 4.5002818107605 3.50375485420227 1.93131530284882 0 2.31912016868591 36.0613822937012 32.8643074035645 40.4776840209961 90.2215042114258 71.3532638549805 8.83705997467041 26.1701183319092 37.8970947265625 12.4319725036621 21.023588180542 34.9514770507812 3.10374307632446 11.5885524749756 15.7347974777222 16.6448154449463 13.4397621154785 6.46223831176758 46.8400120735168 46.6836704015732 21.5575981140137 17.7638053894043 10.4866237640381 12.7470436096191 15.5882501602173 19.1199378967285 28.5964770317078 34.3574872016907 18.5256149768829 16.6388378143311 11.8674020767212
24.354248046875 29.6951427459717 37.7952003479004 25.9118480682373 29.5708808898926 16.8595275878906 36.545051574707 28.6297740936279 58.1930809020996 31.2536239624023 18.2395706176758 8.11500453948975 14.4117469787598 29.975040435791 42.8926277160645 9.41520500183105 22.3282871246338 34.1770401000977 44.7836799621582 19.8575038909912 0 1.61437499523163 2.31300497055054 4.91108179092407 17.5107707977295 5.7680172920227 13.849193572998 11.1570959091187 31.5767669677734 63.4691123962402 67.7967085838318 56.2603721618652 11.7604103088379 25.2355556488037 22.9296283721924 34.8686790466309 21.0472412109375 26.6314716339111 12.267541885376 14.7857713699341 11.3381752967834 10.0097904205322 13.919994354248 8.18869781494141 25.2361259460449 60.5887107849121 16.122398853302 4.54267454147339 2.19630146026611 15.6340560913086 29.3707466125488 32.5525550842285 22.9060840606689 26.832914352417 28.6619637012482 15.7301015853882 9.63079643249512
15.9282834529877 17.1905117034912 43.2352600097656 6.39695930480957 53.5339317321777 62.7791061401367 37.7888946533203 41.5208473205566 43.0442695617676 45.2747192382812 12.9819459915161 8.17659425735474 33.0418357849121 22.0504493713379 27.1747512817383 32.5263557434082 46.2493362426758 42.8926391601562 19.4705028533936 16.1459903717041 2.68359923362732 14.6229419708252 41.0909576416016 48.6781768798828 41.9816131591797 23.4501037597656 30.0220093727112 12.0102605819702 21.1205940246582 40.2915420532227 11.9400339126587 22.8537292480469 34.7455635070801 22.2994995117188 16.4580078125 28.9131050109863 17.5074396133423 16.9906113147736 19.4952869415283 12.4619846343994 7.07371473312378 11.4321794509888 14.1223278045654 8.38721656799316 33.865957736969 43.4696464538574 17.2120170593262 11.6434907913208 13.86536693573 30.0720100402832 42.7743988037109 33.1609115600586 25.3033845424652 14.091136932373 32.5418252944946 27.3762457370758 12.6577215194702
7.83102607727051 3.13415694236755 19.8822860717773 19.7621192932129 85.6948583126068 53.0594444274902 34.2765004634857 42.9423446655273 24.8839664459229 14.7818298339844 13.8710079193115 23.0916023254395 12.145694732666 41.9517211914062 44.7820434570312 10.9839773178101 26.6985492706299 37.6234016418457 4.14685964584351 0 4.5532922744751 58.7148628234863 57.4506392478943 74.178840637207 40.690788269043 23.5094635486603 22.1638011932373 17.161979675293 30.5075073242188 45.5716857910156 15.7947835922241 10.4897480010986 32.9030780792236 36.6567726135254 9.84694766998291 9.88976192474365 32.823561668396 21.623046875 26.0673236846924 5.44149398803711 8.16567230224609 17.0757904052734 4.50200319290161 11.7415390014648 5.49401211738586 14.6390829086304 21.3248291015625 15.0210676193237 14.4979267120361 11.6023893356323 17.4891662597656 20.8077620267868 19.0653344392776 19.5831151008606 22.9419784545898 2.94521069526672 11.8632974624634
1.16920137405396 2.35769557952881 21.1025104522705 68.3987681865692 41.171314239502 35.2429084777832 34.0712699890137 25.8570117950439 16.562557220459 24.0679893493652 35.0367279052734 23.7870903015137 24.7815818786621 85.7701301574707 15.4904527664185 18.0364532470703 78.3378524780273 22.2374572753906 14.4142942428589 2.89019584655762 7.82747840881348 19.6207160949707 21.337308883667 34.0002288818359 42.4619216918945 6.21279001235962 8.48147869110107 9.00423717498779 13.9418420791626 13.8378009796143 4.13016939163208 19.9487495422363 14.4662871360779 34.1058731079102 23.7328720092773 23.0992240905762 21.036111831665 23.0644588470459 22.8719215393066 5.77433347702026 37.0668983459473 19.0516090393066 20.0682405233383 8.71588706970215 14.5551099777222 8.34676361083984 16.408483505249 46.4569473266602 11.0718021392822 33.1891975402832 12.9796379804611 7.64784383773804 6.23464107513428 8.89874362945557 3.91273760795593 3.21010661125183 2.26616144180298
15.3025512695312 6.61539030075073 41.7564659118652 65.9225082397461 37.1445007324219 36.4595680236816 40.7014198303223 26.3831748962402 25.2953414916992 35.065544128418 53.8822174072266 46.9618759155273 37.5690612792969 25.8162574768066 19.9506969451904 51.3314208984375 78.5959396362305 56.6821479797363 60.0379867553711 56.3641815185547 21.5077838897705 24.1105499267578 65.7138900756836 22.9865055084229 6.5890383720398 3.52920818328857 5.61000394821167 6.09445714950562 15.9342813491821 14.6507797241211 27.9834651947021 18.9988613128662 31.6359844207764 37.9513778686523 28.6210556030273 22.3772087097168 12.3085660934448 18.6464290618896 19.6141128540039 3.44413232803345 21.8553245067596 31.5086345672607 20.058744430542 15.7242794036865 30.5086288452148 21.2915840148926 5.40101718902588 10.6911926269531 2.18740749359131 6.7221245765686 15.9800872802734 1.91924774646759 3.93500590324402 6.18155193328857 0 4.83696508407593 17.2550792694092
21.1602344512939 26.9993762969971 209.362915039062 104.362014770508 33.4586524963379 33.5401992797852 52.2367553710938 41.2759132385254 36.289623260498 54.9092597961426 71.8910446166992 24.0013961791992 38.1301040649414 21.1922721862793 22.0708389282227 80.2583196163177 75.5075836181641 26.0695972442627 52.9402542114258 35.3171501159668 13.0487947463989 60.5023193359375 27.3812789916992 23.0718517303467 8.33053970336914 7.68047523498535 6.68647909164429 10.1754493713379 7.83047914505005 16.7839393615723 20.0352878570557 15.7662868499756 33.3047370910645 45.2515563964844 27.1872978210449 34.0667724609375 14.2333469390869 13.3324146270752 11.2271938323975 9.1233081817627 31.3213148117065 37.8595848083496 29.899299621582 19.7143955230713 27.4520816802979 16.0335388183594 11.4126968383789 6.17751789093018 0 2.18318033218384 20.9900983572006 12.0227565765381 7.42691946029663 3.59184908866882 14.6071100234985 18.9375801086426 14.6171493530273
39.8978080749512 52.0564460754395 76.1716156005859 73.4084930419922 74.2943801879883 72.42333984375 47.1867218017578 45.0276679992676 48.1743011474609 70.222282409668 30.4754829406738 75.8828201293945 65.7867813110352 66.1985321044922 71.2320404052734 76.6949462890625 24.4441776275635 75.077880859375 40.3629035949707 14.7707471847534 10.9760751724243 22.0166797637939 14.2733173370361 9.19549083709717 6.01272201538086 6.53600835800171 4.3714542388916 1.14974880218506 1.72868728637695 8.70470333099365 18.5925192832947 34.651912689209 25.3883075714111 17.7605628967285 26.9031200408936 27.7745990753174 11.79847240448 32.773567199707 17.6381988525391 25.8402805328369 29.7632217407227 43.289436340332 29.6519412994385 20.6962451934814 69.7266159057617 37.4667930603027 28.5593547821045 6.2924542427063 7.67849779129028 4.09493160247803 6.01160860061646 4.37484073638916 7.3402419090271 37.6164474487305 17.9742336273193 14.2666540145874 4.13331365585327
52.1827049255371 58.5110511779785 58.6597633361816 79.1723251342773 81.9756774902344 65.9476089477539 65.9775466918945 63.9483795166016 19.9051856994629 28.455810546875 23.3823623657227 17.0503368377686 18.3691959381104 19.8093395233154 20.5923194885254 14.2623949050903 27.9468593597412 23.049840927124 10.0796384811401 16.8908882141113 7.20443725585938 11.543044090271 11.4144668579102 7.66947031021118 2.99107551574707 5.2377438545227 7.39361000061035 11.4121856689453 5.65143918991089 2.32005929946899 8.67366123199463 8.40762233734131 20.218053817749 36.0755882263184 26.4850635528564 33.4344825744629 31.2337207794189 40.1893577575684 40.2040748596191 33.3490676879883 8.24145317077637 23.2758769989014 13.0389795303345 15.2033624649048 28.7261428833008 58.0106735229492 28.5574417114258 20.4191875457764 2.25515675544739 1.65945625305176 4.03091621398926 8.04076862335205 2.93254685401917 24.3612880706787 8.46168422698975 6.4412431716919 9.26361179351807
54.7089996337891 40.8036346435547 58.8046226501465 76.4927825927734 74.5441589355469 49.8835220336914 56.1734619140625 53.2292556762695 63.8020172119141 21.3767242431641 16.9073696136475 18.2494869232178 13.8718376159668 6.79525756835938 1.88895237445831 4.64534759521484 19.4962863922119 4.34524250030518 3.15178346633911 10.2693214416504 11.2980585098267 5.8947343826294 10.2672290802002 8.61372756958008 10.6474409103394 8.80215549468994 7.63676047325134 11.4087533950806 11.640834569931 9.8707582950592 20.3743648529053 7.55173277854919 29.8353576660156 27.0020537376404 27.6548538208008 10.9638261795044 22.2683429718018 18.7021732330322 26.8836498260498 31.4881649017334 12.2976961135864 17.6830310821533 10.1251564025879 15.3372020721436 20.318058013916 31.1925086975098 19.4286289215088 16.5474662780762 6.18593311309814 2.12496662139893 5.76071882247925 15.6677942276001 9.60186195373535 10.1376256942749 7.46039533615112 8.9273624420166 16.7391452789307
