Geospatial/Brazil_culex_q_map.asc
NCOLS 157 
NROWS 156 
XLLCORNER -74.0416666666668 
YLLCORNER -33.75 
CELLSIZE 0.25 
NODATA_value -9999 
[rows 96 to 119 of 156, columns 54 to 107 of 157]
-9999 -9999 -9999 -9999 -9999 -9999 -9999 -9999 -9999 -9999 -9999 0.633633852005005 0.441771298646927 0.426350444555283 0.499870151281357 0.564712584018707 0.571109712123871 0.569623410701752 0.547953188419342 0.531626164913177 0.551616132259369 0.565922677516937 0.766990840435028 0.610097289085388 0.614991188049316 0.573912620544434 0.595230758190155 0.586134970188141 0.596378803253174 0.55862694978714 0.692867875099182 0.776253938674927 0.577432513237 0.559723496437073 0.652635216712952 0.564003765583038 0.674475789070129 0.632459104061127 0.764101028442383 0.842307865619659 0.875251412391663 0.835231184959412 0.705302894115448 0.768375039100647 0.900209188461304 0.775372684001923 0.749306619167328 0.663608729839325 0.864343166351318 0.900726735591888 0.664330363273621 0.671838223934174 0.710606634616852 0.559432923793793
-9999 -9999 -9999 -9999 -9999 -9999 -9999 -9999 -9999 -9999 -9999 0.721246182918549 0.506829380989075 0.501282274723053 0.522799253463745 0.571237206459045 0.591578960418701 0.576142370700836 0.528741598129272 0.537537097930908 0.54024213552475 0.575474560260773 0.625559329986572 0.686923921108246 0.672248482704163 0.58430415391922 0.630454659461975 0.568871378898621 0.585118293762207 0.632701694965363 0.687293112277985 0.556028127670288 0.568230867385864 0.566786766052246 0.586922466754913 0.780654668807983 0.672759830951691 0.638808012008667 0.665452241897583 0.842099666595459 0.835150003433228 0.732242524623871 0.764491498470306 0.797184944152832 0.823867082595825 0.657511055469513 0.656759798526764 0.621761918067932 0.744172811508179 0.700533270835876 0.72140109539032 0.701793849468231 0.639261603355408 0.509328842163086
-9999 -9999 -9999 -9999 -9999 -9999 -9999 -9999 -9999 -9999 0.501255691051483 0.529862999916077 0.529778361320496 0.487073570489883 0.504368662834167 0.53633451461792 0.554778456687927 0.545860230922699 0.542495369911194 0.513208866119385 0.547018468379974 0.578995168209076 0.728282332420349 0.831392824649811 0.692772686481476 0.552059590816498 0.565573036670685 0.560956835746765 0.679962754249573 0.589212596416473 0.594836711883545 0.648526668548584 0.592247068881989 0.686322093009949 0.672680497169495 0.708273470401764 0.695281803607941 0.701042830944061 0.759923994541168 0.778131425380707 0.770844399929047 0.774800837039948 0.722947895526886 0.676772058010101 0.661997139453888 0.656730532646179 0.77745133638382 0.653673946857452 0.621165692806244 0.702465832233429 0.685142040252686 0.59227466583252 0.722320199012756 0.612697005271912
-9999 -9999 -9999 -9999 -9999 -9999 -9999 -9999 -9999 -9999 0.514087677001953 0.55626392364502 0.59100079536438 0.482424974441528 0.468304097652435 0.487646996974945 0.404603838920593 0.441282629966736 0.494826972484589 0.495550781488419 0.548598289489746 0.590924680233002 0.596979022026062 0.608625113964081 0.581554234027863 0.671887457370758 0.661246657371521 0.575471520423889 0.568774342536926 0.56527978181839 0.595167398452759 0.653873026371002 0.61838948726654 0.633350074291229 0.73239278793335 0.640532374382019 0.694230794906616 0.872026085853577 0.886844635009766 0.896956920623779 0.888843417167664 0.903346002101898 0.866090357303619 0.73107898235321 0.833194851875305 0.774823784828186 0.679197072982788 0.757380664348602 0.785615742206573 0.647631585597992 0.822686314582825 0.750005781650543 0.657688677310944 0.520994663238525
-9999 -9999 -9999 -9999 -9999 -9999 -9999 -9999 -9999 -9999 0.542528688907623 0.551899909973145 0.443297147750854 0.42999678850174 0.437677830457687 0.369973629713058 0.467344731092453 0.456998616456985 0.44295671582222 0.52199524641037 0.536662399768829 0.575122594833374 0.701544404029846 0.580788433551788 0.725494563579559 0.565148234367371 0.551794290542603 0.590000152587891 0.568038761615753 0.566211223602295 0.547864556312561 0.686183333396912 0.638442754745483 0.680852830410004 0.736934661865234 0.653782606124878 0.741386294364929 0.723732173442841 0.841727554798126 0.886174142360687 0.88816249370575 0.891124963760376 0.823168158531189 0.883157968521118 0.9028160572052 0.731473743915558 0.830498516559601 0.855319380760193 0.876676797866821 0.715210795402527 0.919983744621277 0.825592875480652 0.731663286685944 0.460671037435532
-9999 -9999 -9999 -9999 -9999 -9999 -9999 -9999 -9999 -9999 0.504613220691681 0.51209944486618 0.453526198863983 0.506321489810944 0.511754989624023 0.522412896156311 0.503023982048035 0.552924036979675 0.470047205686569 0.49717190861702 0.610333502292633 0.584281027317047 0.581053733825684 0.583105325698853 0.656071722507477 0.542297959327698 0.54091340303421 0.561565041542053 0.555437326431274 0.613754391670227 0.549350380897522 0.607681035995483 0.630184710025787 0.633419990539551 0.624579608440399 0.625600457191467 0.775613725185394 0.899588763713837 0.922155022621155 0.931206285953522 0.918960928916931 0.911951124668121 0.921310007572174 0.902098655700684 0.908322155475616 0.873322606086731 0.890474677085876 0.905262053012848 0.78231680393219 0.861668765544891 0.890377163887024 0.871488869190216 0.781611382961273 0.60023957490921
-9999 -9999 -9999 -9999 -9999 -9999 -9999 -9999 -9999 -9999 0.479266554117203 0.48738893866539 0.424455434083939 0.399758994579315 0.398366898298264 0.414059162139893 0.579636991024017 0.619778335094452 0.661008477210999 0.688107490539551 0.659057319164276 0.576229274272919 0.746211767196655 0.89160168170929 0.651638448238373 0.548134624958038 0.543384432792664 0.68390828371048 0.541790068149567 0.597090601921082 0.754454255104065 0.587860405445099 0.616441130638123 0.612283945083618 0.627937912940979 0.624621033668518 0.910521507263184 0.838849365711212 0.925293743610382 0.93575382232666 0.919756829738617 0.918702483177185 0.919420659542084 0.884729981422424 0.887136578559875 0.901787102222443 0.86271071434021 0.839745402336121 0.905417859554291 0.868063867092133 0.896900594234467 0.83054655790329 0.807937979698181 0.689084827899933
-9999 -9999 -9999 -9999 -9999 -9999 -9999 -9999 -9999 -9999 0.45668625831604 0.475507944822311 0.419583827257156 0.395888864994049 0.411329567432404 0.580880165100098 0.505032122135162 0.50829029083252 0.666234612464905 0.607207000255585 0.588519513607025 0.687278211116791 0.600749552249908 0.810349941253662 0.604710578918457 0.510900378227234 0.534728050231934 0.542312383651733 0.541496694087982 0.555108726024628 0.572952806949615 0.572304904460907 0.589437365531921 0.68471360206604 0.636090159416199 0.773608386516571 0.83844131231308 0.911206364631653 0.887621521949768 0.883720338344574 0.886265516281128 0.88322901725769 0.884213626384735 0.910266578197479 0.926324188709259 0.862810790538788 0.922792971134186 0.937357187271118 0.908089697360992 0.858468115329742 0.911333858966827 0.822314739227295 0.853416562080383 0.707442283630371
-9999 -9999 -9999 -9999 -9999 -9999 -9999 -9999 -9999 -9999 -9999 0.400457471609116 0.439492464065552 0.445132434368134 0.36692687869072 0.418801039457321 0.461582452058792 0.482336819171906 0.521412253379822 0.508605003356934 0.540920674800873 0.603749990463257 0.734579205513 0.566265821456909 0.636692881584167 0.523055732250214 0.536292970180511 0.515555322170258 0.538694024085999 0.528218030929565 0.522234201431274 0.598948895931244 0.507273435592651 0.64182323217392 0.562557756900787 0.853450655937195 0.851272821426392 0.784416437149048 0.72234982252121 0.778690099716187 0.862515151500702 0.878515124320984 0.893602013587952 0.925382375717163 0.98140299320221 0.917641937732697 0.920748233795166 0.871698319911957 0.905831277370453 0.872110486030579 0.819605886936188 0.876942455768585 0.635031461715698 0.710593819618225
-9999 -9999 -9999 -9999 -9999 -9999 -9999 -9999 -9999 -9999 -9999 0.595481872558594 0.520943105220795 0.455298990011215 0.421938389539719 0.375821769237518 0.600219786167145 0.475442349910736 0.624935925006866 0.528554081916809 0.566272020339966 0.593763768672943 0.585186779499054 0.56738007068634 0.615309774875641 0.529242515563965 0.50099128484726 0.475689053535461 0.506882429122925 0.507880449295044 0.508966565132141 0.51619827747345 0.530235350131989 0.642225801944733 0.696291267871857 0.680152535438538 0.781103372573853 0.86109721660614 0.873357713222504 0.92119425535202 0.933969855308533 0.888291954994202 0.898547172546387 0.920896291732788 0.91309130191803 0.932147026062012 0.952313661575317 0.889285981655121 0.898319184780121 0.86160808801651 0.94842004776001 0.900981664657593 0.692186415195465 0.679879307746887
-9999 -9999 -9999 -9999 -9999 -9999 -9999 -9999 -9999 -9999 -9999 0.557660341262817 0.474251925945282 0.45821750164032 0.429004460573196 0.370092183351517 0.491231650114059 0.650199472904205 0.50938469171524 0.517316997051239 0.566282629966736 0.612141191959381 0.560563385486603 0.587636291980743 0.694585561752319 0.524773061275482 0.51868212223053 0.494139909744263 0.482430934906006 0.504437267780304 0.628521859645844 0.513307869434357 0.633942723274231 0.639484286308289 0.821314692497253 0.855224847793579 0.842591106891632 0.756114780902863 0.888958096504211 0.88202965259552 0.915644705295563 0.943194031715393 0.89454573392868 0.837562561035156 0.857396125793457 0.933086693286896 0.891836285591125 0.877207815647125 0.921416878700256 0.868331611156464 0.818272352218628 0.819210827350616 0.787615776062012 0.72528600692749
-9999 -9999 -9999 -9999 -9999 -9999 -9999 -9999 -9999 -9999 0.60005247592926 0.489624410867691 0.491732954978943 0.440112322568893 0.450559020042419 0.456765055656433 0.468775600194931 0.607668280601501 0.507627427577972 0.56209534406662 0.674831390380859 0.765583753585815 0.552110910415649 0.646138906478882 0.680573165416718 0.543985426425934 0.528359055519104 0.495086312294006 0.481508255004883 0.576045513153076 0.497570425271988 0.515864312648773 0.69010055065155 0.787376701831818 0.744264185428619 0.811748325824738 0.850940942764282 0.907398760318756 0.871011674404144 0.848451375961304 0.859373092651367 0.843202412128448 0.890763938426971 0.905915141105652 0.825329959392548 0.881540775299072 0.90215802192688 0.833827495574951 0.858910977840424 0.847314655780792 0.710760474205017 0.624342262744904 0.752794444561005 0.7650266289711
-9999 -9999 -9999 -9999 -9999 -9999 -9999 -9999 -9999 -9999 0.506654262542725 0.502778589725494 0.476015657186508 0.461948126554489 0.48858630657196 0.451182872056961 0.459268540143967 0.485937178134918 0.493195533752441 0.521223783493042 0.616770386695862 0.531793653964996 0.548459589481354 0.719451308250427 0.700858414173126 0.574144840240479 0.541769921779633 0.507232010364532 0.515346527099609 0.576851427555084 0.503243982791901 0.539055466651917 0.674047112464905 0.789536893367767 0.821694791316986 0.84639710187912 0.781903922557831 0.812895774841309 0.875840187072754 0.804942309856415 0.83318167924881 0.77361398935318 0.760967016220093 0.795872151851654 0.808638274669647 0.799344182014465 0.846209824085236 0.806476056575775 0.795516014099121 0.872676074504852 0.850717604160309 0.81453412771225 0.840535223484039 0.804446339607239
-9999 -9999 -9999 -9999 -9999 -9999 -9999 -9999 -9999 -9999 -9999 -9999 0.475547075271606 0.533265352249146 0.496240317821503 0.50982677936554 -9999 0.501968383789062 0.62963455915451 0.596856355667114 0.633081078529358 0.507751286029816 0.792169213294983 0.806098937988281 0.69102954864502 0.714831113815308 0.562846481800079 0.663496375083923 0.667773187160492 0.515917241573334 0.518912136554718 0.681446433067322 0.705450296401978 0.640639066696167 0.787380993366241 0.804839968681335 0.865785360336304 0.792293787002563 0.775301456451416 0.784582376480103 0.775261640548706 0.768821477890015 0.798346102237701 0.733986079692841 0.723115503787994 0.66718339920044 0.794973194599152 0.84819233417511 0.841067671775818 0.745312213897705 0.757355034351349 0.703837692737579 0.871627390384674 0.731217265129089
-9999 -9999 -9999 -9999 -9999 -9999 -9999 -9999 -9999 -9999 -9999 -9999 -9999 -9999 -9999 -9999 -9999 -9999 -9999 0.602121412754059 0.567065894603729 0.530322074890137 0.734334409236908 0.751448392868042 0.774986207485199 0.736982464790344 0.707065105438232 0.64548009634018 0.679442822933197 0.64763206243515 0.606636345386505 0.623967170715332 0.576377511024475 0.749492466449738 0.703735888004303 0.780937492847443 0.790810227394104 0.703753709793091 0.736107707023621 0.868814587593079 0.733598828315735 0.704765439033508 0.710663259029388 0.635837435722351 0.649948239326477 0.80131858587265 0.71546745300293 0.859798550605774 0.852612197399139 0.791402041912079 0.643003702163696 0.850753903388977 0.843248188495636 0.804347217082977
-9999 -9999 -9999 -9999 -9999 -9999 -9999 -9999 -9999 -9999 -9999 -9999 -9999 -9999 -9999 -9999 -9999 -9999 -9999 -9999 0.545475959777832 0.672575831413269 0.730487525463104 0.600352883338928 0.644874453544617 0.54731285572052 0.629549324512482 0.532906532287598 0.620169043540955 0.711524963378906 0.764176309108734 0.799385190010071 0.668195843696594 0.761760175228119 0.800448477268219 0.784144163131714 0.781018853187561 0.826441407203674 0.835615158081055 0.863637328147888 0.871614456176758 0.756105363368988 0.599843382835388 0.656440198421478 0.65857321023941 0.427044123411179 0.696329712867737 0.806350767612457 0.742538332939148 0.745396137237549 0.751555681228638 0.907875061035156 0.950188755989075 0.885150194168091
-9999 -9999 -9999 -9999 -9999 -9999 -9999 -9999 -9999 -9999 -9999 -9999 -9999 -9999 -9999 -9999 -9999 -9999 -9999 -9999 0.594874083995819 0.569774210453033 0.529390513896942 0.67424863576889 0.527137041091919 0.551569998264313 0.592409610748291 0.550194621086121 0.73370760679245 0.766196727752686 0.719013333320618 0.725338459014893 0.705765843391418 0.760289788246155 0.80168092250824 0.766197800636292 0.868028044700623 0.840409338474274 0.845252454280853 0.844620406627655 0.846094965934753 0.859494268894196 0.854120075702667 0.837264895439148 0.683830380439758 0.600249707698822 0.427758991718292 0.602755606174469 0.670059740543365 0.575391352176666 0.65671443939209 0.880964457988739 0.896624982357025 0.993508279323578
-9999 -9999 -9999 -9999 -9999 -9999 -9999 -9999 -9999 -9999 -9999 -9999 -9999 -9999 -9999 -9999 -9999 -9999 -9999 -9999 0.568200707435608 0.692148625850677 0.500835001468658 0.513825595378876 0.525069832801819 0.748623967170715 0.572638750076294 0.582130312919617 0.748656332492828 0.702310681343079 0.687031269073486 0.690979421138763 0.783719003200531 0.774623394012451 0.818877160549164 0.813309490680695 0.803544759750366 0.87661200761795 0.870948731899261 0.839123845100403 0.864376842975616 0.858881831169128 0.812342047691345 0.826638102531433 0.756086349487305 0.720806181430817 0.754576325416565 0.53223305940628 0.565009474754333 0.59819906949997 0.730817198753357 0.839793622493744 0.882035315036774 0.841040313243866
-9999 -9999 -9999 -9999 -9999 -9999 -9999 -9999 -9999 -9999 -9999 -9999 -9999 -9999 -9999 -9999 -9999 -9999 -9999 -9999 0.627630293369293 0.507437586784363 0.513935506343842 0.509770929813385 0.526394307613373 0.650800704956055 0.582470297813416 0.748736679553986 0.739559948444366 0.687633335590363 0.675464451313019 0.789817452430725 0.83427494764328 0.882885813713074 0.93220579624176 0.814762830734253 0.880541026592255 0.905533671379089 0.833737134933472 0.813489437103271 0.762193441390991 0.743880808353424 0.626737177371979 0.735676109790802 0.694877684116364 0.813992857933044 0.762198746204376 0.611818611621857 0.520037293434143 0.573714256286621 0.699008822441101 0.733573079109192 0.878025054931641 0.68878573179245
-9999 -9999 -9999 -9999 -9999 -9999 -9999 -9999 -9999 -9999 -9999 -9999 -9999 -9999 -9999 -9999 -9999 -9999 -9999 -9999 0.495066791772842 0.500499844551086 0.634779155254364 0.659061372280121 0.515950262546539 0.645739138126373 0.704399049282074 0.711844086647034 0.738446533679962 0.635164797306061 0.637168288230896 0.739404380321503 0.809409558773041 0.87776255607605 0.86327987909317 0.830468535423279 0.827941596508026 0.741164147853851 0.604619860649109 0.695567905902863 0.58761727809906 0.613562047481537 0.63740348815918 0.659559965133667 0.640546679496765 0.701338231563568 0.610064387321472 0.45046079158783 0.564989924430847 0.656164944171906 0.612356781959534 0.676276206970215 0.757434725761414 0.64116770029068
-9999 -9999 -9999 -9999 -9999 -9999 -9999 -9999 -9999 -9999 -9999 -9999 -9999 -9999 -9999 -9999 -9999 -9999 -9999 -9999 0.627455294132233 0.610881805419922 0.617063462734222 -9999 0.683587610721588 0.671420633792877 0.739618003368378 0.729750096797943 0.760885655879974 0.73928827047348 0.698434174060822 0.681375503540039 0.865439295768738 0.812340557575226 0.825704991817474 0.806121945381165 0.758500158786774 0.657330095767975 0.559428215026855 0.580647110939026 0.560775101184845 0.601553320884705 0.61052930355072 0.590806066989899 0.569973230361938 0.641702711582184 0.606010377407074 0.583182513713837 0.461788713932037 0.541362881660461 0.63178151845932 0.568408191204071 0.464918583631516 0.268412053585052
-9999 -9999 -9999 -9999 -9999 -9999 -9999 -9999 -9999 -9999 -9999 -9999 -9999 -9999 -9999 -9999 -9999 -9999 -9999 -9999 -9999 -9999 -9999 -9999 -9999 0.873689472675323 0.82788759469986 0.798799812793732 0.803376317024231 0.816909968852997 0.856385350227356 0.865582466125488 0.837467670440674 0.713165462017059 0.744763553142548 0.757433593273163 0.693599581718445 0.598790407180786 0.527857959270477 0.361885696649551 0.361405372619629 0.360632240772247 0.499879002571106 0.564568936824799 0.535701215267181 0.340837508440018 0.434590935707092 0.54286390542984 0.562935292720795 0.264842867851257 0.273939341306686 0.309144884347916 0.279045581817627 0.213485181331635
-9999 -9999 -9999 -9999 -9999 -9999 -9999 -9999 -9999 -9999 -9999 -9999 -9999 -9999 -9999 -9999 -9999 -9999 -9999 -9999 -9999 -9999 -9999 -9999 -9999 0.868441164493561 0.925094425678253 0.895062983036041 0.895886480808258 0.817289292812347 0.86176061630249 0.762810707092285 0.744978070259094 0.663468301296234 0.652693629264832 0.712667763233185 0.647475838661194 0.513073801994324 0.52610182762146 0.362820237874985 0.308968275785446 0.53311961889267 0.330792784690857 0.324976056814194 0.18682686984539 0.284580767154694 0.305512130260468 0.243617326021194 0.289322137832642 0.320354878902435 0.500316143035889 0.52318674325943 0.373533308506012 0.479989945888519
-9999 -9999 -9999 -9999 -9999 -9999 -9999 -9999 -9999 -9999 -9999 -9999 -9999 -9999 -9999 -9999 -9999 -9999 -9999 -9999 -9999 -9999 -9999 -9999 -9999 0.902898907661438 0.893419563770294 0.921573579311371 0.866957604885101 0.847524046897888 0.810500025749207 0.609782040119171 0.649562954902649 0.619733989238739 0.526300489902496 0.599800944328308 0.618300318717957 0.523549854755402 0.535841763019562 0.408550053834915 0.620791792869568 0.342520862817764 0.526155829429626 0.324510931968689 0.195650532841682 0.35902139544487 0.453178972005844 0.343805462121964 0.353360056877136 0.619977593421936 0.620712637901306 0.524568378925323 0.547250032424927 -9999
