Geospatial/Brazil_sugarcane_harvested_area.asc
NCOLS 470 
NROWS 468 
XLLCORNER -74.0004239999869 
YLLCORNER -33.7495049999942 
CELLSIZE 0.0833330000000103 
NODATA_value -9999 
[rows 130 to 155 of 468, columns 406 to 463 of 470]
0 0 0 56.2329292297363 88.851993560791 3.4214243888855 40.2837905883789 68.5104229450226 41.2660377025604 20.6758003234863 14.472284913063 17.0306568145752 0 0 73.9979701042175 328.021362304688 0 23.2497818470001 8.64108943939209 0 0 0 0 18.5372595787048 0 85.1040974855423 65.5669784545898 160.460525512695 145.511428833008 148.054168701172 41.9902038574219 31.6604118347168 0 0 0 0 0 0 0 0 0 0 0 0 0 0 0 0 0 0 57.506093621254 102.353317260742 112.061832427979 164.591841220856 465.893768310547 550.321907043457 670.204437255859 1036.31350708008
0 0 42.4638276100159 15.4112250804901 33.1012537479401 32.0447146892548 74.0569458007812 99.4733881950378 56.8379936218262 18.4002556800842 23.2663276195526 17.8034038543701 0 0 41.8416023254395 45.6646690368652 0 1.72145056724548 0 0 0 0 251.957382202148 199.571411132812 197.066284179688 43.1684761047363 158.463394165039 84.6465454101562 16.5897121429443 2.82884383201599 31.6806564331055 37.5910339355469 291.012969970703 0 0 0 0 0 0 0 0 0 0 0 0 0 0 0 0 0 37.3144812583923 56.9949498176575 68.6371927261353 213.460426330566 601.034057617188 516.353252887726 612.524017333984 691.926300048828
0 0 0 0 2.92026472091675 2.93955969810486 17.0254001617432 0 32.6879292726517 25.2759391069412 138.530380249023 36.9967269897461 1.0759744644165 0 0 0 45.7858505249023 58.5392243862152 1093.43981933594 61.6265907287598 13.1709432601929 0 283.276092529297 0 0 9.23907196521759 6.0454089641571 4.34599447250366 0 0 2.58871877193451 34.6603927612305 23.2847728729248 4.4073680639267 0 0 0 0 0 0 0 0 0 0 0 0 0 0 0 0 6.09725844860077 17.0247974395752 0 233.860794067383 198.272357940674 248.564506530762 459.810124158859 734.117736816406
0 0 2.27762913703918 3.14288282394409 0 8.056236743927 0 0 54.809497833252 41.5824317932129 16.2578086853027 24.9863624572754 0 0 0 43.3086204528809 70.0314025878906 64.221252322197 358.39453125 64.5125465393066 9.59294486045837 25.403161406517 46.3590888977051 0 51.3143196105957 23.6669292449951 42.9741134643555 2.33453226089478 0 3.74039626121521 0 5.24726104736328 28.3951606750488 3.77375531196594 0 0 0 0 0 0 0 0 0 0 0 0 0 0 0 0 2.44935131072998 0 0 128.161048412323 131.186969637871 277.4060972929 271.544767737389 622.695250511169
0 0 0 0 2.73991203308105 0 0 0 0 0 0 0 0 0 8.39454460144043 57.7997258901596 65.4746589660645 65.5522086620331 68.3411712646484 64.8450393676758 11.5451183319092 9.32092380523682 12.6985902786255 40.5745506286621 45.563591003418 39.6315040588379 129.797988891602 58.0183067321777 28.9493103027344 78.5731887817383 31.1108322143555 30.4196243286133 53.072452545166 41.4793853759766 0 0 0 0 0 0 0 0 0 0 0 0 0 0 0 0 0 0 166.888138413429 240.687908649445 105.348027467728 324.7945125103 123.084836602211 310.557460188866
0 0 0 1.00066161155701 9.00491762161255 1.23016774654388 0 0 0 0 0 0 0 0 39.2640533447266 61.0601997375488 63.924636721611 68.5199279785156 65.0341415405273 49.2919809818268 15.993143081665 21.4323081970215 0 204.519607543945 59.7506866455078 25.7140620946884 93.9531936645508 2.16355323791504 21.2233371734619 89.2911834716797 33.3399238586426 27.1116695404053 20.1038990020752 20.4371128082275 0 0 0 0 0 0 0 0 0 0 0 0 0 0 0 0 0 6.32474064826965 24.9901099205017 58.8185294866562 43.0898129940033 316.204735517502 522.128039240837 951.429144859314
11.0279150009155 0 8.91724967956543 0 0 0 0 0 0 0 0 0 0 0 1.96207129955292 45.2849922180176 37.7763252258301 194.533477783203 64.0653961896896 38.9289093017578 26.755847454071 94.4092864990234 115.288650512695 175.187591552734 24.3381541967392 33.3146743774414 74.7978311777115 76.5498352050781 103.202133178711 32.5461120605469 32.8365249633789 27.6424517631531 17.7166347503662 8.37974500656128 0 0 0 0 0 0 0 0 0 0 0 0 0 0 0 0 9.62238121032715 19.2595162391663 12.0533763170242 15.3009061813354 17.7750366926193 15.6764442920685 92.1949687004089 57.4473054409027
0 6.92194747924805 3.89794707298279 76.0498733520508 0 0 0 0 664.578552246094 122.673408508301 160.871292114258 616.214111328125 2.09123706817627 0 0 0 84.8256707191467 220.313751220703 12.5570135116577 40.3441241979599 4.69952726364136 439.748748779297 52.7834625244141 74.9088439941406 34.9608993530273 12.7494430541992 0 29.0431542396545 411.179382324219 6.02636504173279 7.78797125816345 1.06642758846283 17.2832670211792 26.5503830909729 37.0398750305176 0 271.987274169922 14.1827058792114 29.5343589782715 0 0 0 0 0 0 0 0 0 0 0 0 5.30100727081299 57.5523986816406 33.2303695678711 23.9691896438599 13.1117190122604 682.458685874939 1135.0707244873
0 4.20892143249512 0 0 0 0 0 27.4268646240234 323.045928955078 0 157.045328378677 167.980268359184 12.6416091918945 0 401.790588378906 21.8552589416504 381.540344238281 229.262741088867 0 8.4460266828537 3.50856685638428 49.0806121826172 76.0315933227539 41.0755844116211 45.7786712646484 72.2689590454102 56.479061126709 37.226692199707 17.8363790512085 225.978698730469 5.90612316131592 13.963306427002 11.2495198249817 34.7199783325195 86.8986434936523 63.1179008483887 0 41.2471733093262 44.5074954032898 0 0 0 0 0 0 0 0 0 0 0 0 0 1.89008784294128 8.64066219329834 16.5621912479401 538.257360458374 681.796257019043 665.235260009766
0 0 0 0 0 0 0 46.4202995300293 20.8715257644653 680.586390018463 639.060607910156 289.781894683838 372.621475219727 0 448.889495849609 2523.25417387486 216.793260574341 0 0 5.06883358955383 32.1456270217896 69.9633617401123 116.040832519531 38.5452766418457 38.7063827514648 57.4094085693359 76.9941253662109 41.1566200256348 324.698944091797 12.1106567382812 3.67942225933075 13.2887601852417 13.1484315395355 722.641479492188 112.51407623291 40.3472595214844 1.83599781990051 41.0459175109863 191.377029418945 0 0 0 0 0 0 0 0 0 0 0 0 0 0 0 0 754.859045028687 665.171433806419 474.687683105469
0 0 0 10.5624217987061 116.076686859131 192.821216583252 33.3395993709564 32.4017705917358 452.067276239395 735.830365657806 67.9296003580093 37.5182907581329 93.8044948577881 0 0 109.277950286865 0 0 0 10.7953296899796 60.0037512779236 111.171799659729 48.5041275024414 17.8860054016113 459.024475097656 179.438430786133 275.540557861328 189.766906738281 98.6155548095703 47.5199356079102 50.4661331176758 10.125020980835 740.031066894531 43.2144508361816 48.3350448608398 24.9451351165771 37.9980888366699 41.0615768432617 257.726226806641 0 0 0 0 0 0 0 0 0 0 0 0 0 26.6942024230957 0 0 0 255.947858810425 362.160522460938
0 0 0 0 0 0 0 341.442985057831 754.232849121094 0 84.5694851875305 0 0 0 0 0 0 0 0 31.6514301300049 27.6427268981934 13.3335456848145 23.6309722661972 67.1194763183594 49.8622131347656 59.0090560913086 160.695343017578 123.665306091309 124.397369384766 13.2259857654572 25.8940452337265 36.3159370422363 254.601303100586 0 3.91102910041809 35.3814277648926 42.698917388916 37.0167961120605 0 0 0 0 0 0 0 0 0 0 0 0 0 0 10.446033000946 3.1207275390625 30.5911494493484 53.364135146141 70.7716925144196 153.201347589493
0 0 0 0 0 0 0 0 0 0 20.8607285022736 119.653738021851 165.841308116913 0 0 0 0 76.1322374343872 268.35603427887 33.690838098526 113.815536499023 82.5135192871094 18.9405390024185 25.6225074529648 39.8913536071777 72.4137573242188 69.7981109619141 303.155609130859 53.1587028503418 2.37037229537964 584.621520996094 0 677.382934570312 0 9.32933330535889 33.4532012939453 41.0791473388672 43.2715454101562 0 0 0 0 0 0 0 0 0 0 0 0 0 0 3.40754854679108 24.4956858158112 51.4697551727295 71.9102153778076 52.8465490341187 128.76141512394
2.16098713874817 0 0 27.1379488706589 0 0 0 0 0 0 0 0 450.32132589817 88.204833984375 66.0863902568817 2.26730513572693 10.8318891525269 278.659067630768 40.5458679199219 139.144775390625 159.163391113281 67.387809753418 0 0 0 7.99954998493195 0 0 1.1849616765976 123.088279724121 0 269.480560302734 379.194274902344 0 28.0327606201172 44.2561378479004 41.0945839881897 0 0 0 0 0 0 0 0 0 0 0 0 0 0 13.4594306945801 20.013575553894 29.1971964836121 107.27014541626 98.7107424736023 58.5620908737183 364.931198120117
0 0 0 0 0 43.0783500671387 0 10.7699165344238 0 0 0 0 109.08137512207 150.322418212891 0 0 137.117666482925 2.37068128585815 20.5492877960205 31.743034362793 50.7481269836426 80.3158264160156 1606.10021972656 0 0 65.6908569335938 270.490631103516 0 0 17.990565776825 11.2994700670242 144.114364624023 181.770004272461 0 0 5.38834095001221 9.01768207550049 17.66748046875 0 0 0 0 0 0 0 0 0 0 0 0 0 18.9809532165527 28.7971754074097 41.1457915306091 512.637678146362 80.3897304534912 450.798219680786 798.026543617249
0 0 0 0 15.0071258544922 7.88540410995483 159.616470336914 21.3143310546875 0 0 0 45.2761538028717 423.527689933777 326.854613304138 0 0 278.854788661003 0 1.89969789981842 0 16.2471477985382 69.3621978759766 188.567403793335 61.1439781188965 0 168.665439844131 71.7010498046875 0 13.9441962242126 40.5145847797394 72.4424266815186 180.802228927612 0 0 0 0 0 9.49092197418213 0 0 0 0 0 0 0 0 0 0 0 0 2.41862607002258 12.9729402065277 18.9484434127808 155.121952056885 382.182703971863 347.558685302734 251.079467773438 104.36006462574
0 0 4.46697998046875 0 54.1793720722198 5.50092303752899 28.2812900543213 54.9510078430176 32.3989658355713 0 1.11792933940887 8.14208877086639 888.217346191406 340.642608642578 0 0 0 53.9273986816406 0 307.998718261719 249.31266784668 82.7683486938477 15.9575619697571 132.145645141602 0 0 1772.92138671875 180.001983642578 0 22.3204669952393 0 415.000747680664 45.8553795814514 107.615844726562 0 188.918258666992 0 0 0 0 0 0 0 0 0 0 0 0 0 1.05096089839935 0 0 197.464751958847 523.772506713867 232.500419616699 504.432333469391 284.327121734619 151.271692276001
2.1148179769516 7.29148292541504 5.97459125518799 0 0 1.43802547454834 0 1.57716488838196 24.8765115737915 7.73017728328705 14.582785487175 114.934510707855 127.854110717773 181.073486328125 0 0 0 17.6099994182587 246.831418037415 0 0 0 0 175.919998168945 27.8279495239258 0 0 0 171.726333618164 3.07370066642761 5.32023334503174 19.2108287811279 2.55106663703918 0 0 17.7290172576904 4.77262878417969 0 0 0 0 0 0 0 0 0 0 0 0 0 0 932.286285400391 851.481506347656 393.807231903076 254.080299377441 201.508623361588 299.052568435669 183.385038137436
0 0 0 0 0 0 44.0150680541992 16.8263244628906 5.8803071975708 80.4330286979675 141.102784633636 45.3805541992188 269.065821170807 99.6393818855286 0 35.0257339477539 0 17.273943901062 0 0 1.47805035114288 0 1.05759239196777 3.56124186515808 7.02114057540894 17.9368336200714 22.6971988677979 20.9575529098511 8.12696647644043 0 6.05111217498779 0 133.663116455078 11.5861978530884 36.455451965332 52.7023658752441 45.5660781860352 0 6.32890796661377 0 0 0 0 0 0 0 0 0 0 0 0 924.727079868317 300.918655157089 317.688844799995 404.395729780197 210.831465959549 195.837888002396 75.3265484571457
0 0 0 0 1.15045320987701 1.0225465297699 18.5660252571106 39.263256072998 63.8369808197021 372.007505655289 827.782948851585 99.8963823318481 146.079860448837 273.793825149536 42.5513348579407 156.28596496582 34.8804588317871 0 6.12663793563843 12.50803565979 5.88669919967651 10.4605855941772 16.7818012237549 0 6.70847415924072 24.380829334259 30.8066730499268 25.353199005127 7.36402630805969 0 36.0832176208496 63.6285552978516 140.881016016006 7.42230117321014 213.505870103836 55.5434564352036 38.6122754812241 0 0 0 0 0 0 0 0 0 0 0 0 0 0 209.501722097397 0 148.239432811737 137.418984889984 150.07265162468 206.548297405243 127.015442013741
0 0 0 7.59010517597198 41.7659132480621 53.5896853208542 136.100051522255 263.79453754425 248.130736112595 37.122875213623 29.0370903015137 229.764101028442 38.0300270318985 0 0 0 0 0 0 26.9502458572388 11.8499803543091 17.6770629882812 71.7750244140625 0 113.747749328613 411.045837402344 26.9136924743652 7.1510796546936 0 151.256698608398 3.41027069091797 48.803026676178 167.581105947495 7.8274427652359 3.16062021255493 20.22516477108 60.8726062774658 5.02266752719879 3.5699827671051 1.437659740448 0 0 0 0 0 0 0 0 0 0 0 0 0 142.893481254578 98.864541888237 0 111.001530170441 276.345960378647
0 0 0 47.1022109985352 16.1123960018158 54.8300714492798 51.2015113830566 608.301543831825 79.8059711456299 270.570747375488 169.42919921875 60.0544559955597 379.390662550926 163.88671541214 480.573328018188 0 230.189613580704 205.463806152344 1.37022769451141 55.8740727901459 79.6838175058365 203.527252197266 150.026484489441 0 267.717132568359 324.014343261719 0 166.048416137695 0 226.399885296822 14.3363094329834 4.64082646369934 0 81.4458923339844 1.20380258560181 1.05873346328735 113.325722694397 3.67790198326111 5.85521614551544 5.03377819061279 0 0 0 0 0 0 0 0 0 0 0 0 0 0 0 0 82.1796550750732 207.780851602554
0 0 2.14247989654541 15.0044546127319 0 34.8604292869568 74.2787313461304 367.339702606201 293.873111724854 664.421249389648 582.438888549805 118.591165542603 476.339599609375 1295.24171769619 15.0133483409882 106.039679646492 931.542004227638 267.309601783752 56.2264161109924 112.855499267578 190.9404296875 164.734146118164 23.822359085083 5.25948047637939 285.529113769531 445.428979873657 20.8045196533203 0 0 90.0515594482422 0 2.02592658996582 56.3019394874573 35.7821273803711 0 16.1863784790039 0 0 2.63274967670441 1.02617144584656 0 0 0 0 0 0 0 0 0 0 0 0 0 0 167.570244073868 412.373893737793 727.474196195602 610.781964302063
3.30056667327881 1.30615019798279 10.8747911453247 20.4664087295532 0 0 33.9368343353271 23.5000534057617 489.901111602783 462.144178390503 229.867940187454 41.0240440368652 451.658559799194 405.737237930298 0 17.4430389404297 112.291845560074 4.45395517349243 31.2754440307617 0 130.078071594238 743.394775390625 29.5986957550049 14.1436386108398 4.34435415267944 29.9297027587891 29.7688465118408 0 0 22.5722141265869 8.00197124481201 0 68.7474780082703 30.206511259079 21.0574481487274 109.796783447266 191.456420898438 5.99269437789917 0 0 0 0 0 0 0 0 0 0 0 0 0 0 29.018182516098 0 432.57842874527 803.780914306641 1346.1774353981 1253.86235427856
0 0 4.50722122192383 12.0290288925171 0 0 0 3.13816618919373 26.2966041564941 139.367123365402 36.2767262458801 25.7214722633362 6.02336311340332 3.47345781326294 61.4051170349121 0 17.049072265625 11.6810827255249 75.1137351989746 38.7909979820251 4.49829864501953 0 0 3.88142013549805 37.2466958761215 1.06439232826233 1.42418813705444 24.5553629398346 144.55703830719 37.3268951177597 18.0464897155762 44.4978440999985 41.9297904968262 0 0 0 0 0 0 20.3950843811035 0 0 0 0 0 0 0 0 0 0 0 14.2836246490479 21.2582153081894 44.0073305368423 182.076606750488 1398.60897827148 1775.73480653763 2136.59702563286
0 0 0 1.72142457962036 0 0 1.57343649864197 2.41832280158997 0 1.88094675540924 130.160675048828 138.539450645447 71.1975250244141 21.6201138496399 74.5097404718399 8.87224578857422 9.91480314731598 25.8410220146179 7.3441309928894 33.3901945352554 120.722675561905 0 0 22.9939136505127 6.77411329746246 2.00073099136353 39.4213579893112 35.9591217041016 4.22775077819824 0 0 825.395874023438 0 0 0 79.7776260375977 271.921602249146 27.705641746521 0 0 0 0 0 0 0 0 0 0 0 0 9.56097233295441 13.7218561172485 0 120.619482517242 192.27699136734 391.145933628082 1206.65955209732 2574.04762268066
