Geospatial/Brazil_sugarcane_harvested_area.asc
NCOLS 470 
NROWS 468 
XLLCORNER -74.0004239999869 
YLLCORNER -33.7495049999942 
CELLSIZE 0.0833330000000103 
NODATA_value -9999 
[rows 182 to 207 of 468, columns 348 to 405 of 470]
0 0 0 0 0 0 0 0 0 0 0 1.00973272323608 1.56446313858032 0 0 0 0 0 0 0 0 0 1.52913784980774 0 0 0 0 2.80448055267334 1.17617750167847 3.13820385932922 6.98635053634644 37.6837043762207 19.0901865959167 0 0 0 0 0 0 0 0 0 0 0 3.12362933158875 0 0 0 0 0 0 1.14639520645142 0 3.17151951789856 0 0 259.449479818344 602.867915630341
0 0 0 0 0 0 0 0 9.57542753219604 0 0 2.25244116783142 2.96539211273193 3.53297924995422 0 0 0 0 0 0 0 0 0 0 0 0 0 0 1.28357303142548 9.97956705093384 4.23733925819397 7.84590721130371 1.5625 25.2349390983582 0 0 0 0 0 0 0 0 1.98961734771729 0 0 0 0 0 0 0 0 1.15055525302887 0 3.06903183460236 2.31668782234192 0 1.76155006885529 328.794982910156
0 0 0 0 0 0 0 0 0 0 0 0 3.6618812084198 4.58841753005981 3.35444521903992 0 0 0 0 1.25435256958008 0 0 0 0 0 1.13407218456268 0 4.52474021911621 10.0790233612061 6.8233757019043 1.79196119308472 23.3336753845215 2.46571254730225 162.003002166748 0 0 0 0 0 0 0 0 0 0 0 0 0 0 0 1.44277060031891 2.99031102657318 1.57490813732147 1.40449440479279 2.33586573600769 0 0 0 0
0 0 1.90578198432922 0 0 0 0 0 0 0 0 0 3.72079825401306 3.07249736785889 0 0 0 0 0 12.2629995346069 2.11578345298767 0 0 0 0 0 0 1.19727683067322 0 3.7065589427948 0 4.54125070571899 60.922420501709 170.682479858398 270.459259033203 281.423767089844 0 0 0 0 0 0 0 0 0 0 0 0 0 1.91607403755188 4.95660495758057 1.44645690917969 3.09875512123108 1.76530146598816 3.54573380947113 0 0 1.50681388378143
0 0 0 0 0 0 0 0 0 0 0 0 0 0 0 0 0 0 0 21.3058986663818 4.70852279663086 0 0 0 0 0 0 0 5.462082862854 4.09254217147827 6.3121509552002 25.2671718597412 123.558174490929 90.5016098022461 150.283233642578 0 0 0 0 0 0 0 0 0 0 3.07634115219116 0 0 0 1.27297830581665 4.17553997039795 1.4983503818512 1.08023071289062 0 0 0 0 3.76746690273285
0 0 0 0 0 0 0 0 0 0 0 0 0 0 0 0 0 6.1531138420105 0 0 127.177879333496 0 0 25.7689952850342 0 0 0 0 0 12.2788004875183 17.4577102661133 80.5637741088867 100.192732810974 8.41073989868164 0 0 163.213279724121 0 1.64643013477325 0 0 0 0 0 4.08352947235107 6.01164317131042 0 0 0 0 2.85166263580322 3.45564067363739 3.08936560153961 2.60887360572815 0 0 1.24657571315765 3.17341208457947
3.76307606697083 3.0537291765213 0 0 0 0 0 0 0 0 1.82574439048767 0 6.44694375991821 3.86221504211426 31.4414539337158 0 2.83953881263733 0 0 0 11.9161214828491 0 0 0 0 0 0 1.69873940944672 8.41836428642273 19.0619130134583 89.4183169603348 56.2265791893005 15.8448128700256 0 0 0 0 0 0 0 0 0 0 0 0 0 0 0 0 2.0823689699173 1.35959506034851 2.81088876724243 2.48886847496033 0 1.38754904270172 0 0 7.36990284919739
3.58174228668213 2.13619613647461 1.3432137966156 30.6782817840576 0 0 0 0 0 0 2.72015428543091 7.48123645782471 7.05127763748169 8.24417400360107 0 0 5.9386568069458 7.10224831104279 0 0 0 4.50807905197144 25.2610397338867 4.58475506305695 0 0 0 0 0 51.9673645496368 3.00578355789185 0 0 2.38045430183411 4.59146308898926 3.01161336898804 1.57665193080902 5.84788477420807 0 0 0 0 0 0 1.52398097515106 0 0 2.10035157203674 6.94328820705414 3.14318084716797 1.10666596889496 2.32539284229279 0 0 1.15299665927887 0 12.9613528251648 21.5351077318192
4.96637892723083 2.62738871574402 3.13367033004761 44.7442779541016 0 0 0 0 0 0 0 23.6559716463089 0 0 0 0 8.15589141845703 20.200660943985 0 14.8110028505325 0 20.9543786048889 13.0315048694611 7.49775791168213 90.2349963188171 36.8621475696564 0 6.3209662437439 4.2671103477478 0 0 8.85014033317566 0 4.33342933654785 7.3493766784668 19.7923815250397 22.406539440155 1.5625 0 0 0 0 0 0 10.3629837036133 0 0 23.8794331550598 59.9371173381805 9.78332006931305 7.07813775539398 0 0 0 1.04208219051361 0 120.833127260208 11.3727192878723
0 4.29317760467529 3.47549152374268 5.26484739780426 0 0 0 0 0 0 0 1.98700857162476 0 0 0 4.15585708618164 56.4392890930176 0 0 39.6350746154785 0 0 0 0 10.025652885437 152.440338134766 0 17.5747184753418 114.092578887939 0 0 131.282215118408 18.0790376663208 219.149802207947 12.6519889831543 22.1525001525879 22.4210186004639 4.71528959274292 1.5251350402832 2.14845252037048 0 0 1.23971247673035 8.50379085540771 9.38674068450928 21.2273526191711 7.48337602615356 46.1562995910645 53.3397579193115 49.037166595459 46.1921787261963 23.0816411972046 10.762948513031 9.17804574966431 0 0 38.9026489257812 64.2718315124512
14.4057322740555 0 2.86030149459839 0 0 0 0 1.74240231513977 1.43624806404114 0 0 1.09967005252838 0 0 12.74915599823 24.6678791046143 53.3835983276367 0 0 24.4854261875153 33.242000579834 0 12.8939590454102 0 0 138.119153261185 86.406751871109 22.8445224761963 94.6714769601822 3.00001859664917 65.1407165527344 92.6280860900879 9.03815269470215 12.1194267272949 19.6784782409668 18.9790515899658 24.1278853416443 6.61895227432251 5.78091824054718 7.31792974472046 6.72636842727661 2.42915272712708 4.89261412620544 11.7202444076538 3.35994172096252 13.4789295196533 34.3189477920532 50.0491094589233 45.1079788208008 67.9402413368225 39.3170967102051 40.634570479393 9.9579176902771 8.15354108810425 6.47769176959991 230.88508605957 30.3251419067383 9.83427977561951
53.8605313301086 1.29178607463837 0 0 0 0 0 1.20329201221466 0 0 0 0 1.47527503967285 0 16.2898731231689 5.10816478729248 23.6666450500488 28.2734413146973 21.0774335861206 35.7739171981812 23.3072299957275 119.292266845703 0 0 212.420957565308 7.85930395126343 17.4353065490723 134.73358130455 147.8159263134 192.312341928482 27.6864528656006 7.32018232345581 10.6451177597046 10.6317024230957 14.2044906616211 10.7105474472046 15.7731027603149 7.17294836044312 6.71325135231018 15.9798097610474 14.8117847442627 10.1477155685425 37.8562097549438 34.599458694458 20.3921613693237 20.1378493309021 77.4412446022034 57.0909423828125 64.9625563621521 61.5274610519409 66.0851502418518 46.7846908569336 19.1247940063477 13.4966425895691 3.73339533805847 62.8180928230286 15.8307390213013 82.8278546333313
41.646913766861 1.41235220432281 0 0 0 0 0 0 0 0 0 0 15.1195888519287 0 6.60539674758911 8.88754081726074 36.9973794221878 11.1698884963989 8.04128932952881 94.6165990829468 211.363395690918 52.9343719482422 69.1045660972595 329.047821044922 100.060474395752 111.537952661514 131.602920532227 66.955575466156 18.0236564874649 34.4370313882828 9.0277681350708 9.06426048278809 7.18347012996674 12.5579032897949 11.5555777549744 10.9475889205933 13.5816757678986 5.77302813529968 11.6976075172424 22.0522546768188 9.06280732154846 15.0288078784943 35.9621877670288 36.8677701950073 19.4125039577484 2.18665266036987 20.3944263458252 52.4997004270554 84.3344030380249 65.2089691162109 58.439661026001 9.58766841888428 26.7554979324341 7.12530553340912 128.069542884827 69.3219499588013 16.408938407898 75.1074409484863
0 0 0 0 0 0 0 1.83045482635498 0 0 0 0 0 9.487144947052 5.83962047100067 0 0 0 4.89404153823853 11.2606019973755 262.445503234863 37.2126541137695 104.559844970703 101.910377502441 92.7260856628418 101.222688674927 43.3911266326904 0 0 0 1.6022447347641 4.47234058380127 4.63122463226318 10.9352595806122 22.6237382888794 12.2155957221985 6.92789781093597 7.40862774848938 25.5279960632324 29.3794498443604 14.4389691352844 31.1650075912476 62.212468624115 41.5058469772339 0 0 7.3878653049469 12.2501101493835 24.5455269813538 53.2805233001709 10.3486607074738 9.47192692756653 24.2780020236969 3.9900678396225 124.486171722412 124.395815610886 12.7246663570404 12.4823234081268
0 0 0 0 0 0 0 0 0 0 0 0 0 0 0 0 0 0 0 18.6246883869171 6.56487417221069 37.6423606872559 99.5051975250244 155.60717010498 56.9006562232971 10.9327745437622 0 1.26445615291595 0 0 0 2.92900800704956 4.34807825088501 27.0130575895309 32.63902759552 26.473804473877 12.3599588871002 12.2291870117188 23.1396831274033 28.2597863674164 31.168713092804 40.0819206237793 46.658878326416 51.4386053085327 3.74484038352966 0 6.59440064430237 7.13285255432129 22.5381453037262 16.5120303630829 3.84152698516846 10.3789596557617 8.05488395690918 9.50384426116943 6.49429178237915 50.3656513690948 42.4051675796509 3.74078786373138
0 0 0 0 0 0 0 0 17.5647075176239 16.9051170349121 0 3.2551794052124 0 0 0 59.1165809631348 1.78105282783508 0 0 0 0 77.8249599933624 92.6987376213074 57.5225419998169 2.57442855834961 0 0 0 0 0 0 0 0 17.5436615943909 54.3240184783936 175.685948371887 116.31839132309 16.8342884778976 76.3545918464661 59.4744300842285 26.2962484359741 45.2492609024048 31.0939047336578 20.4152584075928 0 0 15.0470724105835 24.1450581550598 24.6232583522797 36.3665328025818 26.6554336547852 20.4079027175903 4.14964532852173 14.4159650802612 15.4592447280884 76.408465385437 29.8008584976196 20.6610836982727
0 0 0 0 0 0 0 0 5.7439374923706 3.1297345161438 0 0 0 1.72484588623047 0 33.9698276519775 0 0 0 0 2.24872875213623 130.587037086487 74.3110027313232 1.5811904668808 0 0 0 0 0 1.91326546669006 0 0 0 1.33196437358856 87.560863494873 481.537655949593 517.894787311554 134.61301612854 199.493313193321 171.896660804749 17.2583446502686 25.6623764038086 29.4014663696289 57.3194638490677 0 0 1.84855782985687 25.4426363706589 36.3070561885834 108.63309442997 70.5874810218811 56.8504749536514 15.4154365062714 9.9739465713501 9.63636350631714 26.1013054847717 24.6819648742676 20.5678691864014
0 0 0 2.64351582527161 0 0 0 11.4560613632202 1.35247528553009 0 0 0 0 0 1.80748951435089 0 0 0 0 6.20064783096313 1.58650970458984 64.1388891935349 63.6776621341705 0 0 0 0 0 0 1.70775175094604 0 36.8922441005707 46.5182509422302 76.4712399244308 34.6148061752319 293.351266860962 292.348587155342 185.65588760376 150.17475605011 21.7355446815491 26.6975344419479 34.6851463317871 79.5247135162354 52.2055838108063 1.17232084274292 1.24507439136505 10.6352863311768 1.20934879779816 6.03793561458588 49.1503009796143 68.355152130127 66.9272599220276 41.378214597702 19.7464823722839 23.2112166881561 31.8411762714386 67.9358531236649 34.4325866699219
0 0 0 0 0 0 0 0 0 0 0 0 0 0 0 0 0 0 0 0 65.3797855377197 5.89876937866211 1.5625 0 0 0 0 0 0 11.5797681808472 9.25475788116455 0 6.44632530212402 26.5034210681915 0 98.101598739624 55.6062049865723 155.560043334961 175.687520861626 136.126178264618 56.0285067558289 73.1832323074341 81.0863447189331 34.5130038261414 10.8546333312988 18.1503123044968 16.3464568853378 21.3856801986694 7.67885422706604 16.5390310287476 75.3219871520996 65.9804649353027 36.8084335327148 37.5799942016602 58.5644760131836 61.4030780792236 71.739990234375 24.3027272224426
0 12.085218667984 0 0 0 0 0 0 0 0 0 0 0 0 0 3.85074257850647 0 0 0 2.72084927558899 63.0882339477539 0 0 0 0 0 0 0 1.51774883270264 8.16756570339203 11.9309196472168 0 0 145.881566166878 6.04160833358765 88.1688795089722 35.965856552124 61.0267944335938 148.422515869141 159.999782562256 94.99920129776 73.6590876579285 36.5059480667114 22.3476428985596 1.68730938434601 22.4522666931152 5.76827549934387 25.9710993766785 2.84915816783905 4.67201280593872 6.14705061912537 36.3897342681885 33.8436098098755 49.2782833576202 67.6572251319885 90.8492047786713 53.4300966262817 7.3302652835846
103.927803039551 167.47200012207 40.6112899780273 0 0 0 0 0 0 0 0 0 0 0 0 1.91777300834656 0 6.04293394088745 0 21.3105483055115 9.12468719482422 0 0 0 0 0 0 1.21978139877319 0 0 0 0 0 119.03636932373 36.9343481063843 398.24898648262 103.884917259216 37.3614311218262 124.14803314209 123.293684720993 60.8644599914551 16.7352752685547 40.471676826477 14.2927451133728 0 8.43813621997833 9.48339688777924 14.5488513708115 0 1.26331865787506 5.93860495090485 1.28454220294952 0 2.23231387138367 15.6021528244019 22.7073185443878 7.06065034866333 8.81210398674011
19.4832286834717 199.915069580078 198.781173706055 70.9815216064453 0 0 0 0 0 0 0 0 0 0 0 0 0 0 1.69018161296844 22.2065391540527 7.21763324737549 1.00663793087006 0 0 0 0 0 0 4.48349285125732 0 0 0 0 34.2663841247559 233.289138793945 514.170661687851 590.799038052559 121.379165649414 54.8336486816406 52.7846298217773 53.0191577672958 13.1113805770874 10.9662714004517 1.45178186893463 0 0 7.99849903583527 4.53608894348145 0 0 0 0 1.81175410747528 0 0 3.1969176530838 3.04940378665924 1.48887360095978
0 161.130369663239 227.042362213135 165.338638305664 12.9214947223663 18.4112932682037 19.9622497558594 11.6480770111084 0 0 3.24341678619385 0 4.37094688415527 6.47017288208008 12.0673879384995 2.6761212348938 0 0 10.8262311220169 15.1530601978302 16.4948489665985 0 0 0 0 0 0 19.9516384601593 5.32270669937134 0 3.24918293952942 0 0 0 1.58478665351868 32.7642812728882 188.231222391129 270.261517524719 195.805548667908 57.8759393692017 42.9642639160156 8.00493538379669 5.76792669296265 0 0 1.39105880260468 0 1.73543477058411 0 37.9346122741699 45.1086683273315 4.11515045166016 0 0 0 0 0 1.68563640117645
65.2581577301025 224.638225078583 150.608410835266 32.6987090110779 13.835798740387 20.6548480987549 26.414272069931 26.8774218559265 2.17619252204895 0 2.65317535400391 3.91018462181091 15.2713413238525 13.8363707065582 14.5721259117126 15.8851705789566 1.52222192287445 0 0 52.0610656738281 44.22021484375 3.18364763259888 2.41525626182556 0 0 2.68212890625 3.19754838943481 27.2067511081696 11.8625173568726 23.1322708129883 0 0 0 0 0 2.39920735359192 16.0548000335693 188.085207700729 212.430007815361 105.515466451645 47.4933805465698 2.94852876663208 0 0 223.536827087402 0 0 0 0 35.4172767400742 24.196681022644 42.6186974048615 62.1069481372833 1.43956863880157 2.9001088142395 1.75867176055908 1.0610466003418 2.07423686981201
104.119895935059 159.218084335327 16.4053688049316 12.253173828125 10.8199632167816 10.0872460603714 20.4239795207977 13.9368438720703 0 1.24951159954071 14.7150430679321 8.1504637002945 16.4049367904663 14.6582272052765 14.9444217681885 29.3407599925995 31.71413397789 0 0 4.60457360744476 305.139190673828 0 13.9006086587906 20.2178316116333 7.27337837219238 0 0 0 8.2523946762085 19.429154753685 1.17161595821381 0 0 2.62714385986328 0 1.92071330547333 10.9976587295532 42.5530369281769 155.116371154785 82.2835845947266 130.461209774017 29.8272659778595 0 90.8063659667969 290.305149555206 20.0190143585205 133.503644943237 14.8054847717285 13.5707988739014 30.2253942489624 17.5893220901489 66.4106063842773 34.8189816474915 1.93670034408569 1.35241746902466 1.39218211174011 0 1.19867026805878
1813.20959472656 2464.49951171875 6.03697538375854 2.31098985671997 0 0 0 3.30345129966736 12.3655581474304 11.0840215682983 11.0290573835373 10.1975940465927 10.3890725374222 7.66075992584229 21.303985953331 42.1771965026855 46.2954750061035 11.9549083709717 0 9.22722244262695 2.48783111572266 0 328.758041381836 6.38299131393433 10.0676052570343 42.072395324707 9.32753419876099 1.30446064472198 8.78110802173615 85.8201141357422 4.78001940250397 0 2.22588801383972 25.9597923755646 0 23.0941083431244 25.138692855835 4.00610542297363 13.2059955596924 36.9848489761353 79.1987819671631 2.11878204345703 13.2379503250122 41.0103530883789 339.281127929688 8.88887786865234 186.362197875977 22.4994125366211 332.597370147705 180.997792363167 1.88954102993011 1.54369807243347 0 2.92173945903778 1.02978563308716 2.68742799758911 1.60076570510864 1.04253172874451
