Geospatial/Brazil_sugarcane_harvested_area.asc
NCOLS 470 
NROWS 468 
XLLCORNER -74.0004239999869 
YLLCORNER -33.7495049999942 
CELLSIZE 0.0833330000000103 
NODATA_value -9999 
[rows 416 to 441 of 468, columns 232 to 289 of 470]
39.7371311187744 512.692780256271 162.666234493256 167.489685058594 87.2548198699951 142.484586715698 0 0 4.2255175113678 8.50381481647491 8.79018771648407 54.1041179895401 3.77158451080322 2.09859895706177 69.0267839431763 188.195724487305 393.412535429001 732.336616277695 90.5759563446045 14.2257809638977 7.27994585037231 3.32268857955933 13.1406812667847 104.722421765327 3.88989591598511 1.87943470478058 1.88003480434418 10.9087090492249 41.4892264604568 87.5382704734802 183.218862533569 69.4325504302979 38.2433452606201 45.1798210144043 64.997878074646 47.7906394004822 58.636794090271 18.0687115192413 46.8104811906815 246.859127044678 947.149848937988 169.692873001099 47.5148181915283 65.5730713605881 26.8231830596924 34.4845851659775 25.2963116168976 10.720381975174 1.92830848693848 0 0 0 0 0 59.7052717208862 17.1751022338867 430.969262123108 17.3289742469788
1425.30285954475 182.541955113411 489.683594465256 193.302359580994 37.8452095985413 98.3399519920349 41.2083892822266 0 168.835220336914 1.55361437797546 33.1542167663574 253.485496282578 274.293186187744 714.140204906464 766.707129478455 1388.99238872528 715.233108520508 852.303506851196 587.690063476562 305.929977416992 185.526903867722 3.02007484436035 167.333435058594 63.5648803710938 32.7825280427933 7.35635709762573 7.41228532791138 20.3986368179321 42.86328125 54.3746440410614 10.4326694011688 413.230420947075 63.0048387050629 40.3625450134277 13.2073495388031 15.3545615673065 14.4004240036011 34.206217288971 46.5950441360474 307.131643772125 214.048278689384 520.146809577942 124.461100578308 41.2945883274078 72.887069106102 31.387179017067 23.705576300621 56.504780292511 39.8081665039062 0 4.19266271591187 0 137.239952087402 4.74173879623413 304.19403553009 216.517324447632 10.2688474655151 0
907.477111816406 93.5653846263885 1826.77954101562 181.201104879379 573.984089851379 73.9424602985382 31.374002456665 38.0351448059082 0 24.9727979898453 15.0899200439453 2.79474556446075 21.4056305885315 526.503926277161 1167.80044960976 1101.81985759735 1124.60797345638 766.77290725708 619.644847869873 569.290382385254 315.196441888809 3.04453754425049 178.351268768311 126.208182930946 279.368889570236 109.097801804543 59.0759210586548 32.4705109596252 101.838375091553 368.294706821442 397.950470685959 395.606541633606 108.347334861755 241.962210655212 431.60310292244 14.071444272995 124.00931930542 188.966928482056 271.873376965523 349.29512834549 341.725281476974 196.799132585526 32.7866897583008 252.900833129883 133.970105648041 83.3327808380127 52.4938831329346 473.70938873291 81.9438314437866 26.684276342392 38.0109667778015 135.578389644623 137.632465362549 9.99321460723877 280.856323242188 183.078117966652 32.257824420929 -9999
81.6754504442215 371.978338122368 1944.48181152344 1220.06952095032 2884.39111328125 2144.12548828125 231.745588302612 0 243.219532489777 23.5180187225342 0 0 36.4684467315674 1559.62470388412 775.9208984375 105.673191547394 451.4208984375 950.765945911407 833.464826464653 465.36990737915 438.563308000565 119.641014814377 139.826856851578 79.3337326049805 330.554931640625 311.890044093132 188.011751413345 37.2014526128769 72.7125467061996 414.949790120125 170.54868888855 41.9727325439453 76.6307051181793 577.89480650425 558.779855489731 33.6307315826416 0 179.042236328125 289.599046707153 517.197630882263 556.263240814209 115.425744056702 18.692702293396 293.282669067383 68.0974378585815 86.6280193328857 98.3156337738037 586.144944190979 252.93207359314 509.102072119713 164.586130619049 28.9820747375488 93.28497838974 140.897749066353 6.95683526992798 5.29812955856323 -9999 -9999
757.181608557701 797.538830041885 849.600552082062 457.030905723572 151.507520675659 20.1016635894775 13.9047565460205 51.2034378051758 801.331081867218 855.924438476562 1103.49597167969 784.759094238281 121.754249334335 727.247261047363 572.423703670502 472.482518792152 169.864461660385 785.086784243584 621.402491092682 896.624774456024 1269.14414978027 2527.59587097168 830.905134677887 507.015804290771 261.329811096191 177.083537101746 633.926177978516 226.076469421387 4.79403471946716 31.0105249881744 4.04396390914917 1.58917653560638 30.1781983375549 217.609780788422 296.104488372803 0 0 4.16388416290283 183.582626342773 1118.82148742676 858.434574127197 512.307470321655 66.6670551300049 241.538400650024 295.48095703125 87.7893290519714 268.330993652344 634.22607421875 551.326531410217 647.17603302002 776.534604549408 115.779964447021 15.4680557250977 87.7149353027344 187.406006336212 10.4078693389893 -9999 -9999
330.036395072937 2.41681408882141 122.913872480392 0 100.850120544434 74.8118238449097 225.880878448486 13.762099146843 2.13963961601257 36.7792639732361 443.966445922852 1393.92901730537 1803.90108776093 266.578036189079 654.203857421875 861.635681152344 436.766674041748 198.024195075035 161.4248919487 570.188657283783 161.406509399414 3181.28540039062 608.097354888916 12.5714716911316 12.5861158370972 36.1605033874512 2168.15539515018 74.6529030799866 195.83230304718 20.6397629976273 376.877400875092 492.330596089363 250.112257003784 112.070114254951 109.184647083282 83.2789688110352 13.3799297809601 29.2665114402771 0 52.017578125 889.706570863724 695.25731420517 102.738647460938 149.24857711792 279.532138824463 322.147491455078 356.075584411621 789.713823318481 544.44188117981 892.309211730957 404.710981369019 135.09135055542 104.2269115448 103.630089759827 78.3350601196289 -9999 -9999 -9999
0 2.78700280189514 1.9100456237793 87.771258354187 0 0 69.8783252239227 78.54609644413 13.2609986066818 89.4028152227402 847.197082519531 183.164733886719 138.945224523544 14.7326254844666 11.9074032306671 415.057556152344 1275.07250976562 1246.12866210938 1290.79357910156 931.225708007812 346.974729776382 928.068237304688 928.47412109375 732.775024414062 155.885772705078 12.5716600418091 128.184545040131 266.827545166016 283.908447265625 264.147670984268 479.916442871094 1009.66918945312 479.795166015625 406.388244628906 419.75778567791 96.0321197509766 161.624565124512 272.557098388672 0 141.147766113281 28.9028455018997 192.554230213165 169.054110050201 256.352488517761 839.508609771729 815.53604888916 242.935737609863 1142.456615448 1311.52819824219 1093.64092350006 734.596815109253 184.62082016468 748.910781860352 114.444006919861 73.9216182231903 -9999 -9999 -9999
0 0 0 0 6.32630276679993 0 66.8691990375519 1.09282696247101 210.762115478516 221.425750732422 154.592758178711 32.3308448791504 62.8232219219208 813.976440429688 841.732788085938 325.436053752899 295.739471435547 299.531982421875 160.616609573364 482.034759521484 1085.92443847656 955.936401367188 1241.35021972656 988.036010742188 146.567901611328 194.260131835938 256.708572387695 239.516784667969 15.7918405532837 135.032760620117 360.383148193359 176.604262590408 558.424532413483 371.772166371346 66.245475769043 104.059257507324 272.747619628906 376.872283935547 4.4224853515625 836.615783691406 -9999 0 1.05309391021729 300.385115623474 2343.88256835938 2076.78393554688 226.353216171265 696.344584465027 235.337677001953 782.004686355591 667.715551376343 800.321694374084 106.234777450562 159.180042266846 -9999 -9999 -9999 -9999
0 0 0 0 0 0 0 47.256420135498 495.966400146484 121.118515014648 0 8.39667129516602 133.840972900391 164.324005126953 93.0339431762695 135.565963745117 311.148284912109 763.560729980469 0 792.067626953125 527.518188476562 392.015716552734 145.524124145508 26.8642852306366 8.50692176818848 244.839965820312 234.731536865234 189.544845581055 12.563271522522 31.0281467437744 21.0504360198975 102.965438842773 5.86865901947021 10.6401232481003 0 1.19136774539948 1.08827185630798 48.1973400115967 58.2976052761078 129.670423865318 -9999 16.4792308807373 395.667731404305 636.146545410156 371.64661693573 1283.51040875912 1520.41477715969 1090.16390037537 1536.92462921143 1156.9600610733 1020.51235961914 696.277381777763 397.397975444794 0 -9999 -9999 -9999 -9999
0 0 0 0 0 0 12.3585395812988 124.809501647949 109.388316631317 2.76979398727417 0 0 7.33158874511719 0 0 219.489854335785 113.675991773605 1.21537292003632 0 308.504990100861 319.892669677734 39.538556098938 37.9607315063477 1.13299739360809 63.4973068237305 129.459075927734 24.5644264221191 72.6308059692383 11.546389579773 0 0 0 2.99626970291138 0 1.34487867355347 4.1164984703064 4.83667945861816 185.091597914696 153.997932910919 121.304596424103 0 -9999 743.538757801056 1160.03869962692 506.586961746216 303.635051727295 1399.26311349869 795.494747161865 0 437.72298181057 39.6017751693726 42.8251991271973 759.957349061966 0 -9999 -9999 -9999 -9999
0 0 0 0 0 92.7999267578125 119.650436401367 62.5708737373352 0 1.51361286640167 65.8660583496094 0 0 0 19.2583389282227 19.6036014556885 4.62628436088562 75.4319560527802 40.0663794279099 2.02428507804871 0 0 0 22.1783466339111 80.1884437799454 14.1478657722473 0 0 0 0 0 0 0 0 0 56.3543000221252 83.4685864448547 3.125 4.96376609802246 68.4610481262207 0 -9999 -9999 -9999 812.565369129181 1206.91651535034 522.948216199875 -9999 -9999 0 158.554946899414 133.937240600586 92.085018157959 -9999 -9999 -9999 -9999 -9999
0 0 0 0 122.13427734375 129.537696838379 115.281725883484 140.005035400391 172.841552734375 41.8383178710938 2.55147051811218 2.33641505241394 9.08758354187012 11.3589687347412 17.1240158081055 29.8474351167679 6.67170548439026 2.92897796630859 1.11094236373901 0 43.8772356510162 0 25.0401980876923 144.546097755432 20.0794616937637 6.47224426269531 20.497859954834 8.42416286468506 8.11901092529297 0 0 0 0 0 0 12.4295206069946 9.81787204742432 90.1752902269363 613.161187171936 88.0647093057632 86.1221137046814 5.27283203601837 -9999 -9999 -9999 -9999 -9999 -9999 -9999 62.3345332145691 85.8136749267578 46.5003080368042 36.3861598968506 -9999 -9999 -9999 -9999 -9999
0 0 0 0 41.6831741333008 75.8039855957031 25.6425762176514 25.8818130493164 13.7775182723999 7.42875552177429 0 24.7517414093018 1.31002640724182 2.02366757392883 5.47222852706909 1.05511450767517 6.9213262796402 0 0 0 0 0 0 45.0231302976608 0 0 45.0488319396973 32.5338516235352 0 0 0 0 0 4.50657844543457 12.6184421777725 8.91918790340424 1027.44734048843 831.995425224304 52.6686935424805 97.2821350097656 52.2032814025879 -9999 -9999 -9999 -9999 -9999 -9999 0 0 77.3470306396484 162.175140380859 4.7018551826477 -9999 -9999 -9999 -9999 -9999 -9999
0 0 0 0 0 0 4.82444477081299 0 1.08506143093109 43.3155708312988 0 4.89064121246338 7.54674768447876 0 9.35068202018738 1.08736383914948 2.16803622245789 10.5866465568542 1.26938331127167 0 0 230.438232421875 0 30.1193580627441 0 0 0 0 8.14935779571533 0 0 0 0 13.3043489456177 3.48373913764954 30.2397270202637 28.0530958175659 315.51674079895 2040.01065063477 126.4140625 27.9539341926575 -9999 -9999 -9999 -9999 -9999 -9999 -9999 29.6020965576172 79.4341812133789 53.7643356323242 -9999 -9999 -9999 -9999 -9999 -9999 -9999
0 0 0 0 0 0 0 0 0 0 7.7945499420166 7.56587648391724 7.88788890838623 0 1.44108724594116 1.07874989509583 3.0201530456543 9.71306610107422 45.5144805908203 2.04224514961243 0 33.7188911437988 0 89.7220306396484 0 0 113.194702148438 0 0 0 0 0 0 3.19284200668335 2.54513740539551 347.858628153801 13.6344242095947 117.531046867371 165.282201766968 0 0 -9999 -9999 -9999 -9999 -9999 -9999 -9999 67.8679885864258 66.0404357910156 28.4461841583252 -9999 -9999 -9999 -9999 -9999 -9999 -9999
0 0 0 0 0 0 0 0 0 0 8.35542678833008 3.98732733726501 1.0634104013443 2.10903596878052 0 1.07132387161255 1.07009184360504 10.2131776809692 41.5696067810059 5.239581823349 0 0 0 26.4529386758804 122.579414367676 0 0 0 2.78016996383667 8.93568706512451 0 0 2.07186555862427 10.8546469211578 509.765197992325 1208.21984863281 1709.5576171875 1595.24636411667 458.683402061462 0 0 -9999 -9999 -9999 -9999 -9999 -9999 -9999 48.9105911254883 30.1296615600586 -9999 -9999 -9999 -9999 -9999 -9999 -9999 -9999
0 0 0 0 0 0 0 0 0 0 0 7.22774505615234 0 0 0 0 0 5.81127405166626 0 0 0 0 0 0 0 0 0 0 0 7.14973258972168 33.4373054504395 12.5619211196899 7.07668161392212 0 52.4305462837219 698.816304922104 1440.44596099854 2966.30786132812 0 0 -9999 -9999 -9999 -9999 -9999 -9999 -9999 43.0295066833496 33.944712638855 -9999 -9999 -9999 -9999 -9999 -9999 -9999 -9999 -9999
0 0 0 0 0 0 0 0 0 0 0 0 0 0 0 43.1777381896973 0 0 0 0 0 1.01085233688354 0 0 0 205.515255212784 148.633316040039 0 0 0 429.649666786194 81.8388793468475 670.381428718567 181.154113769531 245.62809753418 1023.42108845711 1181.359375 0 0 -9999 -9999 -9999 -9999 -9999 -9999 0 8.69905471801758 43.5229978561401 15.9436836242676 -9999 -9999 -9999 -9999 -9999 -9999 -9999 -9999 -9999
0 0 0 0 0 0 0 0 0 9.31195640563965 2.22803163528442 0 0 0 2.28748226165771 0 0 0 0 1.87352025508881 0 0 0 9.34612274169922 17.5911911725998 86.9334945678711 27.4563808441162 0 651.00341796875 111.012466430664 164.786437988281 72.7203086614609 264.376281738281 359.534598350525 252.113372802734 243.415725708008 0 0 -9999 -9999 -9999 -9999 -9999 -9999 -9999 52.5822486877441 37.1419944763184 25.6357822418213 -9999 -9999 -9999 -9999 -9999 -9999 -9999 -9999 -9999 -9999
0 0 0 0 0 0 0 1.29695177078247 4.54382133483887 6.63019466400146 0 6.30689668655396 0 0 0 0 0 0 0 0 0 0 27.5780391693115 5.63751792907715 18.3654270172119 11.5117797851562 11.9876327514648 5.69997262954712 632.67822265625 50.0388298034668 82.2811027765274 86.2739715576172 138.641540527344 155.287635803223 312.08611035347 200.438105583191 0 0 -9999 -9999 -9999 -9999 -9999 -9999 -9999 52.8755340576172 20.4230709075928 -9999 -9999 -9999 -9999 -9999 -9999 -9999 -9999 -9999 -9999 -9999
0 0 0 0 0 0 4.95980453491211 11.9936542510986 19.5666828155518 7.21049785614014 1.86276209354401 2.89999485015869 0 5.74376249313354 0 0 0 0 0 0 0 1.12657344341278 0 0 0 5.3389163017273 0 0 16.4969264268875 10.6457786560059 27.5933091640472 182.235824584961 312.787467241287 404.182322502136 245.644894838333 0 0 0 -9999 -9999 -9999 -9999 5.82276105880737 25.1929714679718 11.2975482940674 32.3798228502274 -9999 -9999 -9999 -9999 -9999 -9999 -9999 -9999 -9999 -9999 -9999 -9999
0 0 0 0 0 10.0313014984131 13.3482513427734 10.7665071487427 8.37119483947754 9.23675346374512 1.38593101501465 8.4639482498169 0 0 0 0 0 0 0 0 0 0 0 0 0 0 0 0 7.01959562301636 9.62360262870789 1.78282761573792 152.276077270508 208.120512843132 0 0 0 -9999 -9999 -9999 -9999 -9999 -9999 8.74562931060791 46.3065180778503 34.4378771781921 0 -9999 -9999 -9999 -9999 -9999 -9999 -9999 -9999 -9999 -9999 -9999 -9999
0 0 0 0 15.656848192215 9.76960217952728 1.8571560382843 1.15363967418671 24.191837310791 17.0803589820862 52.0372161865234 3.46356439590454 0 0 0 0 0 0 0 0 0 0 0 0 0 0 0 0 0 0 0 0 0 0 -9999 -9999 -9999 -9999 -9999 -9999 -9999 -9999 0 16.9029343128204 0 -9999 -9999 -9999 -9999 -9999 -9999 -9999 -9999 -9999 -9999 -9999 -9999 -9999
0 0 0 7.51643085479736 11.8544595241547 11.2291588783264 1.53846514225006 1.4291136264801 24.8580951690674 22.726245880127 0 0 6.2113561630249 0 0 0 0 0 0 0 0 0 0 0 0 0 0 0 0 0 0 0 -9999 -9999 -9999 -9999 -9999 -9999 -9999 -9999 -9999 -9999 0 0 -9999 -9999 -9999 -9999 -9999 -9999 -9999 -9999 -9999 -9999 -9999 -9999 -9999 -9999
0 0 14.4197669029236 9.91393184661865 13.4546747207642 8.65148162841797 2.49532866477966 86.5951232910156 52.6925773620605 0 0 0 0 0 0 0 0 0 0 0 0 0 0 0 0 0 0 0 0 0 0 0 -9999 -9999 -9999 -9999 -9999 -9999 -9999 -9999 -9999 0 -9999 -9999 -9999 -9999 -9999 -9999 -9999 -9999 -9999 -9999 -9999 -9999 -9999 -9999 -9999 -9999
-9999 -9999 0 4.90016651153564 1.77355933189392 3.23596811294556 9.53633260726929 7.92108821868896 30.3294906616211 0 1.28282594680786 19.38987159729 6.72619891166687 0 0 0 0 0 0 0 0 0 0 0 0 0 0 0 0 0 0 0 -9999 -9999 -9999 -9999 -9999 -9999 -9999 0 0 -9999 -9999 -9999 -9999 -9999 -9999 -9999 -9999 -9999 -9999 -9999 -9999 -9999 -9999 -9999 -9999 -9999
