Geospatial/Brazil_cattle_production.asc
NCOLS 470 
NROWS 468 
XLLCORNER -74 
YLLCORNER -33.75 
CELLSIZE 0.0833333333333333 
NODATA_value -9999 
[rows 125 to 149 of 468, columns 275 to 329 of 470]
1423.15148925781 1812.87634277344 2490.42034912109 2934.49975585938 4155.0458984375 4640.00463867188 7112.27075195312 22142.509765625 17393.03515625 17084.3046875 13926.654296875 13842.6611328125 16223.5336914062 15444.9526367188 15168.2084960938 19931.0927734375 17814.8896484375 19271.427734375 18754.5654296875 19340.4765625 23920.6323242188 3982.38623046875 6614.91748046875 5223.36181640625 5239.00610351562 3846.07690429688 3785.60223388672 6823.03857421875 6765.20068359375 6814.15234375 5305.80053710938 4560.40478515625 3935.57446289062 4296.15954589844 4278.04467773438 6347.400390625 5818.89404296875 5904.82788085938 5773.33129882812 5962.50708007812 5382.97241210938 4665.9306640625 5565.86059570312 6605.29296875 8880.037109375 7789.52905273438 8170.60278320312 8298.63647460938 9565.4208984375 6728.59399414062 4827.92260742188 2776.99572753906 2255.99798583984 2203.15887451172 2279.62908935547
1402.47512817383 1434.17184448242 1945.81207275391 2516.75830078125 3817.57165527344 4722.123046875 5727.52612304688 9352.96044921875 14869.15234375 19077.7426757812 18120.884765625 15459.8178710938 17055.0556640625 15300.166015625 20662.974609375 19772.3447265625 21440.8173828125 17085.4423828125 20462.2734375 21310.71484375 19938.974609375 5283.763671875 5256.10424804688 5189.07397460938 4636.23950195312 2844.60302734375 4075.615234375 6438.41821289062 5013.10400390625 4705.341796875 4196.4775390625 5012.1298828125 5918.49853515625 7215.82788085938 7567.7470703125 7311.74267578125 7617.8173828125 6265.318359375 4672.03686523438 4809.04565429688 4552.61083984375 4750.89892578125 5252.32250976562 4575.0478515625 5342.80590820312 6350.54833984375 8974.22998046875 7750.6552734375 5731.40185546875 3410.98986816406 3415.32592773438 3368.26867675781 2962.931640625 2406.93054199219 2563.59191894531
1587.99945068359 1864.53436279297 2447.4755859375 3419.2041015625 3717.3037109375 4505.98388671875 5103.49584960938 4552.31225585938 5312.78686523438 7642.27514648438 10972.841796875 14370.1596679688 17624.3461914062 19760.3828125 18500.3432617188 19980.4897460938 20707.1801757812 19612.8901367188 20299.3759765625 22403.7099609375 10370.20703125 6334.20068359375 5297.02563476562 4023.55029296875 4410.1240234375 5312.1015625 4139.46044921875 3830.94140625 2360.97424316406 3511.54174804688 4530.671875 4219.83129882812 4870.84521484375 6679.46264648438 7646.91015625 9649.1162109375 9191.2490234375 6005.95068359375 5810.36499023438 4424.91552734375 4387.365234375 5839.85986328125 5115.59765625 4969.3369140625 7379.7822265625 6996.12548828125 5338.76025390625 4140.49914550781 3929.63244628906 3972.62854003906 3711.94653320312 3564.08410644531 3083.71484375 3569.80920410156 3170.2841796875
1824.8876953125 2776.78198242188 3114.44750976562 4240.15161132812 4613.43359375 4993.451171875 4147.53857421875 4349.79736328125 4195.58752441406 5151.8369140625 5040.2568359375 5278.93798828125 6660.33569335938 6322.92236328125 5941.97412109375 10784.951171875 8982.87841796875 6871.23779296875 11586.2280273438 12401.2705078125 7228.82543945312 6245.64038085938 5631.62744140625 5250.32299804688 5784.52270507812 5091.830078125 6303.92041015625 6453.841796875 5340.79223632812 4898.6767578125 4437.04956054688 4344.61999511719 4465.14672851562 5429.79931640625 6183.38012695312 6290.20141601562 7820.9013671875 8387.59375 8270.10473632812 4691.9609375 4562.66333007812 4365.55859375 4898.52172851562 5962.1064453125 7893.63012695312 4955.984375 4798.72241210938 4081.57604980469 4168.18737792969 4254.23852539062 3356.20678710938 3714.31872558594 2951.69897460938 3107.43225097656 3100.06591796875
2673.30322265625 2574.89978027344 2812.62420654297 1411.99917602539 796.814361572266 1867.45568847656 2067.07012939453 3582.07336425781 4863.16772460938 5771.259765625 5515.4833984375 6228.6484375 5095.66015625 4525.7783203125 4289.05065917969 4517.43994140625 5408.005859375 5716.81176757812 5155.97192382812 4895.54248046875 5828.54614257812 5345.15283203125 5466.80126953125 5668.96899414062 5517.6953125 5765.205078125 9489.93603515625 9436.94970703125 8456.99267578125 7179.20947265625 6295.53588867188 4661.857421875 7513.00708007812 6517.30200195312 5432.15649414062 5894.00390625 5989.51977539062 7577.1533203125 7447.23608398438 6329.93286132812 6798.51147460938 6549.89672851562 5003.1669921875 3648.81860351562 4416.5263671875 4718.48022460938 5006.29174804688 11042.287109375 14523.1459960938 10434.751953125 3376.98962402344 4076.22216796875 3483.08129882812 3086.10986328125 3378.26696777344
1713.87982177734 1431.34460449219 13.8619194030762 54.8002195358276 261.44939994812 368.45866394043 0 827.465545654297 3002.02380371094 4597.60009765625 4302.08618164062 5007.732421875 5111.34936523438 5615.845703125 5233.79028320312 4597.41088867188 3465.38610839844 3949.88146972656 4655.001953125 5784.85864257812 6031.27172851562 5321.21435546875 5033.97534179688 5702.22680664062 5604.5234375 6599.44384765625 9097.7705078125 9302.685546875 9455.62646484375 8726.7958984375 8906.2109375 9689.0751953125 9901.75439453125 9452.693359375 9186.595703125 5609.44165039062 5933.41845703125 5626.8388671875 7820.134765625 9496.64990234375 9903.74951171875 9037.21630859375 4861.57495117188 4732.29541015625 4367.7392578125 4627.94677734375 4376.35400390625 13595.7646484375 17082.208984375 10717.2021484375 3847.71643066406 4051.86853027344 3818.98962402344 3711.23425292969 3547.12683105469
1915.11968994141 1315.82843017578 1900.2834777832 2611.52688598633 2742.94424438477 2714.1257019043 2007.9616394043 164.853363037109 150.799613952637 2226.17163085938 3520.62976074219 4937.54467773438 4936.50732421875 4741.69604492188 4550.65625 3830.98498535156 4249.25659179688 5311.62841796875 5054.02807617188 4680.07641601562 5419.77758789062 4862.0576171875 5767.22192382812 5621.42529296875 5394.82421875 4634.04907226562 7471.22924804688 9451.74072265625 9422.30224609375 8724.8828125 9696.408203125 9597.203125 9038.44921875 6769.50146484375 6722.07348632812 5482.51977539062 5645.37866210938 5508.53247070312 5770.72875976562 5952.80004882812 5643.99731445312 5028.326171875 4437.0849609375 4434.642578125 4626.75830078125 4724.986328125 4539.8408203125 3718.43981933594 2854.2265625 2182.39721679688 3803.65991210938 4153.91796875 3501.89807128906 3291.23559570312 3134.51037597656
2554.19183349609 2079.35559082031 2586.97692871094 2618.50997924805 2700.50427246094 2808.40783691406 3065.38403320312 2566.15924072266 2617.48809814453 2983.73828125 3986.35070800781 4888.64208984375 5614.70336914062 5117.05419921875 4319.17749023438 6625.10009765625 5082.33325195312 5885.36303710938 4540.728515625 6412.78393554688 5635.0498046875 5171.37963867188 7125.09887695312 6232.28833007812 4748.29614257812 5866.18872070312 5841.478515625 8330.482421875 9152.68701171875 9298.07958984375 10966.4545898438 10279.4345703125 7181.00561523438 5695.55981445312 5204.48583984375 4598.09045410156 4373.6650390625 2523.11547851562 2413.08251953125 2793.45874023438 3990.92260742188 4293.26416015625 4251.658203125 4632.93798828125 5233.7978515625 3295.78723144531 2658.97521972656 2292.95104980469 2274.12731933594 2031.98968505859 2927.53405761719 3300.02026367188 3248.00720214844 3305.34350585938 3377.74011230469
3664.78894042969 2848.16912841797 2631.82696533203 2633.60995483398 2593.6025390625 2703.10180664062 2388.572265625 1915.01300048828 2490.34448242188 3780.23376464844 3964.47399902344 5696.2607421875 5254.42260742188 4257.12683105469 2812.61840820312 7259.0498046875 4560.66137695312 5890.3271484375 7129.59423828125 7184.6484375 6955.69262695312 9003.75439453125 9228.06982421875 8986.17724609375 8324.09985351562 7962.6826171875 5952.47973632812 5852.43383789062 7374.83471679688 9090.2919921875 9933.7119140625 8277.97338867188 6700.49145507812 5569.79077148438 5296.52099609375 5013.78735351562 2693.76281738281 1991.88238525391 1757.26989746094 1899.15686035156 3077.76782226562 3427.52563476562 3442.0859375 3218.53125 5673.35131835938 4917.53857421875 4088.44995117188 2032.02142333984 2031.73828125 2109.91204833984 2499.70715332031 3272.56005859375 3353.27355957031 3439.71130371094 3823.77905273438
3806.52124023438 2412.65878295898 2217.84375 2196.1428527832 1198.36198425293 791.386322021484 786.532684326172 788.198883056641 974.404571533203 1735.27557373047 1854.30059814453 2105.49005126953 2775.53637695312 2174.57904052734 2276.20074462891 5627.1357421875 7794.1796875 10415.7211914062 11151.087890625 10138.3374023438 9153.7265625 9261.453125 9300.13671875 9475.7431640625 9341.98291015625 9384.9853515625 8126.86572265625 8605.84912109375 6124.27978515625 7275.08959960938 10053.9047851562 6898.51147460938 6561.673828125 5525.88330078125 5454.20629882812 4703.23510742188 1605.44604492188 1934.68267822266 1896.93481445312 1913.37677001953 1934.63836669922 1939.00903320312 1869.03015136719 2269.72192382812 5564.17797851562 5169.96484375 4318.40686035156 2102.59350585938 2211.7109375 2214.05285644531 2105.43139648438 3342.1474609375 3634.72729492188 3711.27392578125 3794.67932128906
2712.77288818359 888.243392944336 760.606643676758 766.674926757812 778.789642333984 802.762542724609 875.408172607422 766.356643676758 750.194076538086 951.982971191406 947.665679931641 1015.95785522461 914.55810546875 1160.22528076172 1866.46466064453 3983.7705078125 9252.9462890625 10320.18359375 10981.8657226562 9857.95751953125 9439.7158203125 9421.67578125 9538.27880859375 9436.17138671875 10108.3325195312 9475.99365234375 9549.7529296875 9502.78515625 9628.470703125 9823.11181640625 8439.2578125 6956.97973632812 6581.87255859375 5518.47387695312 3483.69909667969 2091.16931152344 1679.2568359375 2243.90002441406 1897.50134277344 1684.36407470703 1647.51013183594 1491.77105712891 1661.57830810547 2226.18017578125 5455.45532226562 5332.59887695312 4572.22485351562 3870.21752929688 3252.38562011719 3020.93798828125 3723.40270996094 3440.05883789062 3070.298828125 3314.10595703125 3376.28796386719
1210.69729614258 853.793792724609 811.378890991211 769.50798034668 809.305130004883 791.013427734375 867.594116210938 894.538604736328 885.251220703125 916.047119140625 947.669830322266 958.239135742188 921.241149902344 923.224853515625 2225.09692382812 2232.45458984375 6739.81665039062 10548.7490234375 10349.0512695312 10017.935546875 9220.31689453125 9509.837890625 9403.564453125 9479.99658203125 10527.7592773438 10077.6025390625 9613.826171875 9789.271484375 9803.23193359375 9572.6728515625 1440.29412841797 5573.62573242188 5323.62060546875 5386.44140625 5011.9169921875 3587.83459472656 2557.38195800781 2233.73895263672 2409.75512695312 1898.03887939453 1526.50500488281 1409.69287109375 1522.75695800781 1978.54852294922 7420.75146484375 7330.3837890625 6404.03466796875 5247.0048828125 3854.8251953125 3690.42858886719 3423.75073242188 3572.63598632812 3401.26086425781 2861.89404296875 2971.43432617188
894.781097412109 909.855499267578 875.831176757812 824.505874633789 815.733901977539 768.051696777344 780.405532836914 839.746276855469 868.012847900391 830.962844848633 783.937850952148 796.174850463867 935.024444580078 1853.27624511719 2465.81164550781 5370.84545898438 9344.38330078125 10351.7119140625 9901.48974609375 8838.8974609375 9154.55615234375 8645.75805664062 9670.70703125 9846.59521484375 10417.955078125 10579.84765625 10397.109375 9950.4404296875 9442.130859375 9089.15234375 1789.50323486328 2953.82775878906 5686.04321289062 5399.279296875 5394.37231445312 5004.12231445312 3690.00244140625 2793.71667480469 2832.83764648438 2389.21130371094 1660.31164550781 1368.62524414062 1399.16271972656 1441.65856933594 6421.50073242188 7491.32104492188 7098.37939453125 6710.56811523438 5373.62451171875 4255.71411132812 4805.24365234375 4114.13159179688 3503.02917480469 2824.20849609375 2902.7451171875
931.600128173828 1054.59567260742 2079.79803466797 1541.19998168945 850.504241943359 834.762619018555 2355.75637817383 4238.48742675781 4203.31591796875 4182.79077148438 4083.47631835938 4100.57458496094 4445.57757568359 7454.75708007812 8206.46166992188 9600.77197265625 9659.20458984375 10390.7592773438 9886.6025390625 9299.2568359375 9036.486328125 8274.5888671875 10960.0268554688 10905.1518554688 9616.1083984375 10957.5859375 11332.95703125 10942.8076171875 10451.052734375 9562.82958984375 5184.248046875 2015.31292724609 5093.12524414062 5169.11181640625 5319.5703125 5675.59057617188 4275.26098632812 2514.06750488281 2684.13745117188 2274.08166503906 1509.35736083984 1414.70733642578 1492.85565185547 1785.54382324219 5313.56372070312 6711.26416015625 6616.41870117188 5889.35278320312 5886.91040039062 4810.4140625 4781.24584960938 4465.48913574219 3928.63171386719 3766.67761230469 3059.71118164062
1019.59048461914 1774.07342529297 3957.21276855469 1583.72106933594 850.357604980469 812.662292480469 1039.73449707031 4191.01593017578 4424.80017089844 4352.11688232422 4361.56213378906 4527.20202636719 5361.40502929688 6921.92578125 7978.69677734375 8662.79760742188 9593.6435546875 9298.958984375 10308.9907226562 9461.4814453125 9983.70068359375 11591.3271484375 11311.7045898438 12342.8637695312 11726.9604492188 12038.4399414062 13640.5322265625 12472.8935546875 11069.318359375 10031.6118164062 7237.54907226562 6094.81201171875 6141.87133789062 5254.63330078125 4973.03076171875 5289.5380859375 4382.57739257812 2733.85961914062 3592.40454101562 2434.64147949219 2266.88781738281 2143.98187255859 1673.14276123047 1799.99279785156 6331.62329101562 6920.83935546875 6035.30859375 5624.24560546875 5105.45092773438 3930.5380859375 3967.98620605469 3949.11901855469 3793.47827148438 3444.8798828125 3460.60021972656
2336.5498046875 3543.51446533203 3819.68371582031 3006.59945678711 889.176345825195 866.465759277344 952.111114501953 3805.01055908203 4459.63989257812 7224.25439453125 8762.38940429688 8804.30102539062 8653.37524414062 8953.71899414062 8571.43188476562 8972.55053710938 7862.46997070312 9413.3662109375 10202.0322265625 8817.18603515625 11173.4609375 13098.7172851562 12792.486328125 12712.265625 13463.1298828125 13737.904296875 14048.1909179688 13412.3295898438 12651.3549804688 8245.07934570312 7716.470703125 7130.71484375 6945.63818359375 6387.18823242188 5708.521484375 5152.3876953125 4800.6552734375 2915.52319335938 3420.61206054688 2809.69970703125 2939.77722167969 3625.62805175781 3308.66003417969 3492.75646972656 6671.46118164062 7267.6845703125 6136.7919921875 6107.67944335938 5309.38427734375 4481.90234375 4382.529296875 4106.15319824219 3683.36145019531 3659.36877441406 3690.89660644531
4820.92138671875 3899.00903320312 3775.95422363281 3837.90765380859 2884.20669555664 2679.39593505859 3209.18811035156 5183.42846679688 6565.00073242188 8052.45434570312 8336.40600585938 8317.52783203125 8454.52319335938 8836.16796875 8571.75366210938 8930.244140625 8823.09790039062 9772.7587890625 8966.939453125 7462.42724609375 8092.86889648438 12721.5400390625 12492.908203125 11842.9448242188 10506.8271484375 12593.7124023438 13061.0434570312 12279.5708007812 12630.0712890625 6296.52319335938 7758.57641601562 7486.41943359375 7450.69775390625 7190.36499023438 6726.26049804688 5568.32446289062 4909.97998046875 2285.77575683594 2373.50024414062 2996.06127929688 3772.71215820312 3926.12060546875 3931.15393066406 3575.66271972656 4648.92944335938 5590.90234375 6110.81762695312 5261.84375 5231.22338867188 4556.173828125 3954.01062011719 3484.30578613281 3675.77453613281 3352.14172363281 3117.75524902344
7253.92504882812 4053.16284179688 3943.14929199219 3986.79772949219 3964.30004882812 4517.28771972656 4719.19250488281 6881.18774414062 6074.85205078125 7609.61645507812 7608.07275390625 7974.17309570312 7193.04345703125 7913.12915039062 8746.29174804688 8447.25610351562 9453.9462890625 9743.02294921875 7457.32177734375 7887.84838867188 7106.04614257812 8845.23193359375 11365.8774414062 11590.8828125 10878.7182617188 12067.8286132812 11984.9077148438 10539.0541992188 12765.1831054688 5430.03955078125 6554.34887695312 7601.455078125 7401.5478515625 7280.2939453125 6686.8642578125 4941.53100585938 3706.07739257812 1111.53463745117 1037.37951660156 2350.75756835938 3902.11645507812 3940.78076171875 3733.44323730469 4002.17236328125 4296.42102050781 4096.63806152344 4295.68298339844 4713.41137695312 4457.2734375 4205.18017578125 3783.123046875 3072.69989013672 2980.19848632812 3433.98718261719 3306.8896484375
5560.85034179688 5215.4453125 7006.7109375 6953.79125976562 5800.84057617188 5310.009765625 6427.13330078125 7167.84399414062 6767.45629882812 7021.65063476562 7259.68969726562 7682.88989257812 7671.40454101562 6839.33642578125 7589.61840820312 7117.55981445312 12192.2319335938 14329.7807617188 10643.2036132812 10645.8286132812 9420.4931640625 6315.7998046875 9506.5537109375 11774.2045898438 12206.1689453125 11957.130859375 10659.0654296875 8787.66625976562 5571.14404296875 5915.06811523438 5553.80322265625 6523.57690429688 7487.27734375 7198.1103515625 6308.42138671875 3193.53857421875 1632.943359375 965.0029296875 926.105834960938 1025.42697143555 2058.97991943359 2324.96447753906 2439.87890625 3943.87976074219 4025.93725585938 3766.08410644531 4263.13427734375 4004.35498046875 3942.85473632812 3643.07775878906 3517.45471191406 3737.99926757812 4054.48889160156 3388.87951660156 3155.16918945312
3828.83746337891 3666.70562744141 7481.91967773438 6561.89208984375 6606.55639648438 8334.4267578125 8134.57373046875 8163.57666015625 7355.41259765625 8143.8408203125 7124.56909179688 7217.623046875 7711.935546875 7063.42016601562 6693.53979492188 7017.19702148438 13399.0234375 15238.7290039062 14951.9184570312 13596.103515625 13386.7192382812 6725.95556640625 6811.64721679688 10207.669921875 8819.416015625 5738.216796875 4798.67114257812 5346.12854003906 5617.67333984375 5764.34204101562 6119.56079101562 5982.94116210938 7399.35302734375 7292.43481445312 6657.7138671875 4162.39636230469 1614.66333007812 1402.03521728516 978.326171875 932.463043212891 997.329040527344 1058.05923461914 1407.26458740234 3638.88391113281 3676.22998046875 3482.51086425781 4018.15234375 4416.373046875 4191.83227539062 3766.56555175781 4395.22644042969 4582.28369140625 4605.42358398438 3373.99230957031 3551.13122558594
3083.20587158203 3218.57305908203 5807.45703125 6420.57666015625 7163.8798828125 7064.27880859375 8028.72412109375 6093.26879882812 6723.58374023438 7467.59521484375 7199.07666015625 6993.58911132812 7325.81689453125 7620.54931640625 7362.95434570312 7808.84130859375 14176.91796875 16398.5366210938 16463.8647460938 12342.6889648438 7058.58251953125 6611.11840820312 6524.59448242188 4361.98291015625 4341.7939453125 4597.53979492188 4658.99291992188 5185.91967773438 6028.23803710938 7059.96215820312 6311.37768554688 5619.53076171875 5371.02001953125 6532.1953125 6131.54248046875 3088.81494140625 1549.818359375 1468.24279785156 1264.61437988281 1049.42034912109 1055.11737060547 952.373291015625 986.291473388672 2142.41040039062 2875.18334960938 2799.19702148438 3625.76184082031 3794.09301757812 3996.76123046875 3883.73718261719 3329.91052246094 4498.111328125 4199.22790527344 2899.82971191406 3029.1845703125
1168.78204345703 1994.75665283203 2885.49346923828 4398.72534179688 6384.77099609375 6499.17114257812 6906.2724609375 5846.10180664062 6478.0986328125 6911.1318359375 7629.18432617188 7480.90307617188 6996.28759765625 8379.82934570312 7943.3212890625 8065.6689453125 14385.1352539062 15563.5087890625 15400.8227539062 11284.8095703125 6991.30419921875 6976.82543945312 4884.91796875 4302.8662109375 4412.23315429688 4780.72778320312 4682.32958984375 5119.15747070312 5215.845703125 6527.89013671875 6909.46826171875 5971.30834960938 7415.35009765625 6754.29467773438 6354.24487304688 3227.9208984375 1437.23443603516 1475.45849609375 1399.31640625 1434.74890136719 1861.96350097656 1111.74029541016 1077.52069091797 1392.99395751953 641.269866943359 84.7165145874023 1434.49945068359 2174.08801269531 3348.01794433594 3509.35302734375 4370.44055175781 4429.26818847656 4239.998046875 3629.36474609375 3512.14111328125
1078.61392211914 1153.50726318359 1830.45269775391 2870.17199707031 3359.89367675781 5145.50756835938 5992.88330078125 5938.38940429688 6479.92114257812 6496.33837890625 6940.03198242188 7776.80737304688 8461.86328125 8581.46704101562 8222.26440429688 7865.47509765625 9918.8046875 8216.33544921875 7018.18481445312 6961.61010742188 6470.44116210938 7122.22314453125 5352.04736328125 3916.03051757812 3954.04565429688 4907.64233398438 4665.99609375 4992.90307617188 4887.47143554688 5941.4765625 7636.37475585938 8108.47216796875 8609.06640625 6718.29321289062 4086.35070800781 2160.1328125 1433.56182861328 1961.7333984375 2423.41735839844 2385.34606933594 2114.59039306641 2165.85980224609 1605.31335449219 1429.38122558594 1508.31640625 877.705596923828 547.698638916016 0 585.832168579102 1886.97369384766 2582.62963867188 3811.47705078125 4296.93664550781 3774.03601074219 3514.21728515625
967.095764160156 1064.79193115234 1383.16180419922 3242.90399169922 3205.67864990234 2399.07550048828 3437.19348144531 5690.81665039062 5812.23754882812 6032.99731445312 7628.75317382812 8056.2099609375 8497.36669921875 8259.0341796875 8356.74951171875 8455.45532226562 8588.53662109375 8234.06372070312 7680.4111328125 7718.22973632812 7350.7685546875 6999.14331054688 5140.10229492188 4063.84790039062 4372.44946289062 4477.974609375 4699.47436523438 4914.61450195312 4430.52026367188 5411.10083007812 7267.53881835938 8287.759765625 7926.33081054688 6481.75561523438 4430.97338867188 2058.30981445312 2699.14208984375 2782.86779785156 2847.55419921875 2875.25598144531 2423.12341308594 2104.30004882812 1298.39739990234 1340.47424316406 596.509185791016 13.5176167488098 286.86604309082 21.8625640869141 494.329513549805 1006.43563842773 1140.56100463867 1767.47802734375 3905.52709960938 3759.47827148438 3328.17578125
983.899139404297 1146.74487304688 1294.22399902344 2716.34808349609 3097.01361083984 2921.28717041016 4803.02416992188 5748.71557617188 6972.30444335938 7861.69262695312 8721.92114257812 8709.76513671875 9058.3974609375 9932.91796875 10238.4018554688 10218.5478515625 8667.8974609375 8502.38256835938 8272.96020507812 7554.998046875 6206.31762695312 3919.5322265625 3671.59997558594 4604.4931640625 4384.5732421875 4458.77270507812 4838.73828125 5392.37231445312 4694.50268554688 5703.85131835938 7368.58374023438 6983.1982421875 5622.35034179688 5487.92993164062 3780.32873535156 2568.01373291016 2694.83422851562 2997.43054199219 3268.17736816406 3024.41918945312 2196.93981933594 1656.99652099609 1465.81323242188 1624.578125 1332.28820800781 165.789093017578 0 0 46.1012496948242 935.314453125 1184.78631591797 1367.78271484375 2851.33068847656 3115.21350097656 2145.36083984375
