Geospatial/Brazil_cassava_harvested_area.asc
NCOLS 470 
NROWS 468 
XLLCORNER -74.0004239999869 
YLLCORNER -33.7495049999942 
CELLSIZE 0.0833330000000103 
NODATA_value -9999 
[rows 100 to 124 of 468, columns 285 to 341 of 470]
0 2.66796445846558 29.8401927947998 2.14188599586487 8.52718448638916 40.1637306213379 30.6242656707764 14.8364191055298 11.3713779449463 10.2520132064819 1.21596550941467 25.2578086853027 16.3323745727539 53.9738731384277 76.948239326477 176.703182220459 23.5254774093628 19.7374820709229 3.71092045307159 1.5625 9.03670978546143 6.54662704467773 9.84155941009521 36.7195014953613 0 8.0767126083374 6.80822551250458 7.72277355194092 29.7053985595703 13.0689668655396 47.2174530029297 14.2644529342651 27.3517475128174 44.2177401781082 39.1332893371582 50.6973876953125 62.3883819580078 38.1969299316406 14.8871507644653 14.0208768844604 28.0030612945557 34.4946937561035 17.6901435852051 13.6446857452393 7.83584070205688 0 0 0 0 0 0 0 57.0641593933105 200.061111450195 122.253784179688 112.510391235352 107.452590942383
0 0 10.5235900878906 43.27783203125 37.2344207763672 91.6981716156006 27.5476341247559 26.1662864685059 5.24805974960327 26.1278984546661 28.9936981201172 46.6400985717773 24.8650341033936 96.1322402954102 123.792427062988 182.770492553711 25.5433490276337 3.90588760375977 1.664475440979 2.70990180969238 0 0 2.6483302116394 5.29126596450806 0 12.5591087341309 28.3410129547119 17.2070846557617 9.57112312316895 12.6620178222656 31.0346305370331 21.6558876037598 16.42578125 53.8052864074707 34.1557922363281 53.8454151153564 29.6238729953766 14.2803792953491 6.04588603973389 20.6326204538345 41.3056049346924 30.8145275115967 9.10200595855713 13.8935222625732 17.6503009796143 3.87964057922363 17.1289958953857 149.825424194336 137.928421020508 93.1494623422623 44.6925201416016 65.283447265625 132.605941772461 118.818534851074 124.256559371948 104.661102294922 75.2319183349609
0 3.22251534461975 2.10434889793396 37.3217716217041 46.3937530517578 103.994300842285 29.9842603206635 42.797981262207 18.1555080413818 16.6776642799377 22.1154315471649 72.4591445922852 66.7732162475586 80.4815368652344 105.478073120117 174.509857177734 16.6986885070801 12.7095518112183 0 0 11.796332359314 14.840544462204 7.49737453460693 0 0 5.64035034179688 8.265869140625 2.63713502883911 24.1925239562988 21.2236747741699 16.3784999847412 23.0076923370361 22.050537109375 39.7342948913574 44.5978813171387 29.6413421630859 24.4215412139893 29.0855768918991 54.2750244140625 39.0578536987305 46.6894073486328 39.8041572570801 20.5872478485107 32.8523101806641 27.293062210083 14.1069097518921 94.0617141723633 86.7251052856445 166.770401000977 171.73974609375 112.616737365723 130.900115966797 147.358276367188 138.248672485352 97.6418380737305 97.2880401611328 74.8659896850586
0 21.2163639068604 9.58059120178223 31.8198742866516 81.5296020507812 132.094940185547 129.048797607422 14.6957149505615 22.4530296325684 14.9852466583252 0 9.57647514343262 6.1654200553894 77.6256031990051 110.922500610352 148.630004882812 8.12682437896729 0 3.48701286315918 0 6.16960048675537 0 17.9708271026611 0 0 3.07927441596985 21.6824631690979 32.0177459716797 34.7608909606934 29.9906997680664 4.3811559677124 11.1489553451538 13.7239370346069 25.4692764282227 32.0569801330566 31.753604888916 33.2745208740234 39.454776763916 38.7070264816284 27.188985824585 27.9195749759674 20.2874674797058 15.6020421981812 16.2687374353409 5.25899076461792 4.04469347000122 122.416625976562 88.8857879638672 68.3379333019257 101.308821797371 160.876319885254 117.513984680176 124.202819824219 182.229476928711 105.930450439453 75.0756187438965 57.5148239135742
0 10.4571218490601 25.4221000671387 32.6837501525879 63.3247489929199 152.271469116211 133.640731811523 56.7561721801758 126.772239685059 57.2065963745117 81.6611251831055 7.01067209243774 40.9853172302246 128.104766845703 42.6000747680664 38.2577514648438 20.8545932769775 1.08509182929993 0 0 3.47462701797485 15.1357107162476 15.1880111694336 7.11572551727295 7.07195091247559 16.4891166687012 6.65705966949463 2.71353006362915 22.6462631225586 14.7966203689575 15.5412530899048 20.3040218353271 21.310359954834 18.8140964508057 23.9151020050049 27.3816814422607 42.8688888549805 36.7201347351074 46.8197021484375 10.9633674621582 8.35496807098389 7.04747295379639 25.0170984268188 23.1304349899292 11.7534008026123 6.63009309768677 55.0747408866882 55.5526435375214 49.0807113647461 30.2462368011475 36.5711288452148 46.1172027587891 38.8503398895264 173.877076625824 116.17936706543 110.066800117493 90.5910532474518
4.62024688720703 50.3679847717285 37.0322494506836 40.513370513916 17.1140670776367 36.860538482666 42.6725997924805 30.662410736084 118.51685333252 128.269409179688 106.224952697754 42.8505020141602 62.5675621032715 71.2770385742188 55.8757247924805 35.7390785217285 17.6484622955322 1.40129768848419 3.30318403244019 20.3168773651123 6.89181613922119 14.1888465881348 10.5917053222656 5.98869729042053 7.38395404815674 6.38831424713135 0 1.53528952598572 8.80878162384033 7.94170761108398 20.6987228393555 9.9373607635498 16.7907791137695 23.9670543670654 23.3450336456299 23.9578762054443 18.5949726104736 18.5734596252441 21.9220733642578 25.8654166460037 5.27550506591797 10.5527238845825 9.59099102020264 2.43952298164368 1.99502444267273 14.1348370313644 29.865161895752 28.4762959480286 54.5851860046387 49.0697937011719 129.707855224609 163.098571777344 123.519653320312 117.469844818115 80.9547752141953 74.6395111083984 69.0632858276367
0 7.47310304641724 10.0241556167603 25.9228820800781 27.9001750946045 9.74479389190674 94.6060104370117 65.5807723999023 143.990829467773 133.438690185547 74.2954196929932 85.2289505004883 130.021087408066 105.92711353302 37.1984977722168 37.8432235717773 23.243522644043 5.16677188873291 2.93661546707153 2.4269232749939 0 2.99356889724731 0 0 0 6.05733346939087 16.4614810943604 7.80971670150757 8.5728874206543 0 4.87823915481567 1.48269283771515 18.2797966003418 22.5921611785889 38.5952262878418 28.5522518157959 12.283504486084 20.9092864990234 18.3491134643555 7.36612749099731 9.92268657684326 6.05451345443726 1.61776053905487 8.14403247833252 16.6262956857681 1.95669543743134 0 0 0 18.1150321960449 84.0254592895508 178.073699951172 112.028104305267 140.069564819336 118.820037841797 60.9221382141113 28.8473148345947
3.29670333862305 5.30495119094849 28.0321369171143 28.3226318359375 39.1228141784668 43.6679077148438 53.6495475769043 150.9443359375 134.376647949219 141.104400634766 98.2936019897461 100.897239685059 169.359436035156 146.73681640625 161.992828369141 36.6585121154785 19.9604244232178 3.37820553779602 0 0 0 0 6.7982907295227 0 22.680627822876 8.14566898345947 9.28515243530273 17.4513301849365 21.0114421844482 26.3918209075928 6.13235092163086 7.64076137542725 31.2274436950684 35.8775215148926 24.2030620574951 39.3630142211914 9.66388607025146 12.3707094192505 15.4535112380981 13.667688369751 0 2.81074070930481 1.09995269775391 12.1089916229248 4.99050951004028 5.14422178268433 0 0 0 32.7260274887085 89.3088836669922 190.321243286133 172.536575317383 67.4038772583008 114.491212487221 70.536865234375 74.1011581420898
19.4738807678223 18.072380065918 13.0885133743286 19.4742984771729 12.4244470596313 10.4695346355438 57.3134384155273 32.6419982910156 47.3842222690582 136.642059326172 139.39625120163 149.831512451172 226.783599853516 204.118988037109 156.555252075195 13.9256238937378 4.85111021995544 7.2292149066925 11.9663054943085 9.42268943786621 0 0 0 0 14.12122631073 10.9987125396729 17.6164917945862 15.8622131347656 12.9969863891602 24.2305450439453 22.1737651824951 10.8223762512207 21.2020552158356 25.2564392089844 22.6883306503296 18.2319259643555 3.89013409614563 8.70151281356812 9.97071075439453 6.00232887268066 2.63269853591919 0 3.35777258872986 4.17116928100586 23.5262260437012 10.7819147109985 0 0 4.40321636199951 151.575958251953 201.676971435547 179.591857910156 117.410087585449 79.3867797851562 106.213989257812 52.1448364257812 101.465843200684
30.9833011627197 21.2686474323273 29.5755939483643 17.044548034668 5.89151906967163 6.63591957092285 19.2316913604736 6.240074634552 102.515594482422 107.097076416016 49.8901414871216 129.326202392578 226.058700561523 193.431579589844 100.088264465332 28.2290515899658 70.794921875 13.1734619140625 0 0 0 0 11.386040687561 4.95810270309448 0 13.9850616455078 15.0658283233643 15.6515045166016 15.8678283691406 6.35482692718506 15.4155027866364 23.0849285125732 23.442893743515 25.3762435913086 11.5300674438477 7.61741876602173 1.66005349159241 10.7371168136597 8.86301898956299 3.92267990112305 4.78992700576782 0 0 6.97043323516846 23.5235767364502 16.985445022583 20.5450210571289 7.49150776863098 70.9665832519531 138.082107543945 98.7085266113281 266.151458740234 143.13981628418 42.778865814209 45.3152160644531 48.3687362670898 93.2025458812714
43.6758842468262 40.3908348083496 13.9636402130127 13.4092636108398 1.59878790378571 14.2267217636108 30.3406715393066 0 76.4940795898438 76.5446166992188 56.560962677002 111.881271362305 66.1991233825684 150.60302734375 112.353359222412 92.3706932067871 81.7847366333008 1.16860616207123 0 0 0 0 12.2728204727173 7.01173388957977 8.28945541381836 6.25760221481323 24.0856018066406 22.0530109405518 19.2631740570068 17.4046573638916 24.9576606750488 20.5314989089966 34.2946281433105 8.31006240844727 15.7285771369934 27.8764514923096 20.3066806793213 9.00759220123291 10.7916135787964 0 1.52125930786133 0 2.01395845413208 32.9903745651245 45.2702713012695 33.8552017211914 48.4612503051758 122.473983764648 130.840972900391 58.8556861877441 52.1411361694336 80.5940322875977 64.7381286621094 65.131965637207 39.0683364868164 36.5515556335449 87.5821151733398
55.7643737792969 35.1541748046875 28.9469356536865 11.3905611038208 19.7288093566895 45.1068687438965 4.6741828918457 0 44.5313606262207 107.223625183105 126.013343811035 70.272819519043 42.4775543212891 50.6871032714844 90.0342330932617 104.182586669922 120.589691162109 21.1435766220093 49.7976341247559 0 0 2.67977738380432 15.4449405670166 2.22750926017761 23.0685882568359 5.96222829818726 7.43949794769287 10.3449287414551 23.6620121002197 14.6671075820923 23.1122875213623 22.3095016479492 41.2100563049316 33.6479454040527 34.1270408630371 21.350170135498 17.2989940643311 13.8125143051147 9.5324821472168 3.37493896484375 0 6.18154716491699 9.36353969573975 31.3800678253174 23.7411327362061 58.768009185791 63.579029083252 79.9939651489258 64.6990966796875 58.0019340515137 40.9589538574219 43.8174228668213 60.7482643127441 113.009384155273 49.5151443481445 32.5689468383789 72.3303756713867
54.9196739196777 45.7191467285156 50.0449104309082 29.4350395202637 48.9649772644043 18.696683883667 4.38703536987305 0 19.7922859191895 134.364044189453 155.06982421875 98.2041549682617 59.1438980102539 82.9882888793945 107.768211364746 41.2431831359863 60.4427604675293 109.062377929688 108.020790100098 46.2990264892578 15.1838312149048 7.32281398773193 14.6472587585449 11.8521575927734 14.0615720748901 18.391975402832 18.3065929412842 12.602518081665 20.8392429351807 19.3362426757812 9.55335807800293 29.3869972229004 24.7127914428711 24.2268676757812 20.4563999176025 9.89501285552979 17.7126998901367 19.5908699035645 6.48636150360107 8.79576015472412 17.7394943237305 24.1936130523682 29.9837589263916 42.1159019470215 30.8224754333496 39.3052253723145 59.9881935119629 81.0696411132812 79.316276550293 31.6369094848633 51.395393371582 37.4115219116211 60.7889595031738 85.5880584716797 70.8780364990234 62.5073890686035 91.2025527954102
54.6580276489258 59.247142791748 49.321418762207 54.6971054077148 44.0092964172363 3.74058938026428 0 0 0 80.6540832519531 172.485305786133 229.022415161133 100.029792785645 65.4540328979492 114.55704498291 83.3343353271484 139.945220947266 41.4339828491211 9.69852638244629 44.5974922180176 18.7202396392822 18.4071235656738 16.9812564849854 18.6620807647705 6.37019777297974 9.75096225738525 23.706563949585 24.4897212982178 26.7684135437012 21.3182926177979 23.0666465759277 17.3079586029053 25.2670078277588 32.2677383422852 18.4532203674316 10.7291831970215 14.0984535217285 12.827730178833 10.2041530609131 37.1802749633789 21.2821407318115 17.3102073669434 33.6897773742676 43.5542030334473 40.7287559509277 53.2574462890625 59.4231834411621 73.6105270385742 79.8746109008789 37.5013885498047 66.5284652709961 59.5095672607422 56.0774040222168 66.1623916625977 51.4638061523438 53.8395767211914 80.2822265625
23.9545307159424 37.6356964111328 54.1234016418457 44.8076934814453 29.5295505523682 9.57284021377563 0 0 0 1.69539499282837 93.5770568847656 189.66854095459 80.9053020477295 53.3704891204834 110.248191833496 68.6401062011719 57.4615421295166 57.8843612670898 12.3053350448608 6.24667263031006 1.52588641643524 7.59914541244507 23.722318649292 21.2399921417236 17.093498468399 17.5360488891602 8.56630325317383 29.3886890411377 35.3914337158203 28.0572376251221 30.9504699707031 43.2164535522461 58.742115020752 37.2403373718262 15.3290061950684 13.7678346633911 10.1017551422119 23.4042835235596 56.8164978027344 43.5814552307129 44.6562118530273 42.0672416687012 52.4575884342194 57.501802444458 55.9297370910645 56.0994567871094 68.6495590209961 58.1502799987793 32.6322238445282 21.9464855194092 54.2333450317383 72.0526428222656 66.9639282226562 61.0965423583984 51.4579849243164 108.455680847168 115.728096008301
15.7234573364258 32.1327056884766 37.415412902832 47.2310981750488 11.1355104446411 1.59269952774048 0 0 0 0 103.059967041016 167.289840698242 310.220275878906 29.4274315834045 42.1998176574707 94.9009094238281 82.5969467163086 76.9303359985352 40.2331237792969 9.3265552520752 20.4348411560059 4.25852203369141 9.11264610290527 24.1339530944824 25.9453144073486 18.1857948303223 18.2200241088867 11.1233940124512 36.8562126159668 11.3513498306274 42.9375259876251 40.7468643188477 55.6095638275146 33.3854103088379 23.2821698188782 10.8338361978531 12.2250893115997 47.1538276672363 65.4473648071289 39.6674766540527 36.7800979614258 50.552360534668 55.1486968994141 57.0451393127441 45.4783172607422 46.0794868469238 46.4907264709473 51.9350166320801 25.663209438324 30.1645317077637 40.9924736022949 54.2193489074707 49.6876945495605 52.345874786377 49.6589584350586 80.9292678833008 91.3693771362305
31.6438732147217 17.2570171356201 2.5190943479538 3.4306538105011 31.4991779327393 20.8133411407471 14.7464618682861 8.6008505821228 0 0 151.0696849823 215.2099609375 100.705169677734 48.3137054443359 47.0569648742676 101.659973144531 59.1485328674316 118.875091552734 84.1302795410156 34.5852546691895 32.8828752040863 4.24734258651733 10.3963632583618 19.5660572052002 27.5785465240479 27.0412559509277 27.1788024902344 25.8484439849854 22.2915096282959 28.1359348297119 25.3110408782959 62.6182479858398 38.1951484680176 33.7133483886719 57.6283302307129 44.7516098022461 45.7664794921875 67.5010147094727 85.8587036132812 52.8099899291992 64.7919692993164 55.0998039245605 73.2150344848633 43.2612648010254 39.4116592407227 44.0311508178711 53.2118186950684 42.1546936035156 18.7307167053223 31.0374813079834 45.0948638916016 49.0759735107422 49.9443321228027 36.6374092102051 34.0566864013672 29.7507667541504 72.0203857421875
19.9569358825684 14.8550672531128 0 0 4.1402759552002 37.6429214477539 14.7777633666992 6.13155174255371 0 0 9.75448703765869 19.5087299346924 33.3649063110352 43.9186730384827 47.0189437866211 76.7476272583008 76.462908744812 118.104682922363 66.3330688476562 46.6913843154907 37.8020527362823 53.012451171875 9.51534175872803 33.7525715827942 13.484073638916 26.3428745269775 17.5635108947754 17.7070331573486 31.1357555389404 23.9075756072998 35.1168518066406 46.5655508041382 38.1473350524902 36.8291091918945 48.3407211303711 39.3475151062012 47.3719329833984 80.6462173461914 67.0172576904297 66.8507385253906 114.126487731934 65.6018676757812 69.030195236206 41.3714637756348 51.8621895313263 39.3647422790527 35.082389831543 27.4060573577881 42.446662902832 30.6464881896973 35.4307670593262 57.5990905761719 36.9994850158691 31.9987392425537 16.7789840698242 26.7528476715088 64.0141296386719
0 0 0 0 0 20.4214248657227 32.4669570922852 12.8584728240967 22.9182167053223 1.24284195899963 2.82801508903503 26.048734664917 36.5537452697754 48.6288833618164 50.8380126953125 96.5536880493164 75.005729675293 100.560852050781 86.0900039672852 56.6141276359558 65.3494338989258 57.8756637573242 61.3487663269043 130.85791015625 154.874877929688 44.99116563797 39.7247695922852 55.7985801696777 43.229320526123 37.0643177032471 27.5587892532349 14.5694093704224 34.0068230628967 31.3604506254196 21.3458445072174 50.7981476783752 56.663366317749 74.1644659042358 45.2001506090164 75.5171856880188 49.0491721630096 86.5276350975037 49.2991650104523 42.9670362472534 45.1579141616821 42.9236030578613 38.75501537323 32.4853324890137 40.3816146850586 43.5446090698242 32.449275970459 36.6211324930191 22.3438634872437 24.2235221862793 19.3996658325195 26.4477288722992 49.5976486206055
0 0 0 0 2.5511736869812 13.3711957931519 40.9270057678223 37.2220230102539 43.7151374816895 3.06195163726807 5.59307193756104 33.4165306091309 22.615629196167 23.0521659851074 32.6629676818848 93.1605758666992 39.110050201416 37.0230331420898 80.845817565918 91.6591033935547 110.538330078125 67.6427917480469 83.9806518554688 68.164436340332 163.650573730469 158.690719604492 189.826614379883 172.088470458984 33.7089717388153 7.53960680961609 67.4331693649292 66.8621878623962 48.679128408432 25.5050354003906 108.110162496567 27.4714908599854 71.8053214550018 52.4673169851303 74.6279296875 78.2074508666992 37.2044659852982 67.4060626029968 54.8136426210403 48.8622398376465 58.5746040344238 32.6427400112152 5.99082326889038 5.37471914291382 35.235595703125 29.307071685791 25.6007118225098 51.7902603149414 32.3220596313477 40.8896713256836 23.457426071167 38.4546127319336 36.4878768920898
0 0 0 0 4.67422866821289 19.087345123291 53.3101081848145 50.365650177002 52.7690925598145 39.2455520629883 32.5248184204102 41.7533378601074 33.6216087341309 14.3277244567871 36.6794815063477 82.2355880737305 44.5342636108398 18.120433807373 40.0898475646973 106.627700805664 86.6499328613281 72.1570663452148 87.6401138305664 124.686073303223 117.052917480469 221.68229675293 245.318420410156 93.1717987060547 56.2961769104004 33.7054901123047 46.1138496398926 146.631057739258 134.172393798828 85.5744323730469 159.254028320312 144.534820556641 115.311836242676 69.3676223754883 37.0903129577637 74.7912292480469 53.026195526123 82.2540283203125 39.6175003051758 24.6335144042969 23.7146615982056 15.931960105896 2.36716961860657 9.11996269226074 14.3299121856689 31.6018314361572 37.0258636474609 65.0021057128906 39.673641204834 12.3891410827637 15.5751037597656 19.9687767028809 30.401309967041
0 0 0 4.11138534545898 34.6591377258301 53.1238059997559 81.5374908447266 109.586036682129 85.4779663085938 45.9495544433594 19.5501022338867 28.0317821502686 26.5137405395508 38.0389671325684 58.5919098854065 98.0112408399582 42.7338714599609 50.202467918396 66.8566284179688 34.4732055664062 86.4933860301971 77.3765032291412 68.4023902416229 155.545288085938 116.368378996849 104.58992767334 148.587875366211 106.56252515316 97.8454208374023 127.129119873047 78.910192489624 102.796684265137 100.88996887207 170.954040527344 77.248161315918 84.7347946166992 88.7612075805664 50.580867767334 74.2394180297852 87.0176773071289 43.2334747314453 43.7973937988281 38.9809265136719 0 0 0 0 0 0 1.75062966346741 44.4829406738281 69.3418045043945 56.8452911376953 38.0788078308105 32.0608100891113 26.0474624633789 32.4034080505371
0 0 2.50095677375793 11.542233467102 9.25305771827698 26.8485698699951 60.9037666320801 82.4626567363739 76.1541912555695 101.27465057373 45.8518023490906 72.6114807128906 48.4326324462891 49.3099958896637 53.6329435110092 45.5267115831375 36.789436340332 76.6017061471939 52.5992012023926 66.3991775512695 67.032722234726 151.05985212326 140.637832641602 87.9530152082443 105.438552856445 92.1319351196289 130.106628417969 320.448059082031 312.559844970703 77.7887115478516 98.1603622436523 100.09203338623 156.688491821289 153.34944152832 146.996597290039 85.3351058959961 125.906646728516 94.8384628295898 115.708343505859 94.7673034667969 42.9445419311523 51.9738209247589 31.2063064575195 0 0 0 0 0 0 0 81.7773056030273 64.2773551940918 81.7362442016602 59.0488967895508 1.37518036365509 22.8661670684814 29.906982421875
0 0 9.32972002029419 56.0384407043457 55.1327745914459 15.8858852386475 40.6445121765137 42.7068769931793 56.3009613752365 114.287068367004 86.5203157663345 76.559855222702 56.3620475530624 81.9495763778687 63.3731560707092 1.03192806243896 13.9199302196503 100.766028881073 81.2468719482422 72.6785125732422 62.479160785675 119.551651000977 69.7911987304688 164.276010513306 47.1436576843262 185.363250732422 217.323063969612 137.764565467834 171.057205200195 135.619163632393 49.4755897521973 100.895677566528 99.795086145401 143.056050300598 194.905351638794 49.7183647155762 102.090235710144 108.669769287109 80.0744199752808 91.4880876541138 81.7788467407227 60.5222702026367 5.7107834815979 0 0 0 0 0 3.23704993724823 14.3227834701538 33.3195118904114 28.5662379264832 18.2656615972519 12.7792911529541 3.80248212814331 18.1364243030548 21.2871875762939
0 0 40.5140867233276 104.252449035645 96.7883148193359 78.4537372589111 73.9649276733398 62.0337867736816 60.7541809082031 131.636703491211 129.923202514648 115.809150695801 229.712966918945 93.9850548505783 78.4720230102539 0 13.0223989486694 68.9007110595703 53.1433792114258 61.6856536865234 42.7475581169128 84.2991251945496 204.050683736801 73.4209291934967 135.217681884766 216.233242273331 198.998410701752 112.176705360413 116.0925989151 139.104721069336 103.545482873917 81.5893096923828 129.964233398438 159.81282043457 184.605464100838 115.820343017578 119.145690917969 73.6129153966904 114.955729484558 100.826043367386 90.1546362638474 36.6889765262604 0 0 0 0 0 0 7.59519577026367 0 18.0819702148438 23.1026477813721 15.4763793945312 13.9459161758423 20.01731300354 30.8884391784668 30.5968284606934
