Geospatial/Brazil_cassava_harvested_area.asc
NCOLS 470 
NROWS 468 
XLLCORNER -74.0004239999869 
YLLCORNER -33.7495049999942 
CELLSIZE 0.0833330000000103 
NODATA_value -9999 
[rows 175 to 199 of 468, columns 285 to 341 of 470]
3.16633152961731 6.94772291183472 3.10404276847839 16.4648807048798 7.58763837814331 12.5743913650513 10.222635269165 33.9594764709473 0 0 0 16.4768877029419 19.3033447265625 19.2814384698868 43.4270553588867 48.9893751144409 26.2937564849854 6.38548421859741 4.1325192451477 3.88635039329529 6.31504535675049 3.81063222885132 0 0 0 3.17769646644592 3.93243193626404 0 0 0 0 0 0 0 3.05425786972046 7.92696905136108 0 5.75370693206787 0 0 0 0 0 0 0 0 0 0 0 0 0 0 0 0 7.21129512786865 9.22305011749268 6.01195669174194
0 8.50073051452637 0 18.6530742645264 14.4914436340332 13.387321472168 6.56971120834351 9.00490474700928 8.16745853424072 2.28194713592529 0 10.1241340637207 3.62299489974976 23.7579040527344 14.6543473005295 49.8053314685822 92.0927715301514 82.3820676803589 35.7365379333496 33.0167274475098 5.91330432891846 4.80395936965942 4.50349855422974 0 0 0 0 0 2.0166380405426 1.56736600399017 2.8338189125061 0 0 0 0 6.70512580871582 2.05570483207703 7.77325105667114 13.3293752670288 0 1.16341495513916 0 0 0 0 0 0 0 0 0 0 0 0 0 1.30783212184906 2.10334825515747 0
0 2.85590147972107 0 17.9176864624023 25.0995903015137 16.2818641662598 12.1818780899048 1.16449868679047 17.4742807149887 17.4781436920166 10.8204202651978 27.9979991912842 29.2284832000732 18.3923437595367 25.0707331895828 30.6851921081543 59.8915634155273 77.3484878540039 52.1111831665039 59.9367179870605 14.4945936203003 112.941093444824 104.854270935059 2.12119698524475 0 0 0 0 1.52935576438904 2.97241568565369 4.58321809768677 0 0 0 1.27460479736328 1.48583197593689 1.29555988311768 0 0 0 0 0 0 0 0 0 0 0 0 0 0 0 0 0 0 0 0
0 3.4487669467926 0 10.5080137252808 44.8895683288574 27.2235679626465 10.5750350952148 22.3334350585938 8.10262107849121 7.76637506484985 14.9383764266968 9.73440265655518 17.0846920013428 22.2675170898438 6.07627582550049 22.2989635467529 64.3476257324219 78.4253540039062 30.835054397583 38.8699340820312 45.0289535522461 48.5063858032227 2.29852676391602 0 0 0 0 0 0 2.86710000038147 0 0 0 0 2.08229231834412 1.09370422363281 4.70514631271362 0 0 5.52016878128052 0 0 0 0 0 0 0 0 0 0 0 0 0 1.15663743019104 0 0 0
0 3.52101254463196 0 9.22685813903809 40.1677980422974 49.2108054161072 9.08059692382812 23.97536277771 6.93164920806885 12.2442111968994 19.2342319488525 3.03551363945007 10.0737552642822 16.2552089691162 3.74637055397034 38.2709579467773 44.5041809082031 63.7630157470703 26.9353561401367 88.6433258056641 10.994312286377 8.33225345611572 12.1199893951416 5.37544965744019 0 0 0 0 0 0 0 0 4.43345260620117 0 3.58509397506714 1.95538437366486 2.70309853553772 0 1.93108773231506 2.56011486053467 0 0 1.43898129463196 0 0 0 0 0 0 0 0 0 0 1.37420284748077 0 0 0
4.66793441772461 0 0 9.35371780395508 0 30.7756614685059 7.16034460067749 13.3507881164551 10.9176406860352 0 20.7759208679199 26.7416477203369 22.6971874237061 5.34160804748535 1.7184784412384 31.1656131744385 28.884069442749 21.3218612670898 63.3373565673828 12.1938180923462 6.28307867050171 0 7.85806560516357 16.5525448322296 0 0 0 6.53843975067139 0 0 0 0 2.16462469100952 0 5.3910059928894 0 0 0 0 0 0 1.66391515731812 0 0 0 0 0 0 0 0 0 0 0 0 0 0 3.40360975265503
2.68248820304871 0 1.21050405502319 2.9653639793396 1.64048564434052 0 10.7855930328369 4.76155662536621 18.0009469985962 13.3146152496338 17.0651531219482 35.2177219390869 17.8227081298828 17.403678894043 34.5602798461914 51.1020736694336 38.3600120544434 23.4523735046387 72.9392553567886 6.94378805160522 2.93163704872131 1.81153285503387 2.60535478591919 7.76405429840088 0 0 1.0002703666687 14.1581182479858 0 0 0 1.79883992671967 1.06583023071289 0 1.08953654766083 27.913402557373 2.26818990707397 0 4.36928987503052 6.2429461479187 3.00626158714294 0 0 3.0709228515625 0 0 0 0 0 0 0 0 0 0 1.4966025352478 2.28363919258118 2.17839097976685
0 0 0 12.8150329589844 5.56324863433838 3.09428811073303 11.8291282653809 7.43044090270996 27.2254295349121 38.3323163986206 6.95392036437988 13.2875299453735 1.81993401050568 11.7379465103149 69.7313613891602 25.5025482177734 47.4831085205078 48.1450576782227 22.1661491394043 11.4586000442505 6.78671598434448 4.07144260406494 0 14.145806312561 1.19560897350311 1.69236898422241 0 0 0 0 0 0 1.42484521865845 2.41217875480652 0 13.7244091033936 7.02781057357788 3.52838516235352 0 0 0 1.24372327327728 4.41490697860718 1.65178978443146 2.51825928688049 0 0 0 0 0 0 0 0 0 0 1.97285163402557 23.6395053863525
0 0 1.07402789592743 2.829345703125 4.36263656616211 2.59531950950623 6.26151418685913 5.91937923431396 26.0448741912842 29.2797946929932 10.5550851821899 16.627613067627 12.6483201980591 7.54591703414917 32.5512504577637 50.9033813476562 23.6630973815918 65.4944190979004 12.0558414459229 12.7579164505005 8.70286846160889 13.6379995346069 2.79351401329041 9.87832260131836 0 1.57490086555481 0 0 0 0 0 1.03973972797394 1.85229432582855 0 4.86446046829224 7.94234800338745 14.4193267822266 0 0 0 0 0 0 0 1.31255400180817 0 0 0 0 0 0 0 0 0 0 0 0
0 0 0 3.94978475570679 1.73119378089905 0 4.65609741210938 3.03287816047668 13.5000162124634 8.77280521392822 3.75165820121765 8.66220188140869 18.9352779388428 25.6806735992432 46.9925498962402 32.4954071044922 33.2760276794434 11.8874616622925 8.23932552337646 14.6394691467285 14.0451717376709 7.15568447113037 2.8646388053894 2.51853251457214 10.48024559021 1.65338218212128 4.96661710739136 0 10.9578857421875 0 1.06351828575134 5.18221378326416 0 0 8.51199626922607 13.7104425430298 1.34531879425049 0 0 0 0 0 0 0 0 1.27054071426392 0 0 0 0 0 0 0 0 0 1.2793927192688 0
0 0 0 0 0 3.59145998954773 2.13253474235535 1.9033704996109 1.32806718349457 0 1.82205498218536 13.9158124923706 12.0703611373901 7.84035015106201 42.8275718688965 38.5788154602051 49.9897308349609 17.381628036499 13.363205909729 17.3283367156982 14.6763868331909 8.70804786682129 2.18914389610291 4.83447933197021 4.63736963272095 1.01488268375397 1.7873067855835 5.07896518707275 59.330680847168 0 0 10.3455543518066 0 0 1.05767250061035 0 0 0 0 0 0 0 0 0 0 0 0 0 1.41075086593628 1.27858150005341 0 0 0 0 0 0 9.37007331848145
1.22471129894257 0 0 0 0 0 0 3.46111941337585 2.4708559513092 0 2.99588656425476 2.31436061859131 2.48719358444214 3.74581170082092 34.3392181396484 49.7956161499023 55.064281463623 40.5546112060547 26.8085746765137 2.61934995651245 5.19717788696289 10.829610824585 8.93788623809814 15.1400346755981 2.73339056968689 4.67320680618286 0 0 0 0 0 0 1.88387453556061 0 0 0 0 0 0 0 0 0 0 0 0 0 0 0 0 0 0 3.23763465881348 3.7288327217102 2.40503668785095 0 1.1674622297287 0
0 0 0 0 0 3.77677845954895 0 0 0 0 0 0 1.38244247436523 11.1130933761597 19.5626535415649 32.689208984375 31.8749942779541 21.5680694580078 24.6324062347412 5.15295314788818 10.4158964157104 5.56661939620972 9.90399551391602 8.58060264587402 13.6077890396118 2.38217306137085 2.77603983879089 7.59135246276855 18.5031871795654 3.74565482139587 0 3.90418434143066 0 0 0 2.20015144348145 0 0 0 0 0 0 0 0 0 0 0 0 0 0 0 0 0 1.81248223781586 0 0 3.17310512065887
0 0 0 2.04388046264648 3.66794204711914 1.90713262557983 0 2.46423387527466 1.52404737472534 1.23768126964569 0 5.86986064910889 9.06182384490967 27.0308589935303 23.4126644134521 9.92481422424316 16.075569152832 14.0308647155762 10.7331466674805 7.65301179885864 9.15666675567627 6.02788543701172 4.21021747589111 16.2316017150879 7.5239987373352 1.96695578098297 1.71660792827606 0 3.26131701469421 0 1.06348168849945 7.23578357696533 0 0 0 0 0 0 0 0 0 0 0 0 0 0 0 0 0 0 0 0 0 0 0 0 0
0 1.94426667690277 0 3.17569828033447 7.14327430725098 0 0 1.62029373645782 0 2.31778335571289 1.59889793395996 17.703426361084 29.0111351013184 15.1539881229401 28.5301551818848 31.9115734100342 17.4948306083679 3.65643262863159 8.92208242416382 4.26613473892212 6.11503219604492 3.93212223052979 15.0575885772705 20.4726963043213 16.0777645111084 1.74321925640106 3.38024806976318 0 0 0 2.71549153327942 0 0 1.81956088542938 6.46899366378784 0 1.94675600528717 0 0 0 0 0 0 0 0 0 0 0 0 0 0 1.3712819814682 0 0 2.88622379302979 6.52399206161499 1.50949335098267
0 0 0 0 2.98798584938049 0 2.81272220611572 2.47668504714966 4.93298816680908 2.41322135925293 1.13539206981659 8.94497585296631 20.8539047241211 30.6383519172668 21.9293012619019 36.9685115814209 16.6638107299805 7.03736400604248 6.50127220153809 9.05204963684082 5.41676187515259 3.88354277610779 8.69326400756836 19.4618663787842 30.7052612304688 26.3979835510254 2.61137914657593 2.20481872558594 0 0 0 0 0 0 0 0 0 0 0 0 1.37196409702301 0 0 0 0 0 0 0 1.29377520084381 0 0 0 0 9.31236457824707 9.48760890960693 1.05372929573059 0
1.35385942459106 0 0 0 6.93997001647949 0 1.97046113014221 4.73311519622803 9.12719917297363 18.8534526824951 10.1252584457397 3.54124283790588 5.73618364334106 3.7537944316864 14.828013420105 12.0679540634155 20.2625675201416 10.8987150192261 4.76398754119873 9.39764976501465 18.3037872314453 11.6985788345337 5.88880968093872 7.08802795410156 10.4250354766846 10.5958290100098 0 1.63181960582733 0 0 0 0 3.18487882614136 0 0 0 2.89991855621338 1.20579206943512 0 0 0 0 0 0 0 0 0 0 1.49190831184387 0 0 0 0 8.6133394241333 2.33012866973877 2.60490369796753 0
0 0 0 0 0 5.31606864929199 2.90473628044128 2.73846507072449 14.8501329421997 10.6991472244263 2.85509252548218 0 13.6614570617676 2.2144787311554 5.78348541259766 52.8293342590332 16.7597599029541 6.6417121887207 6.05672454833984 5.16591787338257 3.39144086837769 4.14691686630249 9.82817077636719 9.84235763549805 10.6471366882324 12.9948735237122 2.9534432888031 2.33736491203308 0 0 0 0 0 6.16904926300049 2.78060340881348 0 7.26017475128174 0 0 0 0 0 0 0 0 0 0 0 0 0 0 0 0 1.52912938594818 3.98561429977417 2.64071750640869 0
0 0 0 0 0 0 3.46454739570618 3.32790303230286 2.95792531967163 5.15723466873169 0 3.87387418746948 4.89456939697266 0 7.54302930831909 28.5402679443359 16.3955211639404 7.12394046783447 13.2213611602783 6.89115142822266 5.04526376724243 3.36049795150757 8.72267055511475 18.7720184326172 10.0084095001221 16.5989437103271 10.9932594299316 6.1065149307251 3.7010064125061 0 0 0 1.14838790893555 0 0 0 3.27310347557068 1.2794576883316 0 0 0 0 0 0 0 0 0 3.44467520713806 10.2550039291382 0 0 0 0 1.54459238052368 1.82985079288483 1.63945412635803 1.49622964859009
0 0 0 1.65615332126617 0 0 0 1.73190200328827 0 1.43042159080505 2.21414971351624 0 1.71955251693726 13.5088806152344 21.5615158081055 16.19700050354 8.45923137664795 5.41100883483887 3.02600646018982 5.31246376037598 4.26866912841797 6.35178136825562 5.59230613708496 10.8270492553711 32.2806129455566 20.4806385040283 2.21504807472229 6.55557727813721 1.45271062850952 0 0 0 0 0 1.31172561645508 3.71315884590149 0 1.8092930316925 1.17443454265594 0 1.12420928478241 1.68917751312256 0 0 0 0 2.53153443336487 16.2843437194824 14.9576444625854 7.60911750793457 7.48839330673218 0 0 2.85508131980896 2.34814643859863 3.86937665939331 2.47140836715698
0 7.63480710983276 0 0 0 0 0 0 2.77313995361328 8.85765743255615 2.86245441436768 0 0 3.19767379760742 27.0774440765381 21.0453052520752 14.5596418380737 3.63295888900757 4.11125755310059 6.44251012802124 3.47269177436829 6.46708869934082 0 3.41245460510254 25.7699146270752 44.5623245239258 43.222728729248 4.57480955123901 1.29889321327209 2.80852317810059 0 0 0 0 0 0 0 3.4671037197113 1.66343653202057 2.25361514091492 0 2.01065349578857 1.74318623542786 0 0 2.38301372528076 15.8814029693604 27.0447044372559 17.8929481506348 8.26063752174377 0 0 0 1.21437382698059 1.79421377182007 1.01986312866211 3.18392372131348
0 5.12330102920532 0 0 0 1.84294521808624 0 0 3.79568147659302 6.63865947723389 0 1.81343948841095 5.13340616226196 9.45779418945312 23.6076374053955 43.0657844543457 23.5251846313477 6.23359203338623 5.79223251342773 5.79320764541626 2.48673748970032 8.53700065612793 0 7.5815486907959 29.3533611297607 50.7348136901855 19.6791820526123 2.29970645904541 0 0 0 0 0 0 0 0 0 0 0 10.767110824585 1.5419819355011 3.96930050849915 0 0 0 8.02841186523438 8.57841205596924 13.0308570861816 5.55169343948364 0 0 0 2.05381774902344 1.39262926578522 0 0 3.006840467453
0 0 0 0 1.1057915687561 0 1.79199659824371 2.93512010574341 2.50795578956604 0 0 1.80104160308838 4.19138193130493 9.87728118896484 21.6385154724121 36.890251159668 20.2077751159668 3.89536190032959 9.26716136932373 2.56378936767578 2.10103678703308 1.90666544437408 1.21598744392395 3.74114847183228 20.7518768310547 14.5847682952881 33.6921882629395 9.01072025299072 0 0 0 1.47909319400787 1.83195805549622 0 0 0 0 0 2.41199374198914 1.20680797100067 10.6713733673096 3.56317830085754 3.3169264793396 0 8.27921676635742 15.078483581543 0 0 0 0 5.09589433670044 2.5066032409668 1.36240828037262 0 0 1.34303677082062 5.65160274505615
0 0 0 1.13134336471558 1.26222312450409 0 1.83653271198273 2.91942667961121 0 0 1.34515798091888 1.30873394012451 2.69870543479919 0 2.89774799346924 5.12081718444824 10.0231981277466 4.81208658218384 9.71288871765137 1.03858613967896 3.9657940864563 0 4.29295635223389 6.65923118591309 1.77603816986084 2.76243138313293 0 0 0 1.84672391414642 1.35772633552551 1.48854410648346 0 0 0 0 0 0 0 1.17619287967682 4.72179841995239 0 0 6.1518726348877 10.2842626571655 0 0 1.36479246616364 0 0 2.20969390869141 0 0 2.05610513687134 2.44190239906311 7.914879322052 9.94608211517334
0 0 0 1.30023300647736 0 2.19934487342834 3.49725675582886 5.97460317611694 0 0 0 3.18610644340515 0 1.75843524932861 6.13184928894043 7.35704135894775 30.0202465057373 23.4254608154297 9.98815155029297 7.7693395614624 4.17943429946899 4.27772569656372 0 0 0 0 0 0 0 0 2.51201677322388 0 0 0 0 0 0 4.66534805297852 20.0455284118652 3.52823305130005 0 0 0 1.03869295120239 3.91710543632507 10.4403200149536 0 1.35505163669586 10.7417917251587 3.61677193641663 1.83872318267822 7.76971912384033 11.0132532119751 8.26315593719482 10.7325525283813 13.268424987793 6.92682147026062
