Geospatial/Brazil_coffee_harvested_area.asc
NCOLS 470 
NROWS 468 
XLLCORNER -74.000000000006 
YLLCORNER -33.7500000000032 
CELLSIZE 0.0833333333333286 
NODATA_value -9999 
[rows 189 to 215 of 468, columns 360 to 419 of 470]
0 0 0 0 0 0 0 0 0 0 0 0 0 0 0 0 0 0 0 0 0 0 0 0 0 0 0 0 0 0 0 0 0.316812664270401 0.176517233252525 0.62234902381897 0.598883867263794 0.889771997928619 0.711984634399414 0.881976127624512 0.492939740419388 0.355815291404724 0.210368365049362 0.230005815625191 0.872945785522461 2.23385620117188 1.26419365406036 1.97025847434998 1.42282462120056 0.551298320293427 0.063497394323349 0.0778810381889343 0.10412872582674 0.129048228263855 0.169137120246887 0.233249425888062 0.280176609754562 0.233997836709023 0.179067358374596 0.0931008085608482 0.138532117009163
0 0 0 0 0 0 0 0 0 0 0 0 0 0 0 0 0 0 0 0 0 0 0 0 0 11.729679107666 10.6039161682129 0 0 0 0 0 0.828873634338379 0.790995240211487 1.02393174171448 1.13265991210938 1.58556270599365 0.709001660346985 0.703151226043701 0.255988150835037 0.448172330856323 0.245211079716682 1.19197237491608 0.247738853096962 1.80789721012115 9.05914497375488 2.60027694702148 4.39801073074341 0.14064946770668 0.101778298616409 0.0615799091756344 0.104437790811062 0.204939797520638 0.172642141580582 0.273061484098434 0.221528336405754 0.191483318805695 0.101697951555252 0.0893769636750221 0.0842248350381851
0 0 0 0 0 0 0 0 0 0 0 0 0 0 0 0 0 0 0 0 0 0 0 0 0.0288141425698996 34.3119926452637 68.3142623901367 25.7800846099854 7.52095365524292 5.55239248275757 28.2991256713867 61.4892196655273 20.8945922851562 2.2017560005188 1.95174670219421 2.96220207214355 2.13859581947327 2.13909792900085 2.11213493347168 1.07572972774506 0.84622061252594 0.976509153842926 0.0735486075282097 0.241684824228287 0.532143414020538 6.83585405349731 5.50597858428955 1.17010951042175 0.102845072746277 0.0897573232650757 0.0579911544919014 0.0833980962634087 0.159186661243439 0.210929468274117 0.17204238474369 0.248609453439713 0.256738215684891 0.18885962665081 0.217394217848778 0.184761643409729
0 0 0 0 0 0 0 0 0 0 0 0 0 0 0 0 0 0 0 0 0 0 0 0.13121634721756 0.148121625185013 0.108602650463581 63.8665924072266 110.146408081055 43.8483390808105 52.3379707336426 17.1099948883057 102.192039489746 145.593780517578 2.62301206588745 5.41866779327393 4.03913640975952 6.08764743804932 3.65322947502136 2.90665793418884 3.24911260604858 0.595830678939819 0.589211881160736 0.832494080066681 0.333275526762009 0.290486216545105 0.482395619153976 0.302656322717667 0.21784108877182 0.113742306828499 0.0946501567959785 0.0844818130135536 0.0767402201890945 0.0950051546096802 0.0971564427018166 0.206392094492912 0.198069855570793 0.263301700353622 0.154527798295021 0.133555576205254 0.161416456103325
0 0 0 0 0 0 0 0 0 0 0 0 0 0 0 0 0 0 0 0 0 0 0.124018400907516 0.162904620170593 0.167450159788132 0.114040277898312 0.17112897336483 53.0294952392578 72.5723724365234 57.9137916564941 81.6633758544922 114.013763427734 130.172561645508 100.052047729492 3.78950357437134 4.3481764793396 5.07979345321655 2.53678750991821 4.07094192504883 1.84404957294464 1.03440916538239 0.823138296604156 0.572427570819855 1.16192281246185 0.453897356987 0.367405086755753 0.170559778809547 0.144686698913574 0.108224727213383 0.0739610716700554 0.0364977270364761 0.0427115000784397 0.0729180425405502 0.0850934013724327 0.194059461355209 0.155340865254402 0.195143043994904 0.188151255249977 0.151127621531487 0.0475407727062702
0 0 0 0 0 0 0 0 0 0 0 0 0 0 0 0 0 0 0 0 0 0.865261912345886 0.284044563770294 0.252835243940353 0.266053050756454 0.18331503868103 0.160182744264603 0.103868514299393 0.0490255169570446 68.2933807373047 131.743515014648 82.4035568237305 123.557991027832 72.5659484863281 64.3317565917969 4.36310768127441 3.26959466934204 4.34519863128662 2.7877733707428 2.67579340934753 0.561515986919403 1.13403499126434 1.76392030715942 2.05448007583618 1.43477344512939 0.355924546718597 0.144438996911049 0.0781419947743416 0.0678011849522591 0.037455603480339 0.0274838600307703 0.0394847616553307 0.0463031493127346 0.0564614459872246 0.1257613748312 0.177451342344284 0.169247299432755 0.181690126657486 0.138388156890869 0.155536085367203
0 0 0 0 0 0 0 0 0 0 0 0 0 0 0 0 0 0 0 0 0.586384117603302 1.0073333978653 1.5585036277771 0.380235582590103 0.290298134088516 0.260841608047485 0.222969233989716 0.106101021170616 0.0657445788383484 0.101389944553375 0.0959697589278221 189.974716186523 0.461462140083313 29.8533687591553 97.8185195922852 97.5418548583984 3.52999067306519 2.94468808174133 1.60918593406677 1.04193937778473 1.44092893600464 1.15723860263824 0.672125101089478 0.816738188266754 1.24531412124634 1.26638686656952 0.568694829940796 0.297883212566376 0.104947902262211 0.0320025533437729 0.0252625774592161 0.0284690167754889 0.0333319902420044 0.0476329103112221 0.077017642557621 0.125465884804726 0.101423718035221 0.182955890893936 0.272257387638092 0.177688360214233
0 0 0 0 0 0 0 0 0 0 0 0 0 0 0 0 0 0 0 0.132178902626038 1.36782824993134 1.900226354599 4.33647584915161 2.04570579528809 0.34936198592186 0.235477790236473 0.194870606064796 0.0877473205327988 0.137607768177986 0.191107749938965 115.5634765625 191.057510375977 49.6995544433594 8.11641311645508 156.559951782227 88.8189010620117 1.90879023075104 3.05250000953674 1.64140677452087 2.52965378761292 0.723798930644989 0.746912181377411 0.982888638973236 0.329027682542801 0.652553737163544 0.647697508335114 0.619075059890747 1.16778099536896 0.320585340261459 0.0408745035529137 0.0206029061228037 0.0416504815220833 0.0736154764890671 0.0731398910284042 0.14032655954361 0.21916475892067 0.202280789613724 0.249291658401489 0.260064154863358 0.174410879611969
0 0 0 0 0 0 0 0 0 0 0 0 0 0 0 0 0 0 0 0.125100538134575 0.562448978424072 0.835298359394073 6.45719194412231 3.31174302101135 0.436963707208633 0.246484026312828 0.251914620399475 0.230065062642097 0.270456314086914 0.313170343637466 173.91748046875 104.562400817871 0.661367475986481 22.6663455963135 46.0215492248535 104.702941894531 83.3857421875 44.6818084716797 8.33623218536377 0.915672361850739 0.789729833602905 0.485095113515854 0.628724992275238 0.65880286693573 1.01189827919006 1.26555490493774 1.64679419994354 1.34726643562317 0.413510084152222 0.527973830699921 0.05022257193923 0.0710690468549728 0.114512160420418 0.158963844180107 0.179896757006645 0.180244356393814 0.363005220890045 0.429180026054382 0.273545026779175 0.26529124379158
0 0 0 0 0 0 0 0 0 0 0 0 0 0 0 0 0 0 0.0255000796169043 0.163289248943329 0.110129803419113 0.0155485803261399 3.80176424980164 4.5115237236023 1.48007750511169 0.597736179828644 0.75375646352768 0.539301931858063 0.243604585528374 0.115064963698387 114.476516723633 0.0381493829190731 0.970300614833832 9.03916549682617 34.8164215087891 41.674243927002 50.5017852783203 7.55007934570312 5.52515363693237 5.47674512863159 6.45866966247559 0.56363046169281 0.73855459690094 0.841070294380188 1.85074019432068 1.67423033714294 1.86957561969757 3.16577959060669 3.61957216262817 1.22634899616241 0.784818053245544 0.163556396961212 0.202284067869186 0.135730937123299 0.25676754117012 0.260708451271057 0.253093808889389 0.577377915382385 0.42742320895195 0.375969976186752
0 0 0 0 0 0 0 0 0 0 0 0 0 0 0 0 0 0.0670128688216209 0.181855291128159 0.0237567294389009 0.516261458396912 0.652490437030792 1.6350325345993 4.0316367149353 2.00236701965332 0.721234738826752 0.844804584980011 1.0003457069397 0.200054630637169 0.109323300421238 0.0951452329754829 152.90950012207 11.1645622253418 39.6226844787598 25.407112121582 13.3909454345703 19.6977424621582 2.83329582214355 5.0977635383606 4.93016576766968 7.76392936706543 4.38975238800049 0.695336282253265 0.698472380638123 2.21144580841064 1.41720855236053 1.56677579879761 2.71673321723938 1.9834760427475 0.93675035238266 1.27709543704987 1.00760221481323 0.183843091130257 0.369373917579651 0.361655116081238 0.447447627782822 0.755219638347626 0.378105819225311 0.366395801305771 0.439339011907578
0.315016031265259 0 0 0 0 0 0 0 0 0 0 0 0 0 0 0.623799443244934 0.4096919298172 0.827780544757843 0.1247154250741 0.0706191435456276 0.729262351989746 1.0676873922348 0.795569598674774 3.09074521064758 0.17939604818821 2.4369752407074 2.74645209312439 0.120081566274166 0.141547337174416 0.104338720440865 0.0875661745667458 202.644973754883 38.3711013793945 32.3749198913574 26.8550720214844 22.012975692749 22.7773876190186 18.4421920776367 3.54878711700439 3.69458723068237 7.04481601715088 9.22873210906982 6.62343692779541 7.27335023880005 3.12628149986267 1.87594997882843 1.00669229030609 0.977104723453522 1.07407402992249 1.16184318065643 1.54892516136169 2.01703500747681 2.52681159973145 0.395805805921555 0.456983089447021 0.527792572975159 0.575923264026642 0.626285314559937 0.379032582044601 0.503462433815002
0.351108729839325 0.501828074455261 0 0 0 0 0 0 0 0 0 0 0 0 3.24359273910522 2.7929208278656 1.64325940608978 1.94630980491638 7.1108603477478 0.727348685264587 0.0963045209646225 1.16283369064331 0.305434018373489 1.49072015285492 0.251587182283401 0.275395035743713 2.28032851219177 1.29322934150696 0.109342753887177 0.0559767819941044 229.326950073242 44.1869125366211 11.1453485488892 17.9583969116211 21.3165588378906 14.2935676574707 11.7417964935303 15.8017873764038 23.3210487365723 4.25304365158081 5.0575966835022 6.3022928237915 12.7660322189331 30.7951831817627 58.1631469726562 46.3364906311035 26.9434928894043 1.55564546585083 0.606624901294708 0.807832837104797 1.0138875246048 1.18924903869629 2.09874391555786 2.46302223205566 0.485966563224792 0.345764130353928 0.515760719776154 0.235107868909836 0.270657747983932 0.399206638336182
3.01883435249329 5.49053192138672 0 0 0 0 0 0 0 0 0 0 0 20.475284576416 28.0652446746826 2.51996946334839 1.9247168302536 2.51079392433167 10.8531427383423 12.8995504379272 2.1660521030426 48.7536735534668 1.04995572566986 0.577943801879883 0.154147580265999 0.236232936382294 1.89867877960205 0.943253993988037 1.4601024389267 57.0993614196777 96.8172302246094 46.0289115905762 0.903916716575623 12.1352405548096 22.922966003418 20.0616035461426 14.0601978302002 23.240385055542 30.2145843505859 4.1241455078125 5.34945201873779 10.9951467514038 13.2182693481445 32.2902221679688 63.6158676147461 134.818649291992 67.8195648193359 38.1110916137695 1.18003034591675 1.13078308105469 0.722457408905029 0.730029881000519 1.06726574897766 1.75947654247284 1.0637115240097 0.287156105041504 0.388178795576096 0.19070927798748 0.186025440692902 0.270395070314407
5.24770927429199 5.20775556564331 0 0 0 0 0 0 0 0 0 0 18.4958209991455 43.675365447998 22.1222667694092 11.3950042724609 4.18941164016724 7.72949981689453 22.5906028747559 2.02641606330872 2.55580806732178 26.3530712127686 72.6091613769531 132.655456542969 32.8602294921875 0.208826005458832 0.665789246559143 0.936205089092255 0.597851276397705 66.6554183959961 96.1941833496094 23.2857799530029 19.8970813751221 8.38213062286377 18.7939262390137 30.4553890228271 14.1661539077759 18.138126373291 14.2389860153198 5.44293928146362 9.77732276916504 10.6656541824341 6.00176095962524 49.9773941040039 45.4637603759766 39.8782844543457 81.9889526367188 59.3761863708496 16.3089485168457 0.633809447288513 0.871520817279816 0.673887610435486 0.620762228965759 0.596446633338928 0.867138147354126 0.60938560962677 0.10990285128355 0.107702866196632 0.0555478632450104 0.113049887120724
8.64337348937988 3.72779965400696 2.88824415206909 0.23313295841217 0 0 0 0.317345321178436 0.294977098703384 0.716572403907776 0.409464091062546 1.7122700214386 12.2222261428833 31.5995616912842 9.52948093414307 22.3666858673096 59.5256080627441 28.9721870422363 28.960485458374 6.5223217010498 2.82001852989197 7.43424129486084 10.5634841918945 99.2328872680664 47.2958450317383 1.23081648349762 1.09676861763 1.22826433181763 1.02861368656158 0.743207037448883 101.607955932617 34.1016998291016 28.4878711700439 57.5147476196289 32.5975151062012 46.7735176086426 35.1050682067871 35.2340431213379 18.5366535186768 27.5381202697754 7.52172231674194 12.9726810455322 13.2698135375977 81.9868469238281 43.7750053405762 74.8438720703125 72.54931640625 25.0408210754395 65.9513549804688 74.7513732910156 40.8803176879883 26.065113067627 0.82255893945694 0.764437794685364 0.332959771156311 0.756294071674347 1.8727023601532 1.33154344558716 1.44179892539978 1.79191839694977
4.84366846084595 4.39036846160889 3.41108298301697 2.21122360229492 0 0 0.0992961376905441 1.01062095165253 2.34654712677002 0.117823995649815 0.997579097747803 0.266873717308044 4.54778432846069 23.4629306793213 13.2072067260742 48.487735748291 2.95566964149475 20.7801380157471 16.3641796112061 21.7997436523438 5.58657550811768 12.5684299468994 18.2634391784668 75.1246795654297 8.07972812652588 1.00284445285797 1.39549040794373 0.817470908164978 0.502501130104065 94.9769134521484 101.020332336426 169.100601196289 496.883911132812 6.91191673278809 25.8122882843018 30.1837406158447 71.1642761230469 513.442077636719 446.866577148438 495.123352050781 193.703262329102 76.3728866577148 42.2619705200195 35.3304595947266 62.8334999084473 21.6476936340332 46.1173934936523 133.368011474609 64.2126159667969 113.66284942627 35.129524230957 72.8389129638672 43.0829620361328 0.550766289234161 0.375469505786896 0.566706240177155 0.582496285438538 0.749602258205414 1.45076489448547 1.52996134757996
3.31684708595276 2.51704239845276 3.0140073299408 1.10359287261963 0 0.0152227599173784 0.0200379900634289 0.54918783903122 1.82190573215485 0.118909239768982 1.4460117816925 2.1788969039917 1.05655062198639 5.38810396194458 8.54639720916748 9.65021991729736 8.43675136566162 4.8794264793396 5.96411561965942 11.6535215377808 15.8576507568359 29.4562511444092 21.1919975280762 47.8837509155273 4.33924627304077 19.1258735656738 36.6466789245605 0.807505130767822 171.33447265625 42.2196807861328 29.0391368865967 643.323303222656 827.60791015625 177.564041137695 130.846313476562 51.7349014282227 41.6631774902344 59.6243515014648 171.907165527344 251.506942749023 31.9924602508545 36.7769050598145 28.372896194458 40.5467109680176 43.2758865356445 63.1717185974121 81.112922668457 151.18830871582 170.972702026367 83.1603927612305 79.6982269287109 100.200485229492 71.5926742553711 23.614709854126 1.06312417984009 0.847138404846191 0.402112811803818 0.644223570823669 0.890998005867004 1.25403308868408
1.30107223987579 3.82229781150818 2.63126969337463 0.916388213634491 0.144263058900833 0.0677639618515968 0.0168541595339775 1.78617060184479 0.611222982406616 0.0980565547943115 0.843940436840057 0.608196675777435 1.28382968902588 0.802251279354095 8.13451862335205 8.03214645385742 9.2487907409668 24.2594928741455 5.41855192184448 10.1107187271118 11.1460208892822 17.983190536499 21.242395401001 33.362606048584 6.55535078048706 1.6295872926712 4.52444314956665 23.0056495666504 26.46266746521 27.1458797454834 203.927749633789 1588.22387695312 1419.84484863281 67.3321990966797 176.644027709961 153.435729980469 67.6056594848633 38.6529541015625 40.6879386901855 31.018274307251 15.9041604995728 23.9629783630371 16.5753154754639 15.7225379943848 12.6079740524292 36.9716911315918 76.4545669555664 125.24503326416 75.5421676635742 100.254547119141 64.4507827758789 59.0915641784668 40.4430923461914 1.23745560646057 1.47349286079407 0.950781464576721 1.37070405483246 0.856648981571198 0.754193723201752 0.887209713459015
4.52866649627686 5.21154546737671 3.36722350120544 0.157102271914482 0.230185702443123 0.198897868394852 0.096145510673523 0.147171437740326 1.3856680393219 0.475324600934982 0.238480016589165 1.00131630897522 1.1535701751709 0.512483775615692 1.12532103061676 1.39197516441345 3.15354037284851 40.5468826293945 15.4397258758545 9.79519081115723 31.4942874908447 10.3325328826904 12.4149103164673 19.3843307495117 22.8721923828125 7.20545339584351 12.8380718231201 10.3335733413696 14.0363903045654 5.04640960693359 30.873722076416 155.521865844727 1091.47741699219 210.656326293945 180.634338378906 146.793746948242 102.923416137695 131.518051147461 26.4994678497314 28.0146427154541 49.9634971618652 38.8032531738281 29.1307830810547 8.81176280975342 11.9298820495605 14.1524791717529 23.8225784301758 32.5409355163574 30.6277313232422 41.164005279541 32.5604057312012 22.7904968261719 40.5886077880859 2.1328558921814 2.19622492790222 3.3545389175415 4.19605255126953 1.66062557697296 0.748100757598877 1.16352558135986
4.91946697235107 4.17775774002075 3.58020901679993 0.311623275279999 0.291824489831924 0.380847036838531 0.0906867310404778 0.113283112645149 1.62070083618164 1.1082044839859 1.09857046604156 0.262935966253281 0.165888652205467 0.200775310397148 0.704070091247559 0.878556191921234 0.403327792882919 0.150586247444153 10.466381072998 19.4361572265625 48.8884658813477 90.2900085449219 25.338041305542 16.7714042663574 53.4922332763672 35.512622833252 269.798797607422 14.321310043335 35.7361755371094 74.7302780151367 104.266792297363 82.8710708618164 246.976928710938 174.021667480469 118.240417480469 64.0408248901367 42.5165061950684 22.8404350280762 21.0536422729492 22.5548629760742 14.0203065872192 31.1977863311768 17.9024963378906 12.4004745483398 11.7723932266235 12.110143661499 17.6969680786133 29.4359531402588 31.1112632751465 29.7833976745605 28.117618560791 32.771915435791 23.8919105529785 1.49764060974121 2.40418267250061 2.79744482040405 4.57327318191528 2.23768091201782 1.12272071838379 0.891733407974243
3.25225687026978 2.0099503993988 0.973217904567719 0.122343018651009 0.413864284753799 0.593477368354797 0.235209628939629 0.0205834489315748 0.290569603443146 0.59624570608139 0.197325527667999 0.317557245492935 0.413053661584854 0.0792507529258728 0.511127769947052 0.86519056558609 0.799292981624603 0.708834767341614 0.477518737316132 24.1389236450195 25.9178295135498 182.187301635742 70.3878555297852 115.813751220703 90.7657165527344 134.5380859375 234.594924926758 124.501693725586 46.343017578125 44.4322357177734 55.2473106384277 167.437408447266 61.5374374389648 95.502082824707 87.3081283569336 29.9290561676025 15.1896133422852 9.97013568878174 12.696496963501 18.2313995361328 29.3321170806885 33.3356056213379 35.2720756530762 48.1399230957031 47.6084938049316 34.7045478820801 35.4686584472656 30.7795581817627 33.7260055541992 32.1798629760742 22.238826751709 43.4629440307617 0.632214426994324 0.84257698059082 2.21775579452515 1.76768529415131 4.09810924530029 0.918257117271423 1.54568004608154 0.625822365283966
1.87690985202789 1.73214483261108 1.21804869174957 0.167685285210609 0.230475932359695 0.472137331962585 0.158242985606194 0.0262576285749674 0.271256148815155 0.192228153347969 0.0240008980035782 0.915510714054108 0.222761824727058 0.118383429944515 0.470510005950928 1.00608491897583 0.383007019758224 0.463593244552612 0.569040834903717 0.331235945224762 0.970653593540192 46.9438591003418 199.289016723633 74.8185501098633 137.320938110352 128.802673339844 162.025115966797 264.075439453125 28.1551055908203 24.1693172454834 34.2126846313477 101.245330810547 46.8257331848145 62.9687004089355 23.6745376586914 14.6053791046143 11.7572154998779 19.2597160339355 5.99619579315186 22.0844821929932 26.3784980773926 46.4308700561523 22.1023693084717 35.1129608154297 66.7601318359375 75.3104019165039 76.9613723754883 48.6082916259766 43.0233192443848 23.1128196716309 33.9934997558594 28.320484161377 0.79338014125824 0.829813241958618 1.69523942470551 1.99894535541534 2.92803502082825 1.62415444850922 1.40539181232452 1.41858720779419
1.60928690433502 0.810699760913849 0.61258065700531 0.20637871325016 0.124569915235043 0.0887566804885864 0.126789480447769 0.0632748156785965 0.122359625995159 0.122070975601673 0.0171760320663452 0.199272558093071 0.0201548263430595 0.0972443670034409 0.891618847846985 1.10921680927277 0.949676871299744 0.395719647407532 0.599401354789734 0.143636807799339 0.0938072577118874 0.171578645706177 0.299435615539551 42.1360359191895 35.5675888061523 147.036346435547 213.326889038086 92.1917877197266 64.3292007446289 27.0738468170166 42.2541236877441 83.4279098510742 35.2070693969727 56.1298675537109 10.8259048461914 1.04446649551392 1.33124399185181 13.2257299423218 18.8556575775146 35.4283256530762 19.7186870574951 16.224946975708 15.5948009490967 28.2158279418945 92.1782150268555 88.2735137939453 64.2144317626953 67.9631195068359 58.8259239196777 25.599063873291 42.9558181762695 0.899734199047089 0.765676021575928 0.708775043487549 1.09513056278229 1.35100066661835 3.25709056854248 5.46260833740234 3.75437688827515 2.01909327507019
0.761767268180847 0.494367510080338 0.605759084224701 0.0834043398499489 0.0550919212400913 0.117559306323528 0.199523165822029 0.171866580843925 0.236798644065857 0.115063771605492 0.0440183058381081 0.177187949419022 0.299426436424255 0.0631791800260544 0.54549777507782 0.791249752044678 0.415635615587234 0.325771182775497 0.21379816532135 0.278429925441742 0.12449061870575 0.130091533064842 0.265165120363235 35.6089897155762 93.3813552856445 68.9093780517578 142.352813720703 130.065612792969 16.4212226867676 14.0176668167114 38.674388885498 45.3414077758789 42.7690467834473 2.0941002368927 1.2768919467926 2.05935835838318 1.89882731437683 3.82717776298523 10.8556213378906 32.5268630981445 25.3679714202881 13.652268409729 27.1579818725586 67.4488067626953 98.1817169189453 76.175163269043 35.7624359130859 64.0108489990234 60.4347152709961 68.1643218994141 99.1942749023438 45.9806976318359 0.584738671779633 0.365955829620361 1.05216729640961 1.24098765850067 1.15526568889618 3.88646268844604 4.37551879882812 10.0287256240845
1.45967781543732 2.00074005126953 1.03587889671326 0.499683231115341 0.138195887207985 0.30370244383812 0.206380531191826 0.12585124373436 0.153246223926544 0.309729874134064 0.0490906909108162 0.116675898432732 0.0448745787143707 0.0472864434123039 1.25264155864716 1.42470669746399 0.765036106109619 0.646078169345856 0.363891184329987 0.339356690645218 0.0742146745324135 0.243804931640625 0.555692315101624 0.363501638174057 52.5992012023926 90.5468292236328 80.7912368774414 32.983097076416 39.1672554016113 13.1224689483643 46.0358848571777 69.5142822265625 1.60886788368225 2.0563485622406 2.29821991920471 1.66864132881165 1.48368918895721 1.46441090106964 18.2686252593994 22.1425609588623 14.1748428344727 23.2587261199951 57.0769844055176 64.7717437744141 84.3158874511719 23.787109375 39.2555732727051 29.6499099731445 48.6208648681641 52.0815734863281 108.216835021973 112.101272583008 27.9516887664795 0.339264869689941 0.366763472557068 0.583013951778412 1.64249539375305 3.64384818077087 7.42740726470947 6.85216426849365
1.72356605529785 0.608278036117554 1.95704448223114 0.787960827350616 0.181058317422867 0.306991815567017 0.0793381631374359 0.0877963602542877 0.15383879840374 0.0693161264061928 0.0476876236498356 0.0130897341296077 0.124729849398136 0.0571979321539402 0.58937281370163 2.41179203987122 1.87971651554108 0.432835042476654 0.409085512161255 0.638066411018372 0.561373591423035 0.357542276382446 0.838916122913361 0.982794880867004 52.5336151123047 4.79308891296387 4.12670421600342 3.94867587089539 31.9442481994629 49.6273498535156 29.7892093658447 3.03818535804749 1.92951250076294 2.10030555725098 3.61834144592285 3.18382668495178 7.88872575759888 1.75729870796204 7.96328258514404 11.9021787643433 13.4337511062622 20.2301025390625 30.194128036499 43.582836151123 23.9153518676758 13.2782745361328 27.7300281524658 20.6910877227783 52.327465057373 93.9306411743164 276.818328857422 535.320983886719 100.437675476074 4.57570028305054 0.322070837020874 0.879354119300842 2.40220952033997 4.38793325424194 2.68841576576233 6.12589645385742
