Geospatial/Brazil_maize_harvested_area.asc
NCOLS 470 
NROWS 468 
XLLCORNER -74.0004239999869 
YLLCORNER -33.7495049999942 
CELLSIZE 0.0833330000000103 
NODATA_value -9999 
[rows 325 to 349 of 468, columns 224 to 279 of 470]
348.952331542969 368.73095703125 299.853363037109 195.733947753906 374.924133300781 395.986511230469 265.48291015625 270.008911132812 281.329010009766 294.633453369141 229.556503295898 356.957611083984 355.86376953125 476.837615966797 391.672546386719 413.870300292969 249.762191772461 167.891616821289 274.704437255859 168.313827514648 165.255981445312 201.826309204102 178.808685302734 216.632446289062 189.742401123047 131.422103881836 169.900604248047 333.547210693359 39.9314575195312 27.371187210083 17.6413230895996 204.709533691406 18.166898727417 26.523609161377 845.120422363281 383.694427490234 0 104.937561035156 373.679565429688 324.756103515625 388.78372001648 886.085247635841 1071.40232467651 987.01708984375 1331.35424804688 119.554748535156 75.6541366577148 432.759353637695 149.145170211792 151.105262756348 343.709564208984 377.666900634766 361.807067871094 138.246849656105 130.96595954895 808.509160876274
373.245391845703 363.413543701172 273.999206542969 324.426971435547 395.962341308594 512.748352050781 329.984954833984 436.611907958984 409.757476806641 279.403015136719 333.395111083984 205.983840942383 219.882751464844 347.564880371094 206.968780517578 278.180114746094 273.434326171875 211.320755004883 119.868911743164 159.214721679688 167.593765258789 213.376174926758 181.535491943359 250.640548706055 236.593231201172 147.144393920898 289.772369384766 342.849212646484 352.491424560547 215.323669433594 250.110565185547 282.199890136719 305.849761962891 852.546325683594 1002.73913574219 9.39198589324951 321.535827636719 423.970635890961 383.503129243851 358.699005126953 808.063576698303 856.068530321121 854.238372802734 620.917053222656 532.922211885452 588.615966796875 422.951741218567 227.762773394585 157.691080093384 177.582569599152 529.403381347656 421.454025268555 430.311645507812 59.0910135507584 87.7692003250122 84.4031373262405
398.017791748047 368.983551025391 281.465698242188 282.098846435547 414.451751708984 418.248107910156 393.611694335938 554.72265625 593.501586914062 475.829864501953 268.410858154297 260.596496582031 377.171722412109 457.358489990234 751.20068359375 329.610107421875 366.508178710938 250.267303466797 178.112106323242 157.905914306641 173.777404785156 180.56462097168 213.672622680664 192.728164672852 220.941909790039 167.506958007812 296.935974121094 326.153472900391 251.837585449219 464.241668701172 360.66064453125 412.946990966797 388.5439453125 551.974304199219 373.819610595703 2.7319073677063 420.238983154297 343.142272949219 285.748626708984 511.96484375 367.464294433594 882.608093261719 890.274780273438 521.750610351562 651.140441894531 590.607849121094 213.479110717773 123.463455200195 141.261764526367 141.745147705078 424.655700683594 442.610961914062 325.639282226562 382.662048339844 351.754913330078 304.509552001953
376.647521972656 378.342376708984 403.187103271484 347.976196289062 502.295562744141 473.275390625 485.158752441406 538.181335449219 434.585479736328 432.558563232422 374.670745849609 386.820770263672 407.169372558594 506.738952636719 723.105102539062 758.014343261719 325.772552490234 297.937286376953 230.50080871582 154.016708374023 151.251693725586 209.176727294922 182.483245849609 232.217468261719 276.907775878906 256.818145751953 306.781280517578 331.99951171875 379.2412109375 544.895202636719 434.633972167969 485.290222167969 450.671875 319.756774902344 53.7125701904297 214.456802368164 367.414989471436 373.187469482422 346.065856933594 351.779174804688 372.874847412109 560.177734375 480.925018310547 809.445739746094 666.535705566406 294.409820556641 116.112353801727 79.9982032775879 105.464179992676 512.175030231476 403.288949966431 496.038902282715 321.294624328613 398.072967529297 358.627960205078 45.6582145690918
134.000335693359 295.258575439453 312.944641113281 401.976531982422 444.683532714844 386.721343994141 191.90185546875 363.558074951172 463.567443847656 440.647308349609 430.805938720703 402.612396240234 426.438201904297 569.108337402344 572.698547363281 547.943298339844 672.458862304688 241.246536254883 237.0908203125 199.022277832031 152.345886230469 239.742645263672 261.777923583984 235.35563659668 295.061889648438 415.1650390625 390.400421142578 424.92041015625 480.780334472656 506.042724609375 599.3955078125 370.454162597656 110.726058959961 13.2350492477417 52.7989101409912 278.886596679688 256.926971435547 287.390045166016 374.017974853516 391.680715084076 540.581604003906 513.610187411308 555.834838867188 580.339050292969 256.692901611328 296.440338134766 139.891052246094 130.339019775391 184.800063371658 118.670705318451 392.454254150391 363.565643310547 346.56640625 329.447906494141 155.002670288086 51.3814015388489
175.300216674805 120.848854064941 100.675849914551 333.757080078125 319.701751708984 385.396057128906 254.309707641602 413.061126708984 471.563598632812 407.725524902344 381.778472900391 408.803466796875 507.26123046875 488.239532470703 581.899315357208 728.872327804565 521.3828125 503.647125244141 495.139713287354 573.033447265625 319.70911026001 117.463157653809 244.365455627441 253.516647338867 363.817569732666 382.444213867188 326.923225402832 451.256320953369 526.733113765717 436.000518798828 146.485458374023 20.8339576721191 177.725463867188 87.1986083984375 105.648788452148 80.6217803955078 77.4791870117188 248.892547607422 498.397308349609 440.473022460938 315.079040527344 442.077667236328 317.070129394531 174.854782104492 250.495071411133 335.408386230469 314.39794921875 822.010841369629 166.418197631836 166.548263549805 490.360626220703 309.700988769531 291.144073486328 343.07080078125 136.290054321289 61.1172180175781
160.188217163086 179.619789123535 112.982626914978 109.616317749023 377.129486083984 382.123718261719 396.418243408203 432.254554748535 459.576229095459 370.54949760437 453.032348632812 584.809997558594 366.332792282104 374.448760986328 383.315335273743 981.798156738281 1101.62618255615 778.067443847656 552.457737922668 494.020324707031 551.823501586914 158.320903778076 196.471618652344 247.862808227539 366.683044433594 354.006317138672 336.584062576294 485.752075195312 238.741653442383 6.20883083343506 137.278082370758 119.96817779541 92.3874740600586 76.0308837890625 82.9458618164062 66.6692276000977 69.7069387435913 188.551467895508 197.834609985352 228.090850830078 381.711883544922 477.55859375 58.973955154419 839.929016113281 738.710998535156 238.074401855469 749.199157714844 819.298828125 479.033325195312 496.119293212891 416.625793457031 246.149459838867 262.118225097656 128.248153686523 130.91974067688 64.2070837020874
188.025741577148 196.750146389008 281.780115604401 266.220495223999 480.869087219238 470.491882324219 529.589290618896 472.704387664795 448.541602134705 455.549875259399 530.649841308594 513.329208374023 288.167907714844 270.167144775391 303.012756347656 794.035232543945 1181.35070800781 1004.90414738655 1054.00136089325 832.457180023193 438.684272766113 389.177543640137 153.005069732666 431.73583984375 278.289953231812 348.87922668457 295.106586456299 104.835456848145 98.6302690505981 379.723449707031 163.484825134277 131.30354309082 1044.59057617188 986.974983215332 76.993537902832 78.5269317626953 29.2607960700989 87.7246704101562 171.217834472656 198.102386474609 399.919891357422 725.816528320312 731.423095703125 282.537963867188 293.070343017578 593.908264160156 593.235107421875 380.974456787109 373.654968261719 538.959777832031 395.838897705078 183.391326904297 231.238708496094 266.259857177734 105.463691711426 144.041213989258
373.810607910156 295.481258392334 367.640502929688 575.815551757812 590.311703681946 495.851463317871 603.482238769531 642.305786132812 583.063537597656 574.750610351562 572.143920898438 476.692230224609 423.702026367188 425.6943359375 265.773773193359 243.569747924805 335.784851074219 814.356750488281 1056.51501464844 884.792114257812 959.345764160156 304.835025787354 381.058563232422 324.560299396515 220.674392700195 96.2748641967773 123.803636550903 179.22087097168 89.3490142822266 103.635116577148 138.323989868164 742.459777832031 824.74072265625 1042.54028320312 102.054061889648 42.5595474243164 7.54250431060791 64.2430725097656 367.047271728516 403.496398925781 484.501129150391 732.72119140625 663.254577636719 262.645843505859 312.838745117188 595.640441894531 727.385131835938 440.262908935547 400.952819824219 356.560028076172 381.196655273438 383.03369140625 309.077514648438 265.813079833984 114.91325378418 154.171783447266
273.127960205078 333.896911621094 648.603881835938 607.430786132812 466.181427001953 499.313201904297 506.084808349609 480.911590576172 525.763610839844 486.379730224609 633.771179199219 508.451995849609 457.807403564453 426.508819580078 464.441314697266 522.915710449219 146.183210372925 1375.47233200073 1528.25171661377 1745.11904144287 902.037269592285 185.596243858337 259.454803466797 189.740114212036 68.8808860778809 112.859733581543 48.2204647064209 81.4183197021484 154.187973022461 114.952667236328 149.4296875 469.326144456863 1520.14392089844 684.377075195312 592.1240234375 53.8586578369141 34.7783012390137 14.4817266464233 259.974822998047 572.734924316406 815.562316894531 550.360412597656 198.31071472168 184.126510620117 164.494201660156 567.636779785156 602.415679931641 297.990570068359 250.430648803711 392.698303222656 512.033084869385 473.050811767578 285.328948974609 249.417633056641 364.977386474609 381.335601806641
238.929475784302 313.664169311523 293.483211517334 262.971252441406 535.924743652344 611.795837402344 581.583984375 553.096008300781 588.802673339844 574.721614837646 584.69091796875 711.512939453125 621.222229003906 427.476018428802 420.810882568359 497.220703125 431.661706924438 399.929931640625 1126.54079437256 873.992919921875 225.458759307861 193.207061767578 211.138075828552 205.618881225586 182.482955932617 88.8504257202148 185.894386291504 274.528656005859 416.29736328125 567.875 901.756454467773 1367.45764160156 1959.5654296875 1760.33935546875 1060.71315193176 1397.03973388672 1167.73742675781 496.527862548828 352.797271728516 202.3046875 775.267150878906 852.954803466797 790.152038574219 403.42138671875 308.276214599609 165.126831054688 180.700714111328 112.333847045898 390.278686523438 140.653387069702 331.359313964844 346.264221191406 337.212249755859 316.026733398438 556.814270019531 374.111633300781
299.648052215576 277.932464599609 262.333446502686 241.386459350586 268.045846939087 501.015899658203 496.424041748047 539.96337890625 580.050659179688 502.087005615234 548.444091796875 565.192565917969 529.438415527344 411.059600830078 494.543151855469 370.822692871094 446.759765625 421.424835205078 426.979187011719 227.626770019531 28.1550636291504 83.4131851196289 91.5683746337891 157.29182434082 439.702911376953 228.386260986328 223.033660888672 251.331802368164 142.230667114258 646.823608398438 724.160034179688 1156.97827148438 1392.09838867188 1630.90148925781 976.119506835938 312.993072509766 347.207397460938 444.989898681641 110.466041564941 207.232025146484 176.99072265625 723.797485351562 993.593139648438 581.795593261719 309.456420898438 270.045501708984 207.640106201172 159.993194580078 380.975860595703 337.778717041016 215.696136474609 187.389984130859 140.589309692383 293.881286621094 524.530700683594 547.980773925781
284.559478759766 232.503692626953 202.195541381836 173.773162841797 249.683883666992 254.784042358398 497.929382324219 492.389923095703 473.476959228516 468.676483154297 407.389892578125 454.968444824219 369.644409179688 311.674438476562 454.403228759766 404.877227783203 377.123596191406 330.95751953125 302.768585205078 45.5928268432617 79.2820739746094 102.958168029785 220.492767333984 344.421783447266 688.031616210938 253.77180480957 260.053161621094 274.558746337891 148.182733058929 149.630966186523 381.348937988281 1117.5029296875 1035.40908813477 1058.37072753906 1285.69702148438 294.864013671875 308.694671630859 97.6326522827148 97.4503479003906 159.914596557617 173.093368530273 167.609771728516 259.279296875 601.593627929688 353.297241210938 296.160888671875 191.457305908203 155.026840209961 491.740478515625 504.646484375 527.547912597656 410.993255615234 210.584182739258 286.454040527344 450.792724609375 461.907073974609
227.850433349609 270.390899658203 283.703186035156 287.705688476562 329.498596191406 323.661102294922 322.833770751953 319.609680175781 203.150299072266 435.706512451172 521.57763671875 427.696044921875 430.941680908203 433.591522216797 437.605224609375 423.474090576172 401.391906738281 423.556518554688 256.49169921875 28.3820247650146 93.1868515014648 342.5947265625 244.258041381836 360.054809570312 300.586090087891 271.479949951172 262.942260742188 300.609100341797 405.269836425781 392.613433837891 408.114593505859 404.139984130859 451.225555419922 1135.32641601562 1209.97961425781 1453.39172363281 526.137145996094 422.521484375 103.27025604248 319.526092529297 300.066162109375 187.818115234375 257.186462402344 529.139038085938 421.913818359375 119.393760681152 405.407806396484 162.857116699219 441.578399658203 516.798889160156 499.247406005859 420.663818359375 186.961196899414 355.572601318359 421.696136474609 382.797515869141
295.259735107422 332.132171630859 334.869689941406 364.179931640625 314.795867919922 338.303649902344 286.281951904297 271.135131835938 286.159729003906 250.653259277344 232.644866943359 393.205627441406 464.677764892578 357.170745849609 415.504913330078 370.190307617188 300.694610595703 420.142211914062 270.294525146484 8.56407642364502 115.586235046387 299.956207275391 301.87109375 372.89599609375 393.399841308594 532.183471679688 351.013336181641 436.867980957031 1123.65869140625 913.504516601562 1588.18041992188 500.293609619141 916.261901855469 1101.05407714844 1238.10134887695 1475.30053710938 816.073234558105 458.473022460938 374.200347900391 504.486267089844 419.778869628906 581.5673828125 527.154052734375 111.805892944336 117.91455078125 112.876502990723 142.324935913086 239.17724609375 488.626586914062 482.927490234375 438.181335449219 459.664672851562 340.609313964844 311.113098144531 343.162780761719 167.020462036133
298.598205566406 294.094146728516 273.907501220703 278.909637451172 271.198638916016 250.789672851562 286.196868896484 290.774536132812 300.291656494141 357.778076171875 427.609985351562 200.185668945312 155.122512817383 238.505065917969 328.657836914062 278.336120605469 372.595794677734 338.264984130859 121.869079589844 45.0581245422363 168.664321899414 184.701599121094 238.247802734375 314.073425292969 567.092956542969 614.136779785156 186.45539855957 249.663299560547 521.808349609375 834.4072265625 1061.57189941406 943.469909667969 986.833068847656 1292.21557617188 1422.1962890625 732.712219238281 680.468017578125 765.514099121094 363.254089355469 343.260040283203 412.467468261719 621.427673339844 660.942016601562 166.214263916016 182.90022277832 102.384338378906 87.9273209571838 153.850158691406 169.483016967773 493.94677734375 468.316680908203 481.312225341797 198.260879516602 320.424957275391 174.357635498047 171.606430053711
371.763732910156 345.770904541016 271.400695800781 264.944152832031 293.642761230469 236.026443481445 282.953369140625 250.313781738281 410.40234375 477.560150146484 493.443237304688 248.028854370117 238.297271728516 240.720764160156 259.196990966797 256.231872558594 159.754119873047 207.677520751953 38.1481399536133 62.7871322631836 202.115341186523 174.623641967773 186.546356201172 213.569808959961 369.867401123047 392.084838867188 179.278991699219 187.277191162109 262.107543945312 569.492126464844 596.983947753906 530.167785644531 352.529693603516 485.960021972656 429.842803955078 756.932250976562 766.186828613281 618.117919921875 530.19873046875 263.555847167969 492.198852539062 559.722839355469 209.829788208008 204.915176391602 183.559936523438 133.285247802734 149.829940795898 145.517288208008 178.711074829102 159.118545532227 449.1748046875 249.773376464844 258.807464599609 124.246124267578 117.733810424805 116.881019592285
388.34912109375 345.331573486328 265.938415527344 286.470977783203 228.283065795898 214.98828125 258.937683105469 257.828399658203 360.490539550781 550.7734375 437.177642822266 264.255828857422 281.067199707031 200.456008911133 237.473571777344 242.147186279297 198.821716308594 151.345977783203 135.583801269531 130.399063110352 470.696472167969 557.280578613281 43.65287733078 35.0253639221191 343.791473388672 316.693878173828 403.162170410156 420.437591552734 107.132034301758 142.892303466797 146.983978271484 283.601837158203 252.111343383789 281.086151123047 262.4375 649.472412109375 715.927856445312 404.749267578125 307.914672851562 240.320343017578 332.367126464844 281.043563842773 163.775650024414 204.414398193359 227.706329345703 177.515914916992 158.013320922852 109.705642700195 124.640239715576 100.79388999939 114.419689178467 177.435134887695 275.016082763672 134.966369628906 141.201034545898 113.577995300293
799.542236328125 912.929260253906 268.489166259766 308.601348876953 253.431198120117 229.000076293945 356.916870117188 424.344482421875 309.038482666016 383.411560058594 412.561981201172 436.856384277344 197.388977050781 201.901840209961 175.536392211914 200.923400878906 156.196166992188 52.3707504272461 143.32991027832 415.149810791016 487.292938232422 513.32763671875 490.639038085938 37.2271995544434 317.774597167969 351.662567138672 419.975067138672 664.564147949219 136.533660888672 112.641548156738 210.487640380859 146.04264831543 271.048614501953 267.5703125 251.954406738281 590.874145507812 782.675048828125 727.212913513184 269.435974121094 357.221801757812 231.109970092773 273.434020996094 185.051910400391 171.007217407227 130.264801025391 179.842742919922 121.418441772461 127.409202575684 145.601272583008 183.449356079102 154.936187744141 217.197219848633 116.610328674316 116.408744096756 120.984073638916 58.3670701980591
1002.94268798828 549.046691894531 306.871002197266 285.952178955078 444.477355957031 405.600860595703 346.427734375 483.494903564453 534.698059082031 398.494689941406 287.526733398438 275.617034912109 458.951385498047 253.998397827148 236.248565673828 257.729095458984 65.2793655395508 181.893981933594 532.757865905762 528.448268890381 583.901184082031 639.702438354492 476.806457519531 41.2569255828857 362.664276123047 421.466552734375 430.923583984375 709.999328613281 139.491226196289 223.821090698242 183.941024780273 178.843114852905 246.884334564209 591.760620117188 241.846954345703 641.0654296875 628.072875976562 584.718688964844 449.118927001953 380.751251220703 207.464721679688 58.0441207885742 201.056082725525 194.530426025391 224.066770553589 195.458023071289 157.960578918457 154.940887451172 195.532531738281 174.093105316162 209.311965942383 244.72966003418 201.126480102539 120.201001286507 131.394731521606 256.162322998047
881.791809082031 549.987731933594 454.383911132812 513.562316894531 256.664131164551 280.798286437988 345.546909332275 400.953674316406 369.852447509766 492.108764648438 358.437469482422 342.037528991699 345.654331207275 241.225639343262 229.153373718262 169.954132080078 2.89177322387695 438.084129333496 567.486877441406 589.708129882812 471.933074951172 628.733685493469 440.124053955078 44.0667772293091 699.36767578125 810.224487304688 780.366821289062 135.217239379883 147.417961120605 196.895233154297 193.478988647461 267.674472808838 206.707077026367 222.052932739258 148.359451293945 516.405151367188 554.246643066406 605.323120117188 611.87109375 355.051116943359 251.20329284668 264.424713134766 247.370414733887 152.93270111084 293.081268310547 208.381774902344 147.545635223389 203.4873046875 175.824844360352 208.791897058487 212.182250976562 222.483276367188 199.907775878906 108.20922088623 71.1955718994141 228.948501586914
746.040954589844 461.076202392578 439.646514892578 493.419361114502 592.152526855469 519.018348693848 504.529365539551 397.403625488281 351.2047996521 430.226211547852 406.299140930176 398.837005615234 568.440307617188 510.798690795898 281.549133300781 147.915756225586 62.0029850006104 556.842041015625 649.544067382812 684.652404785156 523.198791503906 462.051391601562 468.664428710938 473.719635009766 712.298034667969 651.549926757812 193.343643188477 217.343399047852 165.755966186523 161.631637573242 146.883377075195 433.919525146484 343.826934814453 378.8369140625 356.431915283203 381.764770507812 357.321716308594 501.592864990234 550.665161132812 525.9921875 238.467590332031 238.571502685547 231.114059448242 231.817718505859 191.907623291016 221.286849975586 201.194061279297 219.375991821289 211.424911499023 220.67594909668 172.55387878418 187.827407836914 184.740184307098 110.97127532959 54.9425735473633 61.5293617248535
1476.78503417969 1265.95129394531 428.1383934021 399.105499267578 324.427143096924 429.347900390625 469.052368164062 409.6135597229 265.459167480469 291.363403320312 325.39599609375 561.41455078125 564.1025390625 580.634643554688 532.900604248047 79.9737701416016 243.152923583984 774.074951171875 798.686096191406 1022.11669921875 1134.65454101562 1156.47424316406 477.230346679688 422.063842773438 393.048706054688 644.221313476562 161.416519165039 219.679977416992 142.411437988281 123.896057128906 100.852127075195 411.936828613281 352.23583984375 379.226837158203 472.559387207031 368.360260009766 316.184844970703 419.089477539062 401.941314697266 668.444946289062 675.326843261719 199.526153564453 198.412872314453 214.12744140625 572.661193847656 335.535400390625 207.446044921875 672.110595703125 717.818298339844 186.580169677734 213.115570068359 225.761749267578 181.723526000977 91.2618103027344 105.490257263184 131.978057861328
598.9453125 790.436950683594 444.945243835449 531.881530761719 438.654399871826 389.579376220703 310.995758056641 654.822021484375 593.438842773438 576.443054199219 364.355712890625 490.256164550781 611.456756591797 574.298271179199 323.284515380859 3.28494262695312 605.283752441406 906.647277832031 939.529052734375 1097.11389160156 652.916259765625 783.112121582031 551.414916992188 406.091278076172 317.113006591797 416.6796875 182.749618530273 181.869926452637 209.595668792725 114.91387796402 165.393936157227 332.871340990067 403.289031982422 174.958572387695 449.757466316223 410.4521484375 380.697951316833 406.615741729736 330.550933837891 335.474853515625 600.31298828125 237.202346801758 228.792861938477 551.412719726562 575.600402832031 1162.74499511719 427.151489257812 484.940490722656 258.304954528809 230.208511352539 272.628364562988 197.049275398254 85.9359817504883 54.9686546325684 111.455879211426 110.589912414551
694.436706542969 800.948364257812 657.801879882812 620.246459960938 619.922729492188 619.302062988281 94.6354112625122 -9999 -9999 -9999 708.457092285156 829.541137695312 681.434936523438 486.761962890625 32.129150390625 77.3038558959961 684.668090820312 794.047812461853 959.799743652344 1143.77197265625 493.465591907501 458.774139404297 543.456004142761 587.488647460938 505.075927734375 219.017974853516 196.282150268555 214.981971740723 277.202930450439 245.832901000977 99.9856643676758 216.863960266113 400.039638757706 188.658382415771 602.081481933594 425.630218505859 439.119363307953 351.813293457031 346.351302862167 674.225952148438 99.1244430541992 103.91397857666 101.815269470215 138.705581665039 137.109786987305 1242.47210693359 411.666458129883 136.525394439697 264.916038513184 283.932731628418 238.409530639648 210.531814575195 139.240009307861 53.6561622619629 57.7167413234711 834.115783691406
