Geospatial/Brazil_coffee_harvested_area.asc
NCOLS 470 
NROWS 468 
XLLCORNER -74.000000000006 
YLLCORNER -33.7500000000032 
CELLSIZE 0.0833333333333286 
NODATA_value -9999 
[rows 243 to 269 of 468, columns 300 to 359 of 470]
0 0 0 0 0.0205758661031723 0.18288442492485 0.522846877574921 0.742411971092224 0.988706707954407 0.555358290672302 0.8659827709198 2.54377460479736 1.57387971878052 0.904925107955933 1.32703268527985 1.29562044143677 0.722435235977173 0.224901512265205 0.324852049350739 0.16669750213623 0.120679922401905 0.136862143874168 0.375929415225983 0.300034731626511 0.368720054626465 0.656706929206848 0.542217016220093 0.476227909326553 4.0172643661499 1.74881815910339 7.8223090171814 4.03854179382324 5.41711807250977 3.4052677154541 1.76737749576569 2.10723543167114 18.4245662689209 13.3074245452881 39.7904739379883 53.0464324951172 10.3008689880371 0.1274653673172 0.71613609790802 0.792615652084351 0.437653690576553 0.390893399715424 0.0522524192929268 0 0 0 0 0 0 0 0.0011326001258567 0.000606507528573275 0.00507652154192328 0.00387743045575917 0 0
0 0 0 0 0 0 0.485156923532486 1.27183485031128 0.44437038898468 0.216375648975372 1.22066509723663 3.96331095695496 2.97289848327637 2.04946136474609 0.81080424785614 0.869762539863586 0.676182866096497 0.395215630531311 0.247123241424561 0.216575726866722 0.0766062811017036 0.0722543075680733 0.179456800222397 0.0927348434925079 0.272978961467743 1.10149896144867 1.50004863739014 2.32111549377441 2.12940573692322 1.92789220809937 2.34520244598389 5.94714975357056 5.73182439804077 4.5938401222229 9.61134147644043 1.78444254398346 16.7507610321045 11.5964765548706 50.7024345397949 11.4151210784912 8.87806701660156 12.0404233932495 0.148273944854736 0.323939263820648 0.015587548725307 0.0778874754905701 0.122731976211071 0.0799654945731163 0 0 0 0 0 0.000194245192687958 0.00286326231434941 0.00238364678807557 0.0168866999447346 0.00688733905553818 0.0601488724350929 0.00962620880454779
0 0 0 0 0 0 0 0.230358198285103 0.489606887102127 0.762067019939423 1.67980337142944 4.85701704025269 0.52496874332428 1.30703830718994 0.699335396289825 1.15992319583893 1.70045685768127 2.5942862033844 0.185964539647102 0.173040866851807 0.197315603494644 0.132992178201675 0.105104856193066 0.0495419017970562 0.531581044197083 1.55656027793884 1.29875695705414 0.656541168689728 3.52517867088318 5.21535587310791 2.69882106781006 0 4.38234090805054 1.01418161392212 5.63356065750122 49.183235168457 0.44845375418663 1.11821258068085 1.91727709770203 2.87891292572021 3.20021057128906 14.7716779708862 0 0.0439235679805279 0.0941717252135277 0.0401898585259914 0.0816080272197723 0.179444164037704 0 0 0 0 0 0 0.00132115534506738 0.0141163142398 0.0178358163684607 0.0228697173297405 0.0266730282455683 0.0643677860498428
0 0 0 0 0 0 0 0.420731276273727 2.1388955116272 0.983611881732941 1.47402453422546 0.617816269397736 3.06915163993835 1.22882723808289 2.04571008682251 2.18351626396179 0.948587954044342 2.88035202026367 0.310936331748962 0.107976168394089 0.0801853463053703 0.160948306322098 0.0779595524072647 0.0868188515305519 0.472239166498184 1.35910308361053 0.921733856201172 0.804448068141937 2.19123554229736 2.67059755325317 0 2.75667500495911 7.04574584960938 0 0.691275954246521 14.7914886474609 3.71427869796753 2.32142639160156 0 1.30664241313934 4.63464546203613 0 0 0.0278253126889467 0.00826307851821184 0.0842684507369995 0.0960699543356895 0.111095517873764 0 0 0 0 0 0 0 0.00698924716562033 0.0129957096651196 0.0180637966841459 0.0152198495343328 0.120209500193596
0 0 0 0 0 0 0 0.41372013092041 1.35366189479828 1.14796686172485 3.8110818862915 2.14998316764832 0.577146530151367 0.104312643408775 1.89215099811554 2.42987537384033 4.33526849746704 3.72307872772217 0.543860912322998 0.2782361805439 0.223440423607826 0.120453305542469 0.220477551221848 0.120078571140766 0.312597036361694 0.467182725667953 1.3175482749939 1.15647411346436 1.24882924556732 0 10.7382497787476 5.88791990280151 1.00040400028229 5.65790843963623 2.54249858856201 6.21611928939819 3.36124205589294 0.825391590595245 1.47124338150024 4.51894998550415 0 0 0 0 0 0.0817625224590302 0.063252829015255 0.176811680197716 0.0510023236274719 0 0 0 0 0.0121495798230171 0.0238344594836235 0 0.0297191087156534 0.0373065806925297 0.0307594407349825 0.112688325345516
0 0 0 0 0 0 0 0.603455603122711 0.56725287437439 2.47229409217834 6.75965404510498 6.89837598800659 2.69373488426208 2.474942445755 1.35994255542755 4.77742099761963 2.44668650627136 2.98986339569092 1.03817319869995 0.478473395109177 0.219542145729065 0.41197195649147 0.218575909733772 0.359587013721466 0.604690253734589 0.33300244808197 0.73988527059555 0.815307259559631 0.799079060554504 10.2728519439697 24.0898971557617 6.55844259262085 2.49260830879211 0.246964886784554 3.02520728111267 2.89219331741333 9.14721488952637 0.414484143257141 0.250869303941727 0.384573638439178 0.133139744400978 0 0 0 0 0.0488710664212704 0 0.057209275662899 0.365919321775436 0.154609322547913 0 0.00756501732394099 0 0.068522222340107 0.0711272731423378 2.20630407333374 0.0497225932776928 0.0107955653220415 0.0363984555006027 0.0537355281412601
0.382945269346237 0.150070697069168 0.0459429323673248 0 0 0 0 0.933634102344513 1.86733174324036 3.88415145874023 4.73069334030151 4.1513147354126 7.18731117248535 7.26157569885254 19.8746738433838 10.7200498580933 3.04994034767151 8.16588401794434 11.6069593429565 0.62387615442276 0.13591779768467 0.382330119609833 0.407940804958344 0.649044573307037 0.62476247549057 0.339247226715088 1.21214938163757 2.73414397239685 1.64463829994202 5.58054685592651 8.81275749206543 1.6381139755249 4.22033023834229 3.01258611679077 2.66859722137451 2.84014439582825 10.1332492828369 4.44984436035156 3.95102643966675 0.991140782833099 0 0 0 0 0 0 0.0425765626132488 0.120488785207272 0 0.105978712439537 0.287610799074173 0.317750960588455 0.0791204869747162 0.246210128068924 0.200618460774422 0.0735063180327415 1.01528120040894 0.0116012040525675 0.0175683461129665 0.0463553480803967
0.456613481044769 0.0880818516016006 0.188424751162529 0.171426549553871 0 0 0 0 1.40564632415771 7.18039464950562 5.84140920639038 0.370449423789978 6.45840263366699 7.69174289703369 14.2881660461426 6.34423780441284 9.04967498779297 31.1438179016113 17.0157299041748 10.1729946136475 0.0828563272953033 0.116151295602322 9.99558544158936 5.57116031646729 0.821953654289246 4.31079339981079 6.95191431045532 9.33593082427979 4.42451190948486 6.40774011611938 4.3171706199646 3.09229898452759 4.71022462844849 5.67615461349487 2.44527268409729 2.46317148208618 3.2294340133667 10.6746044158936 38.5315742492676 7.23953247070312 0 0 0 0 0 0 0 0.0215044859796762 0.0591871440410614 0.18515832722187 0.497381806373596 0.160240367054939 0.118221163749695 0.120201766490936 0.0688423737883568 0.0310957357287407 0.0041386503726244 0 0 0
0.315683960914612 0.208493813872337 0.326039135456085 0.227085188031197 0.58380651473999 0.653345465660095 0 0 0 6.70854997634888 4.52352619171143 5.04475927352905 5.43871212005615 8.80567741394043 17.5955982208252 14.6202306747437 9.9458179473877 12.7958354949951 26.021312713623 11.0847158432007 0.242502436041832 0.159346520900726 2.99024844169617 4.51576042175293 7.34592962265015 3.31702733039856 12.0473070144653 5.77237796783447 4.85574150085449 3.8182737827301 9.88711929321289 9.58598041534424 1.03750836849213 1.61167180538177 0 7.29542112350464 66.0744476318359 33.870906829834 44.7315521240234 34.9458045959473 7.97532987594604 0 0 0 0 0.445905178785324 0.686516225337982 0.0949441716074944 0.245386213064194 0.0627531930804253 0.158820018172264 0.0936467200517654 0.200903058052063 0.0703748315572739 0.0206923261284828 0.0487808622419834 0.0671831145882607 0 0 0.261338025331497
0.133415386080742 0.310961276292801 0.128636449575424 0.872799038887024 1.31015336513519 0.781733870506287 0.195171386003494 0 0 5.4784836769104 5.02427530288696 1.12103617191315 1.83933556079865 0.741764008998871 7.1002779006958 9.88405704498291 17.3788414001465 18.7341194152832 17.1072101593018 9.37283515930176 0.137391984462738 0.119531042873859 0.828708112239838 23.5981006622314 11.5883646011353 8.75501346588135 4.36918926239014 8.07181358337402 13.3968906402588 10.182466506958 19.1378574371338 9.39985752105713 1.0040774345398 0 0 19.2044849395752 29.7607803344727 61.790397644043 17.6068458557129 14.106653213501 42.4824714660645 46.986385345459 1.50243079662323 0 0 0.209297433495522 1.2451890707016 1.02764868736267 0.0684458836913109 0.0556531138718128 0.147082209587097 0.251365095376968 0.146778777241707 0.0457163713872433 0.00226249825209379 0 2.60863351821899 0 0.0142699610441923 0.274462640285492
0.506826996803284 0.102023750543594 0.141043692827225 0.636148750782013 0.288602292537689 0.798848152160645 0.926027834415436 0 0.723674118518829 5.41262722015381 3.88044190406799 5.65586042404175 6.16664123535156 6.17458868026733 13.2843370437622 4.72554397583008 28.4740085601807 20.0504283905029 15.8765630722046 8.98402118682861 0.0244720503687859 0.137562319636345 0.194150194525719 5.74156713485718 5.78116798400879 5.68344879150391 12.0737152099609 13.1489925384521 12.5471429824829 6.54917240142822 12.4009895324707 3.69226217269897 0 0 0 0 56.0424423217773 66.2557754516602 16.5761890411377 42.5540924072266 31.482084274292 61.4474487304688 21.421443939209 0 0 0 0 0 0.0273398868739605 0.0761037766933441 0.338523000478745 0.114527612924576 0.0900264754891396 0.0306473635137081 0 0 1.56208753585815 2.05304956436157 0.0760522559285164 0.171051323413849
0.342516392469406 0.240293279290199 0.0522835850715637 0.809122979640961 1.02523446083069 1.19975244998932 1.16992902755737 0.684530973434448 4.30571031570435 0.839502215385437 8.05676746368408 14.139762878418 12.3906326293945 11.8570289611816 12.679651260376 9.48512554168701 18.7186641693115 9.88567352294922 18.7846660614014 9.56299495697021 0.040574423968792 0.0679520964622498 0 0 0 3.13746881484985 6.54108476638794 27.0617084503174 12.2770137786865 7.98240804672241 1.79267644882202 0 0 0 0 1.44635045528412 22.4232788085938 73.1548309326172 26.9541263580322 19.3419609069824 41.2405700683594 40.1979560852051 58.705249786377 0 0 0 0 0 0.0607717074453831 0.285641551017761 0.203206196427345 0.0420732386410236 0.113990612328053 0.169956624507904 0.164147719740868 0 0 0.0102767739444971 0.0283704679459333 0.15508309006691
0.34581470489502 0.226953700184822 0.846315979957581 0.481314480304718 1.11429595947266 1.81755363941193 0.877771556377411 0.566186964511871 2.17390608787537 0.9059779047966 1.85179281234741 2.82488059997559 3.9125452041626 9.47757053375244 5.61150503158569 1.77986168861389 25.838472366333 39.3809394836426 24.0404396057129 9.84969997406006 0 0 0 0 0 4.80526542663574 5.4592342376709 14.9249410629272 11.3382892608643 13.875883102417 2.19558835029602 0 0 0 0 8.51940059661865 18.2324905395508 46.7638206481934 39.8230133056641 46.0948104858398 73.657470703125 50.1538963317871 49.462818145752 0 0 0 0 0 0 4.5492262840271 1.62178874015808 0 0 0.0326264537870884 0.372871339321136 0.248661816120148 0 0 0 0
0.301754176616669 1.46572256088257 1.65275597572327 0.868392109870911 1.03580224514008 0.495995789766312 0.993630945682526 1.03831040859222 0.849918603897095 1.80437171459198 0 0 4.32859230041504 3.01636052131653 3.39359021186829 8.56859397888184 27.3410358428955 38.5770950317383 15.4869804382324 13.122745513916 0 0 0 0 8.07797718048096 4.0514645576477 5.40600395202637 4.59800291061401 14.6941270828247 9.84213066101074 2.27016925811768 0 0 0 0 1.74459111690521 14.410008430481 31.4159030914307 20.9155693054199 45.1083145141602 38.2725448608398 49.1684112548828 51.2573509216309 0 0 0 0 0 0.120677441358566 1.30316853523254 1.90805375576019 0.154124483466148 0 0 0.641186416149139 0.752284944057465 0.259245365858078 0.620321869850159 0 0
6.25261163711548 3.05322217941284 2.27288889884949 3.19655823707581 1.16855537891388 1.06072199344635 2.6226077079773 1.46779358386993 1.11725294589996 0.492197632789612 0.569667041301727 0.426306009292603 1.00721478462219 1.13974165916443 2.2378077507019 2.96597957611084 36.7382125854492 34.0358543395996 17.3509998321533 9.04509925842285 0 1.97301125526428 9.56961441040039 1.84597539901733 4.67522096633911 7.56266784667969 2.14815759658813 3.09057116508484 19.8043479919434 19.3301486968994 6.57302236557007 0.2276491522789 0 0 2.2480616569519 4.51580429077148 3.74234414100647 10.1564197540283 10.3772630691528 16.0408344268799 30.4356327056885 47.9497871398926 17.241828918457 0.557253956794739 0 0 0 0 0.470269203186035 1.61404860019684 1.61838459968567 1.23759341239929 0 0 1.22394371032715 1.33753061294556 0.318809747695923 1.36063015460968 1.06053555011749 0.715747654438019
3.04752898216248 3.42161989212036 3.99328136444092 2.52445411682129 6.47663307189941 1.71151506900787 3.03870296478271 1.48335111141205 1.11987090110779 1.57619786262512 0.849113523960114 1.1794581413269 1.92513716220856 1.37692713737488 1.87285816669464 4.94887256622314 15.7238245010376 30.2188034057617 23.4092044830322 16.0411415100098 7.28787755966187 11.0340595245361 11.3426904678345 11.5670032501221 7.02472019195557 14.2759056091309 10.4452152252197 14.411862373352 5.28331565856934 10.8302507400513 12.7995643615723 24.0770816802979 0 2.69569516181946 5.53252124786377 8.52122402191162 10.8092813491821 7.33311176300049 5.24494028091431 25.7911434173584 23.7345218658447 28.4773406982422 19.1627197265625 9.26760768890381 2.80357313156128 0 0 1.45874643325806 0.952006578445435 1.912229180336 1.42818236351013 0.449778586626053 0 0.201584354043007 0.5378497838974 1.46145868301392 0.382939338684082 1.45203936100006 0.75229012966156 0.711991846561432
6.51375913619995 2.76346683502197 3.20203948020935 7.87832880020142 7.92994403839111 4.47341108322144 8.99124717712402 3.80722713470459 1.37396574020386 0.742754459381104 1.20449602603912 1.31356549263 0.406370967626572 0.947215795516968 0.744107604026794 2.87668895721436 14.521427154541 25.4932670593262 17.3558826446533 4.99083518981934 24.0050888061523 23.0234127044678 25.407018661499 10.9866809844971 13.3571367263794 7.98743581771851 11.5160827636719 7.04326295852661 2.65341210365295 0 29.7636337280273 47.7456283569336 20.9841537475586 25.2697467803955 10.7043104171753 4.02393436431885 4.79870462417603 5.79865837097168 2.6616051197052 7.15120935440063 8.7735481262207 5.19870758056641 29.3666248321533 8.70655536651611 2.74794769287109 8.52242374420166 0.125238671898842 1.45046484470367 0.885977149009705 1.0808037519455 0.454336941242218 0.569488406181335 0.234202548861504 0.313781410455704 0.594745457172394 1.10279214382172 3.0952091217041 0.701529562473297 1.35815703868866 1.97732496261597
5.17643165588379 17.7327518463135 4.86580085754395 4.67422199249268 4.1803674697876 3.0931191444397 2.59942770004272 13.7554998397827 7.76859045028687 3.26949620246887 1.05841600894928 2.8484365940094 1.2877494096756 3.14312052726746 1.82993400096893 2.3868670463562 27.322244644165 18.4722862243652 11.8034229278564 16.0127124786377 23.415994644165 37.1209335327148 36.4929466247559 27.7277774810791 12.9400806427002 10.9476327896118 6.24365282058716 6.82993078231812 4.50688791275024 1.31290090084076 0 74.6189804077148 99.8682479858398 29.1616077423096 24.6448574066162 38.3179512023926 24.6842365264893 9.13430595397949 2.24149179458618 4.24413061141968 13.5102233886719 7.27887439727783 4.01359748840332 9.33123970031738 8.45896625518799 8.73609066009521 0.134375289082527 0.603126525878906 0.718952894210815 0.996543049812317 0 0 0 0.157303512096405 0 0.470219880342484 0.591265380382538 1.25068128108978 1.88510692119598 0.351431161165237
2.87494778633118 3.50734376907349 9.30478668212891 3.79625678062439 5.44695854187012 2.8523428440094 1.53227531909943 4.1558837890625 8.27356147766113 6.15221738815308 2.30302166938782 1.22277641296387 1.28530526161194 2.87121438980103 7.60299158096313 8.42421531677246 18.4745597839355 15.8821430206299 11.8618144989014 10.8835010528564 23.6491546630859 22.6752796173096 35.5932197570801 32.599235534668 2.37254738807678 17.7456455230713 6.90648889541626 8.35634326934814 2.33240580558777 0 0 28.7099933624268 38.8907814025879 25.0228080749512 62.2714157104492 24.7687969207764 18.7003211975098 14.821234703064 4.32658100128174 2.3398289680481 4.81563234329224 2.34243631362915 3.29282164573669 6.66256237030029 4.57284021377563 7.22750377655029 1.52201974391937 0 0.352942913770676 0 0 0 0 0 0 0.251705199480057 1.38793396949768 0.895680725574493 0.752236723899841 0.798278152942657
25.3481464385986 2.58805084228516 8.56433582305908 13.2115421295166 2.18196415901184 4.08713912963867 3.1535267829895 5.05050945281982 7.19148302078247 6.62929821014404 3.83532476425171 1.7872519493103 0.453564167022705 1.84531986713409 7.90581369400024 12.5833797454834 13.5660820007324 21.1398735046387 15.0484285354614 6.67059707641602 24.8817100524902 28.3018455505371 38.0630416870117 138.718307495117 17.3653583526611 10.3575105667114 6.23746633529663 9.6439790725708 3.64116787910461 0 0 0 0 0 29.5765953063965 28.9458560943604 5.48825359344482 2.78719234466553 2.29469132423401 0 0 0.241975888609886 1.75843286514282 4.55409622192383 1.79786968231201 3.87017798423767 5.33260917663574 0 0 0 0 0.0508180484175682 0.0327453128993511 0 0 0.374446988105774 0.174585610628128 0.242624849081039 1.14567983150482 0.6184401512146
1.20167338848114 0.917828798294067 10.9485769271851 19.2098064422607 11.2536859512329 6.04162120819092 6.93334722518921 5.72939729690552 4.97659063339233 3.57728600502014 1.5990959405899 2.57252502441406 1.70919132232666 2.71557831764221 12.7199554443359 7.58486795425415 4.47287511825562 19.1422672271729 15.1012506484985 22.0125160217285 30.4356307983398 12.0148286819458 60.9831466674805 66.2041549682617 49.7341194152832 8.39699459075928 13.5438261032104 8.98130512237549 7.26888608932495 2.71834111213684 0.196894004940987 0 0 0 12.0851593017578 0 0 0 0 0 0 0 1.9542543888092 5.15944862365723 3.13048148155212 3.19151163101196 1.59917378425598 1.24829602241516 0 0.00463426997885108 0.0501862056553364 0.078972227871418 0.0904463231563568 0.103841550648212 0.0236035380512476 0.149167492985725 0 0 0.520914256572723 0.668368816375732
1.35499465465546 1.05980241298676 6.85265016555786 12.636625289917 12.092080116272 15.5717248916626 23.2151165008545 9.19040393829346 6.5234956741333 0.647513270378113 1.02845239639282 1.37296092510223 4.16452360153198 17.3136596679688 12.4226856231689 20.6741847991943 10.2640476226807 11.0220384597778 17.7965240478516 12.7957019805908 17.9562721252441 43.6359024047852 28.0960521697998 35.2005310058594 23.3217220306396 7.85056066513062 8.18875980377197 9.23337173461914 4.1485333442688 4.49330234527588 2.95884108543396 0 0 0 0 0 0 0 0 0 0 0 1.50323688983917 2.80510759353638 1.94882452487946 3.65307378768921 4.02081060409546 4.66906976699829 4.25984954833984 1.98104250431061 0.206138074398041 0.213585689663887 0.181543573737144 0.065091148018837 0.00807845592498779 0 0 0 0 0.543195307254791
1.37872052192688 0.395776361227036 2.7613959312439 15.1128187179565 3.95753836631775 7.64628458023071 1.45520460605621 1.41267609596252 0.920096755027771 0.600674331188202 0.8916055560112 1.32213926315308 5.35886716842651 8.71057224273682 12.5352849960327 17.3424968719482 19.3785171508789 13.9222841262817 21.0592670440674 26.81764793396 25.4939250946045 22.9835071563721 31.8490104675293 19.422176361084 16.4616184234619 3.33052468299866 5.38886451721191 13.1363859176636 23.1214981079102 3.782963514328 2.29683256149292 0.900047302246094 0 0 0 0 0 0 0 0 0 0 1.79087328910828 2.91072177886963 1.21603941917419 4.71702194213867 16.3906574249268 15.7638254165649 6.19304275512695 19.6195297241211 8.48587894439697 0.625082969665527 0.302601933479309 0 0 0 0 5.13100719451904 0.098351240158081 1.22273135185242
2.84997940063477 0.941464602947235 1.42045652866364 3.48557138442993 3.81866025924683 1.67284214496613 0.517504870891571 0.621027588844299 0.490591555833817 0.289078563451767 0.690065026283264 0.304398417472839 3.59407663345337 5.90426158905029 15.9299488067627 10.6391496658325 29.6175785064697 10.0231800079346 15.378942489624 5.81207895278931 5.86358118057251 5.10816383361816 20.2596588134766 39.9403762817383 19.4702224731445 11.1696138381958 24.5936737060547 5.03996324539185 9.49140644073486 8.32017135620117 4.0666937828064 7.64354038238525 1.51402688026428 0.581173837184906 0 0 0 0 0 0 0 0 6.05823993682861 7.42002391815186 4.52294063568115 13.4447832107544 28.6589794158936 7.16103744506836 13.3884124755859 33.0015296936035 9.69590091705322 1.29658806324005 0.645840883255005 0.289672374725342 0 0 0.455235779285431 0.203216999769211 0.442544668912888 0.85836523771286
2.16992163658142 0.536291182041168 1.81468713283539 0.706304728984833 0.42975914478302 0.91191166639328 0.360525816679001 0.836223125457764 0.180701702833176 0.786242663860321 0.422176361083984 0.241178035736084 0.503032982349396 9.87138652801514 24.9207191467285 41.2477836608887 21.7795963287354 20.0435447692871 16.8516845703125 13.9250450134277 10.1880159378052 8.95374393463135 3.61159086227417 28.5855312347412 30.213716506958 16.1957893371582 16.4349555969238 12.3437023162842 14.940182685852 9.98342704772949 11.4058275222778 4.63907814025879 2.93179798126221 2.1010468006134 0.623467087745667 0 0 0 0 0 0 1.78826141357422 3.54804158210754 1.41614961624146 13.002402305603 11.6243553161621 30.7090492248535 18.8539237976074 5.59269189834595 17.3980579376221 0.982403874397278 1.09748148918152 0.479437440633774 0 0 0.130964070558548 0.474120855331421 0.694946885108948 2.70861744880676 1.27746176719666
1.48851025104523 0.882058024406433 1.16860377788544 0.320411056280136 0.895969212055206 2.945152759552 8.67926406860352 16.299036026001 0.5878986120224 0.363376021385193 0.72613912820816 0.706690013408661 6.9239649772644 5.58723640441895 6.75465440750122 16.8366241455078 23.1987190246582 20.9831695556641 10.7837066650391 17.5184707641602 9.27740955352783 11.8491582870483 5.31847667694092 10.021388053894 29.5587482452393 25.4687271118164 16.4568405151367 9.23949718475342 19.9380550384521 5.59453535079956 7.11042737960815 4.79864358901978 2.95004892349243 1.6443692445755 0 0 0 0 0 0.472642123699188 0.674841284751892 1.83246684074402 4.25321769714355 9.17544174194336 4.72224521636963 6.62904691696167 21.4758739471436 26.5859413146973 4.20631074905396 32.8185920715332 14.0031070709229 0.357127398252487 0.847310602664948 0.301934570074081 0 0.359265834093094 0.58966201543808 0.679138839244843 3.36312675476074 2.58143925666809
2.05843925476074 1.11172521114349 2.32984685897827 2.79515218734741 5.37679624557495 6.81836128234863 6.54034376144409 2.69602203369141 7.45950078964233 0.386040031909943 0.439576268196106 0.31326812505722 9.48574447631836 13.5792608261108 24.6500473022461 40.2047958374023 14.0695457458496 12.6995897293091 19.4794368743896 8.31079959869385 14.2147703170776 10.5951719284058 11.9429616928101 14.1311731338501 20.9728469848633 12.8541679382324 11.7606763839722 6.84376907348633 8.83513259887695 9.12852191925049 8.11455249786377 9.37525463104248 8.8385534286499 2.25980949401855 2.31112623214722 2.75247168540955 2.08278322219849 0.527605056762695 1.8430666923523 0.876139760017395 4.00114393234253 2.88248538970947 5.15547180175781 7.85932874679565 11.5816173553467 13.0144567489624 18.9558200836182 37.2915458679199 15.7961349487305 22.9896984100342 44.2206420898438 41.7159309387207 0.705374121665955 0.706909358501434 1.49217355251312 0.0990142822265625 0.567401826381683 0.300989300012589 0.489173084497452 0.38069948554039
