Geospatial/Brazil_soil_moisture_PM.asc
NCOLS 484 
NROWS 482 
XLLCORNER -73.9762636472426 
YLLCORNER -33.7137726130056 
CELLSIZE 0.0808483755707569 
NODATA_value -9999 
[rows 216 to 239 of 482, columns 378 to 431 of 484]
0.164916813373566 0.164916813373566 0.17321389913559 0.171984687447548 0.17730937898159 0.17511922121048 0.162442490458488 0.151196897029877 0.151196897029877 0.142874762415886 0.137630924582481 0.142694503068924 0.148728162050247 0.150198966264725 0.152904704213142 0.152904704213142 0.142339065670967 0.137367635965347 0.12623618543148 0.12071243673563 0.114517450332642 0.114517450332642 0.116825364530087 0.127905413508415 0.14402648806572 0.142528310418129 0.130516603589058 0.110026858747005 0.110026858747005 0.101734839379787 0.0999961420893669 0.0992027446627617 0.100462466478348 0.0995519012212753 0.10169630497694 0.10169630497694 0.0998328626155853 0.0951228365302086 0.0894476473331451 0.0854604095220566 0.0817106664180756 0.0793826952576637 0.0793826952576637 0.0793836340308189 0.0792592763900757 0.0798058286309242 0.0824749916791916 0.086369626224041 0.0918705016374588 0.0918705016374588 0.100340284407139 0.106467179954052 0.112079434096813 0.115491971373558
0.158565372228622 0.158565372228622 0.169153168797493 0.170405492186546 0.177551209926605 0.178312003612518 0.163381859660149 0.14942292869091 0.14942292869091 0.136640921235085 0.130240842700005 0.133331969380379 0.139345154166222 0.14124658703804 0.145121201872826 0.145121201872826 0.138353928923607 0.133135348558426 0.122490435838699 0.117575965821743 0.113790564239025 0.113790564239025 0.118525885045528 0.130435600876808 0.145099386572838 0.139066994190216 0.127646043896675 0.107485204935074 0.107485204935074 0.0975857153534889 0.0970691293478012 0.0957001298666 0.0966468974947929 0.0964056625962257 0.099313423037529 0.099313423037529 0.0979416593909264 0.0936283022165298 0.0873587876558304 0.0832602009177208 0.0803783386945724 0.0795963183045387 0.0795963183045387 0.0805389061570168 0.0809255838394165 0.0819264724850655 0.0843467637896538 0.0882227197289467 0.0936513021588326 0.0936513021588326 0.10158284753561 0.109515875577927 0.115987360477448 0.122222848236561
0.151050493121147 0.151050493121147 0.160657495260239 0.1637152582407 0.17256872355938 0.176622450351715 0.162354320287704 0.15010142326355 0.15010142326355 0.133952125906944 0.126397147774696 0.127806439995766 0.134293720126152 0.135695621371269 0.138849705457687 0.138849705457687 0.135928317904472 0.130413398146629 0.119853310286999 0.115798301994801 0.116138346493244 0.116138346493244 0.123853400349617 0.141908720135689 0.15524397790432 0.143190771341324 0.13126990199089 0.106447085738182 0.106447085738182 0.0974750220775604 0.0958393886685371 0.0937403813004494 0.0945795848965645 0.0972069427371025 0.0984709039330482 0.0984709039330482 0.097992293536663 0.0931027010083199 0.0861265137791634 0.0808384642004967 0.0786771029233932 0.0791094303131104 0.0791094303131104 0.081071563065052 0.0828391909599304 0.0845777317881584 0.0873425304889679 0.0916794687509537 0.0969545319676399 0.0969545319676399 0.103621646761894 0.111768633127213 0.119792744517326 0.127392366528511
0.141948938369751 0.141948938369751 0.149784967303276 0.154963448643684 0.16261026263237 0.169712215662003 0.158317595720291 0.147838205099106 0.147838205099106 0.132701307535172 0.123867534101009 0.123061522841454 0.128940224647522 0.130267336964607 0.131980210542679 0.131980210542679 0.132974654436111 0.128211691975594 0.116972342133522 0.11417593061924 0.120694003999233 0.120694003999233 0.133312702178955 0.155926823616028 0.163270339369774 0.14628379046917 0.130281999707222 0.106539897620678 0.106539897620678 0.0974241122603416 0.0943301618099213 0.0928539708256721 0.0938708335161209 0.0954895690083504 0.0971030741930008 0.0971030741930008 0.0978565216064453 0.0928864404559135 0.0863849371671677 0.0804950073361397 0.07825867831707 0.0804929137229919 0.0804929137229919 0.0826338455080986 0.084830678999424 0.0872786268591881 0.0896878391504288 0.0945813581347466 0.101139038801193 0.101139038801193 0.108035691082478 0.116098560392857 0.124821715056896 0.133928522467613
0.134512513875961 0.134512513875961 0.139612659811974 0.146214693784714 0.152412444353104 0.163170054554939 0.155523344874382 0.146523013710976 0.146523013710976 0.133085072040558 0.121292501688004 0.117370530962944 0.120642460882664 0.122893556952477 0.127034142613411 0.127034142613411 0.132066652178764 0.128608450293541 0.117550134658813 0.115651972591877 0.12597531080246 0.12597531080246 0.143106728792191 0.164887890219688 0.167073160409927 0.149980947375298 0.130168706178665 0.108277566730976 0.108277566730976 0.0986305549740791 0.0952499732375145 0.0922676548361778 0.0925223529338837 0.0951526910066605 0.0947526842355728 0.0947526842355728 0.0963188409805298 0.0923691540956497 0.0868486911058426 0.0814923644065857 0.0792585164308548 0.0813614949584007 0.0813614949584007 0.0831932425498962 0.0853240340948105 0.0883511751890182 0.0918393284082413 0.0970710441470146 0.105325497686863 0.105325497686863 0.113138481974602 0.122850455343723 0.133369863033295 0.143576800823212
0.124910809099674 0.124910809099674 0.127696514129639 0.134261429309845 0.137981683015823 0.149937093257904 0.151601538062096 0.141735896468163 0.141735896468163 0.131067857146263 0.11781307309866 0.108649775385857 0.107059367001057 0.112423330545425 0.121747560799122 0.121747560799122 0.134075239300728 0.137164682149887 0.127999469637871 0.126330077648163 0.136270955204964 0.136270955204964 0.158657744526863 0.177118137478828 0.178910315036774 0.165192469954491 0.135226681828499 0.114930279552937 0.114930279552937 0.103898122906685 0.0967231467366219 0.0954256430268288 0.0931798741221428 0.0936685353517532 0.0933364853262901 0.0933364853262901 0.0950413644313812 0.0946925953030586 0.0910734087228775 0.0869413986802101 0.0843895003199577 0.0831093266606331 0.0831093266606331 0.084470808506012 0.0875241234898567 0.0918241068720818 0.10032557696104 0.108378827571869 0.119796112179756 0.119796112179756 0.132068246603012 0.14398980140686 0.15719285607338 0.164907097816467
0.123328596353531 0.123328596353531 0.124914467334747 0.131038144230843 0.135396614670753 0.145929902791977 0.14987450838089 0.139684692025185 0.139684692025185 0.128359243273735 0.115466818213463 0.104515850543976 0.100323460996151 0.10750200599432 0.120156772434711 0.120156772434711 0.137500137090683 0.147492855787277 0.138845816254616 0.136263728141785 0.141223773360252 0.141223773360252 0.16042535007 0.176368683576584 0.180925756692886 0.170182034373283 0.141735583543777 0.11977232247591 0.11977232247591 0.107269801199436 0.0993619337677956 0.0981408208608627 0.0946324542164803 0.0952842682600021 0.0933460295200348 0.0933460295200348 0.0955575630068779 0.0959602817893028 0.0942786559462547 0.0918274447321892 0.090272881090641 0.0888636261224747 0.0888636261224747 0.0896606296300888 0.0931567773222923 0.0978728234767914 0.109611682593822 0.120326526463032 0.132986605167389 0.132986605167389 0.146409705281258 0.157159373164177 0.172215133905411 0.180914297699928
0.125325828790665 0.125325828790665 0.125608563423157 0.128465339541435 0.134159103035927 0.141505360603333 0.145431339740753 0.137412503361702 0.137412503361702 0.126223459839821 0.11415783315897 0.10163302719593 0.0967746749520302 0.103767782449722 0.118870623409748 0.118870623409748 0.141428545117378 0.156666472554207 0.149892345070839 0.146832063794136 0.148729532957077 0.148729532957077 0.162724733352661 0.176349431276321 0.182381704449654 0.174494460225105 0.149556800723076 0.127496734261513 0.127496734261513 0.112038351595402 0.103950701653957 0.101168468594551 0.0963975489139557 0.094946913421154 0.0938714668154716 0.0938714668154716 0.094956062734127 0.0982831120491028 0.0990269556641579 0.0969295054674149 0.095909982919693 0.0935831442475319 0.0935831442475319 0.094481572508812 0.0995576083660126 0.10601869225502 0.120658330619335 0.134289547801018 0.14743173122406 0.14743173122406 0.162164464592934 0.170323491096497 0.185111001133919 0.195597469806671
0.12882074713707 0.12882074713707 0.126988962292671 0.126101717352867 0.134113490581512 0.141406074166298 0.145885869860649 0.138793528079987 0.138793528079987 0.125120267271996 0.111385360360146 0.0976737141609192 0.0931687653064728 0.100494250655174 0.11820711940527 0.11820711940527 0.145029380917549 0.165566667914391 0.160429105162621 0.155061051249504 0.153909638524055 0.153909638524055 0.16176301240921 0.172640562057495 0.179614558815956 0.173474743962288 0.154162034392357 0.133771911263466 0.133771911263466 0.117307171225548 0.107167586684227 0.101962454617023 0.0960736125707626 0.0939011946320534 0.0942921116948128 0.0942921116948128 0.0962382555007935 0.102062046527863 0.105112507939339 0.102321490645409 0.101679272949696 0.0984885171055794 0.0984885171055794 0.0996729657053947 0.10576493293047 0.113509900867939 0.130686581134796 0.147355496883392 0.161782518029213 0.161782518029213 0.175886422395706 0.182686701416969 0.196143493056297 0.214131027460098
0.132902681827545 0.132902681827545 0.129822313785553 0.125754237174988 0.134321838617325 0.14091020822525 0.146615073084831 0.14085952937603 0.14085952937603 0.124535508453846 0.110005393624306 0.0958782210946083 0.0918676853179932 0.0982843115925789 0.116919562220573 0.116919562220573 0.144111573696136 0.168785288929939 0.169091239571571 0.160267516970634 0.154536977410316 0.154536977410316 0.158232495188713 0.166983082890511 0.177808031439781 0.17635715007782 0.16093210875988 0.14223238825798 0.14223238825798 0.122859485447407 0.110034622251987 0.101998135447502 0.0946100652217865 0.0916493311524391 0.0920851677656174 0.0920851677656174 0.0965621918439865 0.103059142827988 0.107650905847549 0.106361009180546 0.106316901743412 0.104091495275497 0.104091495275497 0.105251751840115 0.113868445158005 0.124049812555313 0.141983956098557 0.160150364041328 0.171783179044724 0.171783179044724 0.184054732322693 0.19162654876709 0.204778715968132 0.230906471610069
0.136431112885475 0.136431112885475 0.13148607313633 0.126576855778694 0.133304640650749 0.14087887108326 0.150791108608246 0.146634265780449 0.146634265780449 0.128019362688065 0.11184161901474 0.0965703278779984 0.0922168791294098 0.0987699702382088 0.11788235604763 0.11788235604763 0.144379124045372 0.171688675880432 0.177821651101112 0.167980253696442 0.160151690244675 0.160151690244675 0.159099772572517 0.164904609322548 0.173577234148979 0.176892101764679 0.164726838469505 0.14605987071991 0.14605987071991 0.125505149364471 0.10967842489481 0.0999959483742714 0.0924543365836143 0.0897770002484322 0.0917119979858398 0.0917119979858398 0.0973530113697052 0.106715157628059 0.111125119030476 0.109528325498104 0.10937375575304 0.107214584946632 0.107214584946632 0.10941194742918 0.123057581484318 0.136097684502602 0.15534445643425 0.171049982309341 0.17710579931736 0.17710579931736 0.187194496393204 0.196290343999863 0.213031679391861 0.244918346405029
0.139472097158432 0.139472097158432 0.133304104208946 0.128041073679924 0.132851243019104 0.141345992684364 0.154745817184448 0.152084454894066 0.152084454894066 0.134040862321854 0.115446209907532 0.099590390920639 0.0940487384796143 0.101636208593845 0.122333995997906 0.122333995997906 0.150937274098396 0.176852062344551 0.183080330491066 0.171566739678383 0.161375567317009 0.161375567317009 0.158300280570984 0.162538349628448 0.170486807823181 0.177735075354576 0.166735127568245 0.148680776357651 0.148680776357651 0.127580314874649 0.109096013009548 0.0975065529346466 0.0901735946536064 0.0891094505786896 0.0920191034674644 0.0920191034674644 0.0981586128473282 0.10736895352602 0.111665196716785 0.109992206096649 0.110525026917458 0.111196883022785 0.111196883022785 0.114926062524319 0.131537854671478 0.146785005927086 0.166581630706787 0.181736886501312 0.185426950454712 0.185426950454712 0.193958938121796 0.200219541788101 0.221891567111015 0.259326934814453
0.140203133225441 0.140203133225441 0.133893132209778 0.128610849380493 0.131862863898277 0.142310440540314 0.156220778822899 0.156042441725731 0.156042441725731 0.141484290361404 0.12127923220396 0.104462958872318 0.0972432792186737 0.104189805686474 0.124646663665771 0.124646663665771 0.153526306152344 0.179915219545364 0.187720566987991 0.174352735280991 0.161416500806808 0.161416500806808 0.158337771892548 0.160274595022202 0.168208718299866 0.177644491195679 0.168491512537003 0.152135848999023 0.152135848999023 0.129048332571983 0.107987448573112 0.0932864993810654 0.0885862931609154 0.089729830622673 0.0929520428180695 0.0929520428180695 0.100221984088421 0.107981726527214 0.112862825393677 0.112011902034283 0.112530209124088 0.114469975233078 0.114469975233078 0.12024799734354 0.136734247207642 0.153540700674057 0.173553794622421 0.18816040456295 0.189720422029495 0.189720422029495 0.202344417572021 0.210180461406708 0.244340807199478 0.289945185184479
0.137317582964897 0.137317582964897 0.131415724754333 0.127054497599602 0.132303416728973 0.143654704093933 0.157307997345924 0.158219963312149 0.158219963312149 0.149453893303871 0.126849636435509 0.108486838638783 0.100510440766811 0.107492625713348 0.127524182200432 0.127524182200432 0.157392218708992 0.183620974421501 0.188687428832054 0.175768703222275 0.164440006017685 0.164440006017685 0.158872976899147 0.159203797578812 0.165047988295555 0.172380417585373 0.167136877775192 0.149003490805626 0.149003490805626 0.127470955252647 0.106134451925755 0.0915944799780846 0.087417483329773 0.0907265990972519 0.0961906686425209 0.0961906686425209 0.104975134134293 0.111272163689137 0.115708522498608 0.114770546555519 0.114458993077278 0.116624116897583 0.116624116897583 0.124004110693932 0.13854493200779 0.156975671648979 0.175592288374901 0.190673023462296 0.19466158747673 0.19466158747673 0.210454806685448 0.227313861250877 0.265770465135574 0.324821949005127
0.123447924852371 0.123447924852371 0.121457442641258 0.12076610326767 0.127792537212372 0.136112347245216 0.145007759332657 0.146113201975822 0.146113201975822 0.142410859465599 0.125720724463463 0.112207740545273 0.107446022331715 0.110763564705849 0.126681223511696 0.126681223511696 0.14710707962513 0.166948482394218 0.174648895859718 0.165514186024666 0.153965428471565 0.153965428471565 0.148815423250198 0.14915032684803 0.155559331178665 0.156599134206772 0.153548121452332 0.139580965042114 0.139580965042114 0.123321153223515 0.104768462479115 0.0901283696293831 0.0873220264911652 0.0932278111577034 0.104281201958656 0.104281201958656 0.114531375467777 0.118459552526474 0.119272977113724 0.115078464150429 0.116232588887215 0.120584197342396 0.120584197342396 0.131204858422279 0.151400163769722 0.184107601642609 0.211321011185646 0.217098370194435 0.216505408287048 0.216505408287048 0.232695206999779 0.288781404495239 0.331960052251816 0.336786419153214
0.117089860141277 0.117089860141277 0.116891466081142 0.116314113140106 0.121710076928139 0.129060298204422 0.136082425713539 0.139014944434166 0.139014944434166 0.136945262551308 0.125558108091354 0.115276999771595 0.111743547022343 0.112800046801567 0.12520058453083 0.12520058453083 0.142159566283226 0.157616794109344 0.165532067418098 0.15747532248497 0.147184982895851 0.147184982895851 0.142969563603401 0.143729910254478 0.149514332413673 0.149002939462662 0.144703194499016 0.133163884282112 0.133163884282112 0.11957786232233 0.104976877570152 0.0918115898966789 0.0895959958434105 0.0954399779438972 0.106728851795197 0.106728851795197 0.117409497499466 0.119781874120235 0.120175004005432 0.116374135017395 0.118250288069248 0.124878384172916 0.124878384172916 0.140291199088097 0.166799455881119 0.210021555423737 0.242604285478592 0.226884871721268 0.223093032836914 0.223093032836914 0.240504756569862 0.318293452262878 0.427523046731949 -9999
0.112719506025314 0.112719506025314 0.112935364246368 0.111767217516899 0.115066774189472 0.121365569531918 0.127428486943245 0.133769348263741 0.133769348263741 0.133566737174988 0.126105383038521 0.119098983705044 0.117660462856293 0.118162594735622 0.126449286937714 0.126449286937714 0.135366126894951 0.144448176026344 0.153279677033424 0.147067189216614 0.138666108250618 0.138666108250618 0.137729719281197 0.138021543622017 0.143122732639313 0.143900871276855 0.139317438006401 0.131406828761101 0.131406828761101 0.120586648583412 0.108211770653725 0.0970971956849098 0.0944229140877724 0.0996193438768387 0.109565615653992 0.109565615653992 0.117594912648201 0.118279032409191 0.117403663694859 0.114879563450813 0.117980718612671 0.127198904752731 0.127198904752731 0.150264918804169 0.180005103349686 0.222619324922562 0.249142423272133 0.222443282604218 0.221739381551743 0.221739381551743 0.247936710715294 0.328455477952957 0.468852370977402 0.366929531097412
0.109210029244423 0.109210029244423 0.108790688216686 0.107147201895714 0.108916737139225 0.113420382142067 0.119730845093727 0.12783819437027 0.12783819437027 0.132337182760239 0.129328742623329 0.123815141618252 0.123107962310314 0.121168427169323 0.125195220112801 0.125195220112801 0.125951841473579 0.129201889038086 0.135962411761284 0.134411334991455 0.130399957299232 0.130399957299232 0.132698759436607 0.133838415145874 0.138203874230385 0.141216263175011 0.13411857187748 0.126048356294632 0.126048356294632 0.118097558617592 0.106856107711792 0.100672490894794 0.0997963473200798 0.106573358178139 0.114305049180984 0.114305049180984 0.118611492216587 0.115764372050762 0.111739248037338 0.111813329160213 0.117295183241367 0.130556523799896 0.130556523799896 0.159263461828232 0.183386296033859 0.217827305197716 0.222275614738464 0.215843319892883 0.229524001479149 0.229524001479149 0.279326319694519 0.32130765914917 0.397810786962509 0.34120386838913
0.107870608568192 0.107870608568192 0.105375185608864 0.102642461657524 0.102837972342968 0.105918817222118 0.111598633229733 0.121525965631008 0.121525965631008 0.129830837249756 0.132584616541862 0.1293685734272 0.128822073340416 0.125319078564644 0.123050563037395 0.123050563037395 0.118821948766708 0.115907646715641 0.118069894611835 0.120666287839413 0.122128158807755 0.122128158807755 0.125637039542198 0.12896828353405 0.131541907787323 0.136004105210304 0.127798154950142 0.120377294719219 0.120377294719219 0.113587073981762 0.104579024016857 0.101895585656166 0.103540845215321 0.112551905214787 0.117599733173847 0.117599733173847 0.121758982539177 0.115274079144001 0.108207799494267 0.109357170760632 0.11699240654707 0.137682184576988 0.137682184576988 0.170077010989189 0.190368339419365 0.218931719660759 0.208960860967636 0.215210676193237 0.237013936042786 0.237013936042786 0.294227510690689 0.337620139122009 0.331201016902924 0.308309584856033
0.105563335120678 0.105563335120678 0.101645149290562 0.0976777672767639 0.0958602651953697 0.0975526869297028 0.103104181587696 0.113651916384697 0.113651916384697 0.12390248477459 0.131851896643639 0.13154137134552 0.131770730018616 0.129320487380028 0.123159475624561 0.123159475624561 0.1130690574646 0.105307057499886 0.101838111877441 0.106182999908924 0.110860109329224 0.110860109329224 0.114578396081924 0.119789868593216 0.122275657951832 0.128613978624344 0.122808955609798 0.115827590227127 0.115827590227127 0.109359905123711 0.103281706571579 0.102511703968048 0.10578216612339 0.112595908343792 0.11555577814579 0.11555577814579 0.117815680801868 0.110941201448441 0.103917546570301 0.105275273323059 0.115035839378834 0.142130091786385 0.142130091786385 0.172901228070259 0.196097210049629 0.220452263951302 0.210942402482033 0.239897593855858 0.272809445858002 0.272809445858002 0.348924309015274 0.372725605964661 0.301250070333481 0.28235924243927
0.102357156574726 0.102357156574726 0.0970724895596504 0.0922307819128036 0.0892888754606247 0.0895645245909691 0.0938020497560501 0.104758158326149 0.104758158326149 0.115857563912868 0.12689508497715 0.130964264273643 0.132303535938263 0.128980234265327 0.120355218648911 0.120355218648911 0.107350960373878 0.0965855196118355 0.0929548591375351 0.0967978462576866 0.103394813835621 0.103394813835621 0.106144361197948 0.112564876675606 0.114434108138084 0.117726497352123 0.116660922765732 0.111217200756073 0.111217200756073 0.106001652777195 0.10243671387434 0.101012513041496 0.104769982397556 0.109689325094223 0.110730186104774 0.110730186104774 0.112608022987843 0.108894765377045 0.103749051690102 0.107687287032604 0.120861552655697 0.149161204695702 0.149161204695702 0.175098448991776 0.202111005783081 0.220503076910973 0.215563982725143 0.249405756592751 0.297545850276947 0.297545850276947 0.376975893974304 0.429983556270599 0.3065265417099 0.273332983255386
0.0981399491429329 0.0981399491429329 0.0927321761846542 0.0874297022819519 0.083766907453537 0.0830708518624306 0.0872706472873688 0.0975251719355583 0.0975251719355583 0.109818018972874 0.123815156519413 0.13168740272522 0.136800065636635 0.133589789271355 0.121662691235542 0.121662691235542 0.106027133762836 0.0935164839029312 0.0880819857120514 0.0898654162883759 0.0971822142601013 0.0971822142601013 0.0985383242368698 0.103377535939217 0.104849353432655 0.104868024587631 0.106238797307014 0.104399636387825 0.104399636387825 0.101761162281036 0.10036812722683 0.0990060269832611 0.101852186024189 0.103613920509815 0.102722197771072 0.102722197771072 0.103868573904037 0.102651342749596 0.101643897593021 0.106972277164459 0.126117706298828 0.151343002915382 0.151343002915382 0.176928326487541 0.20931975543499 0.226774603128433 0.236956596374512 0.27770808339119 0.328983068466187 0.328983068466187 0.361448436975479 0.473539233207703 0.342389017343521 0.288515329360962
0.0929454043507576 0.0929454043507576 0.0880215466022491 0.0828399211168289 0.0790007039904594 0.0784024223685265 0.082050621509552 0.0917129069566727 0.0917129069566727 0.105104751884937 0.117832563817501 0.12784418463707 0.135372191667557 0.1308274269104 0.118345588445663 0.118345588445663 0.102231234312057 0.0912499725818634 0.0858623087406158 0.0881531983613968 0.0935109704732895 0.0935109704732895 0.0946442261338234 0.0968288034200668 0.0983338207006454 0.0972485318779945 0.0990349054336548 0.0983480140566826 0.0983480140566826 0.0976512134075165 0.0980608761310577 0.0975076407194138 0.0987890884280205 0.099611409008503 0.098410427570343 0.098410427570343 0.0992456153035164 0.0998759865760803 0.100370220839977 0.108596839010715 0.135882347822189 0.155820220708847 0.155820220708847 0.177507922053337 0.201567605137825 0.210534736514091 0.24043120443821 0.29779925942421 0.376250207424164 0.376250207424164 0.381275862455368 0.479236662387848 0.368667423725128 0.305746763944626
0.0905156582593918 0.0905156582593918 0.0851943790912628 0.0808782801032066 0.0767602622509003 0.076129287481308 0.0796739459037781 0.0873074308037758 0.0873074308037758 0.100210718810558 0.113627180457115 0.123585760593414 0.13251419365406 0.125435903668404 0.113227792084217 0.113227792084217 0.0983206182718277 0.0898322686553001 0.0869671627879143 0.0894915089011192 0.092889279127121 0.092889279127121 0.0936776027083397 0.0924055427312851 0.0919592976570129 0.0902605652809143 0.0913228169083595 0.0919934958219528 0.0919934958219528 0.0930767357349396 0.0935034453868866 0.0940664261579514 0.0961131379008293 0.0955250486731529 0.0958285257220268 0.0958285257220268 0.0981537997722626 0.0997482761740685 0.10236831009388 0.112672418355942 0.144274190068245 0.160196915268898 0.160196915268898 0.180667549371719 0.191113665699959 0.198750272393227 0.223265498876572 0.27351775765419 0.356354027986526 0.356354027986526 0.363650143146515 0.481904447078705 0.381008297204971 0.329348236322403
