Geospatial/Brazil_cattle_production.asc
NCOLS 470 
NROWS 468 
XLLCORNER -74 
YLLCORNER -33.75 
CELLSIZE 0.0833333333333333 
NODATA_value -9999 
[rows 125 to 149 of 468, columns 165 to 219 of 470]
54.3420848846436 51.7553806304932 55.4889259338379 55.9620380401611 45.52747631073 50.5392932891846 26.7877607345581 8.90922498703003 8.85642910003662 9.78771591186523 8.83874034881592 7.96459007263184 7.37089323997498 7.29093861579895 7.98430275917053 7.69866251945496 8.03442454338074 8.49753499031067 12.2895469665527 34.0115690231323 49.8113231658936 45.8901748657227 43.823450088501 44.2634696960449 43.0024070739746 45.8597831726074 44.9970588684082 44.9921798706055 44.8979110717773 44.1220779418945 59.2509765625 146.210559844971 146.76047706604 161.176944732666 169.029918670654 171.678215026855 183.099006652832 209.702133178711 211.62654876709 145.460235595703 185.184844970703 227.45085144043 182.298965454102 219.813613891602 373.078010559082 463.370681762695 501.924728393555 542.940994262695 526.050247192383 607.634490966797 1047.28494262695 599.555603027344 476.372360229492 200.683120727539 0
54.7570152282715 55.6821041107178 48.2065696716309 60.0406188964844 46.9318885803223 45.3920602798462 41.2220287322998 9.93196201324463 8.57412815093994 8.49479031562805 8.18270301818848 7.6239492893219 6.82942867279053 7.32218885421753 7.65459704399109 7.79435753822327 7.95552921295166 8.20687389373779 37.7472305297852 47.8046913146973 50.467306137085 44.4334621429443 41.6718578338623 43.3404140472412 44.9993381500244 49.2387199401855 47.5640811920166 45.721981048584 45.0876369476318 48.2771663665771 108.249485015869 149.704286575317 150.639759063721 165.723480224609 171.356391906738 171.420974731445 191.154182434082 214.227844238281 170.410255432129 163.866889953613 183.414329528809 238.312789916992 175.737869262695 359.798957824707 406.262413024902 444.241104125977 494.678359985352 528.909164428711 598.316650390625 718.697113037109 1086.44021606445 1329.78567504883 683.648803710938 127.62296295166 0
47.632905960083 50.3893909454346 47.7219562530518 56.6724033355713 46.4122714996338 44.9240016937256 27.2769298553467 8.49253225326538 8.30868482589722 8.08079481124878 7.98620533943176 7.59130644798279 7.16964197158813 7.6058566570282 7.78575301170349 7.61579036712646 8.06362104415894 38.1706142425537 48.1109714508057 45.2143096923828 44.7959175109863 44.5606670379639 44.3280906677246 45.7803478240967 47.6296730041504 46.7323322296143 48.1279487609863 48.1068096160889 48.2607269287109 63.0904960632324 160.459545135498 158.855030059814 164.506458282471 169.231304168701 174.753452301025 179.156120300293 204.244255065918 216.230499267578 155.010787963867 153.177364349365 183.230583190918 218.493270874023 175.259788513184 280.405807495117 415.432601928711 429.10432434082 460.758056640625 489.01643371582 470.468948364258 465.362045288086 324.347686767578 322.216926574707 610.49821472168 0 0
49.8205432891846 48.2277660369873 48.6297779083252 55.8045654296875 51.0520286560059 45.9045028686523 23.276008605957 14.2738008499146 8.23610877990723 7.41285395622253 7.56079697608948 7.43187236785889 7.48989629745483 7.4403440952301 7.36051535606384 7.7390022277832 9.10610151290894 50.8156394958496 46.672155380249 42.4593725204468 43.2732410430908 44.5274238586426 42.4132566452026 43.5831890106201 49.0517292022705 49.5308723449707 46.6491928100586 50.9138774871826 48.9903354644775 111.699352264404 165.882465362549 174.43729019165 173.454898834229 176.078914642334 181.537105560303 191.379341125488 224.884429931641 221.42106628418 0 186.988906860352 215.743377685547 184.402450561523 180.144451141357 264.556373596191 417.340057373047 420.967895507812 426.859680175781 424.217651367188 430.976776123047 160.882564544678 0 0 0 0 0
51.8237972259521 48.8223991394043 48.1576671600342 47.6486492156982 55.9784736633301 46.7201271057129 49.1945819854736 43.6490125656128 24.5150604248047 7.33848071098328 7.2218120098114 7.25215721130371 7.45213603973389 7.68638491630554 7.66650772094727 7.9780285358429 15.2098836898804 52.038501739502 48.7114925384521 44.6476364135742 45.164213180542 46.1380882263184 42.4450922012329 42.6231489181519 45.9810638427734 49.838924407959 45.8217449188232 48.8351955413818 57.1634712219238 147.828510284424 158.45104598999 177.103309631348 166.201774597168 170.220733642578 189.832145690918 211.993629455566 200.825790405273 183.346824645996 220.455528259277 216.643402099609 198.460205078125 172.645896911621 178.120265960693 188.507755279541 348.684638977051 372.873596191406 281.17399597168 288.854133605957 261.428817749023 0 0 0 2.79812133312225 65.7301692962646 0
54.5827159881592 50.1823062896729 48.9128341674805 50.0174522399902 54.2255592346191 47.19313621521 51.781379699707 43.7679128646851 12.5493750572205 7.55441975593567 7.52337455749512 7.57003903388977 7.48155665397644 7.69026708602905 8.16188836097717 7.77641224861145 9.26929521560669 54.0488758087158 50.950740814209 44.9260501861572 45.0235023498535 46.4698886871338 42.7091035842896 42.7354288101196 45.8634738922119 46.9669990539551 51.0326156616211 51.46559715271 86.090648651123 115.638439178467 139.233745574951 149.259155273438 143.921783447266 160.364883422852 175.131828308105 175.651695251465 166.641792297363 201.041625976562 219.329246520996 178.134883880615 171.050449371338 167.959968566895 165.082828521729 163.091079711914 171.409282684326 210.156539916992 7.30556070804596 0 0 0 0 0 0 261.79679107666 0
59.1301517486572 52.8627090454102 50.6787815093994 50.5064144134521 54.7324657440186 47.2070350646973 48.3080654144287 34.1023302078247 8.4660210609436 7.35992932319641 7.33350729942322 7.55766344070435 7.90496587753296 7.98672747612 8.48152136802673 8.48026728630066 10.6362552642822 53.6104545593262 52.1700534820557 48.8208351135254 45.3852596282959 46.2177906036377 48.5312633514404 46.2772598266602 46.8177490234375 51.6848087310791 55.1666526794434 51.5828914642334 106.000663757324 119.017120361328 122.195407867432 128.261936187744 151.165451049805 150.762901306152 139.815116882324 188.574417114258 225.386474609375 215.047645568848 180.044662475586 174.281032562256 163.571029663086 162.622703552246 160.771827697754 162.983577728271 164.838577270508 165.514659881592 149.158683776855 101.753578186035 6.96662616729736 0 0 0 0 94.6564807891846 16.4858257770538
53.6888313293457 55.0356712341309 49.1144027709961 56.2052421569824 57.286994934082 48.068883895874 48.3945503234863 42.4353628158569 12.791214466095 7.51088285446167 7.49836039543152 7.89947009086609 7.98901653289795 7.89745879173279 8.59840297698975 9.07755613327026 9.20116281509399 52.1997718811035 49.7354469299316 47.7392044067383 47.6293201446533 48.1310195922852 45.8278312683105 45.8696537017822 49.6038055419922 48.3909511566162 51.99196434021 79.2940711975098 122.339859008789 132.129314422607 129.460201263428 157.523002624512 141.697570800781 104.643608093262 142.264514923096 206.514839172363 193.194900512695 184.902465820312 175.128112792969 167.879161834717 169.210956573486 162.238250732422 159.602222442627 161.974811553955 167.974067687988 175.551162719727 180.201854705811 140.517509460449 10.6286797523499 0 0 0 0 0 0
69.8740196228027 54.3915977478027 53.3737201690674 65.7765502929688 55.193380355835 50.5080547332764 52.4491767883301 45.0021724700928 34.1903238296509 8.57915449142456 7.26390719413757 7.15533471107483 8.24786138534546 8.30516767501831 8.73364019393921 9.41201305389404 9.73813438415527 51.1726684570312 51.9227848052979 51.6047992706299 47.821475982666 46.8867073059082 50.0086135864258 53.7029056549072 52.1342601776123 52.6207542419434 56.7846240997314 109.082920074463 122.209735870361 125.947536468506 145.717750549316 160.074089050293 111.830696105957 167.081321716309 153.631851196289 124.703659057617 136.272254943848 148.267734527588 161.099945068359 171.384864807129 167.669013977051 161.487480163574 166.661739349365 165.727443695068 172.918407440186 179.845405578613 187.621757507324 197.849426269531 124.834770202637 0 0 0 0 0 0
59.9483509063721 63.4668674468994 55.8464946746826 57.3340835571289 54.937084197998 50.0903625488281 51.5985927581787 46.9585647583008 43.0289373397827 23.9405198097229 7.29260063171387 7.3277645111084 8.06846642494202 8.31916236877441 8.69269466400146 9.90567064285278 9.73222923278809 53.7269916534424 56.5965938568115 52.9423789978027 56.0349102020264 49.6909141540527 54.6915798187256 55.2207260131836 56.0896778106689 56.4849090576172 76.6633338928223 122.072860717773 122.3916015625 132.108833312988 149.552177429199 96.1475219726562 145.713531494141 144.00904083252 120.133857727051 120.963302612305 120.886413574219 114.082759857178 111.550689697266 147.356731414795 175.31653213501 157.515411376953 148.947250366211 169.358955383301 202.378921508789 198.564193725586 197.878684997559 205.489646911621 215.423553466797 67.8525638580322 0 0 0 0 0
59.6109752655029 69.1289501190186 54.61328125 53.9270191192627 54.7220554351807 54.0206451416016 48.0709438323975 46.6769542694092 44.3836479187012 40.7286567687988 13.5700988769531 7.73214793205261 7.85323286056519 9.2298264503479 9.70492792129517 9.9189658164978 9.28982448577881 49.5547122955322 56.2027702331543 49.9240264892578 53.7248649597168 56.4733848571777 57.6044654846191 58.362735748291 59.7180480957031 58.474422454834 108.003223419189 132.928089141846 129.783195495605 151.706176757812 124.986225128174 137.949882507324 127.991363525391 151.173988342285 132.24193572998 128.055084228516 131.022396087646 123.569610595703 116.173107147217 116.678894042969 118.638584136963 108.868648529053 116.52375793457 150.088890075684 173.426204681396 182.448337554932 189.44792175293 199.00464630127 201.362899780273 51.109058380127 0 0 6.96163082122803 2.67962062358856 213.58154296875
69.5586757659912 63.366340637207 57.1835613250732 53.3562126159668 51.0093536376953 51.3659286499023 51.0483112335205 49.9262866973877 45.3336334228516 42.5771312713623 31.3920459747314 7.97859692573547 8.11424922943115 9.7272686958313 10.5183029174805 10.9005198478699 9.12896394729614 52.3584804534912 58.1548881530762 50.5178337097168 48.799825668335 54.8859157562256 58.1512928009033 60.0814094543457 61.8859977722168 74.4779167175293 120.748447418213 128.027378082275 133.073802947998 184.160873413086 139.657485961914 149.319995880127 149.266479492188 147.198310852051 173.190414428711 129.574611663818 140.21866607666 136.506469726562 124.85343170166 119.922973632812 111.363243103027 109.054874420166 152.059799194336 169.266548156738 177.073383331299 179.769886016846 182.485214233398 194.408950805664 192.32568359375 93.2412300109863 109.46496963501 99.2336006164551 235.253776550293 279.124130249023 286.923355102539
57.9826221466064 58.1716175079346 67.0958786010742 56.4006862640381 53.3040027618408 52.6015300750732 49.8165798187256 49.6498374938965 47.476037979126 44.9540319442749 42.503981590271 8.83835983276367 8.8162031173706 9.71307897567749 12.1871089935303 11.3049211502075 27.1146240234375 61.1707611083984 56.5985412597656 55.0328903198242 54.5160636901855 62.0965042114258 63.0373725891113 62.6815872192383 65.6803703308105 105.312232971191 127.840660095215 132.665790557861 219.619705200195 498.9794921875 162.858516693115 161.439163208008 151.677520751953 116.204395294189 128.474311828613 125.118579864502 131.159934997559 137.77953338623 138.868553161621 130.128692626953 116.26863861084 114.273696899414 159.641975402832 174.374046325684 186.811866760254 182.099945068359 186.910682678223 194.074485778809 204.114242553711 212.281532287598 242.495994567871 260.502914428711 228.126609802246 431.18830871582 454.218521118164
50.4745025634766 52.7047462463379 66.7164459228516 59.5746955871582 56.1239109039307 51.6752223968506 48.5937900543213 51.3729362487793 46.2587585449219 45.2749013900757 32.4292097091675 8.42220377922058 9.32624101638794 9.5051064491272 12.8722109794617 11.5019249916077 60.5473556518555 59.8940505981445 61.5640983581543 68.6305999755859 66.9678001403809 63.8411331176758 62.7073097229004 70.8864822387695 75.5542411804199 130.922508239746 159.864715576172 204.681190490723 196.34935760498 143.837917327881 186.702217102051 164.933197021484 120.53243637085 116.08129119873 119.954891204834 121.684692382812 128.988655090332 132.147148132324 150.278038024902 138.084358215332 131.811634063721 117.911880493164 168.92741394043 176.023769378662 175.833576202393 185.996429443359 196.224769592285 195.76789855957 196.988578796387 198.384895324707 210.403747558594 210.725051879883 331.342468261719 465.366073608398 634.811965942383
54.4821739196777 57.7640151977539 78.3147773742676 52.9656829833984 52.7205142974854 57.6256484985352 52.804256439209 49.9721546173096 47.105562210083 44.382999420166 40.3518915176392 9.94973564147949 8.74170589447021 23.9530744552612 78.8318862915039 124.050254821777 104.077087402344 65.5191955566406 63.747688293457 66.5326080322266 69.4492034912109 65.222526550293 64.0099792480469 89.1901550292969 181.484649658203 208.141937255859 145.810279846191 146.869331359863 141.212104797363 131.83723449707 124.257335662842 118.684749603271 113.145648956299 112.017391204834 113.234516143799 116.378509521484 120.452278137207 136.389270782471 145.626396179199 138.48600769043 128.682300567627 140.560768127441 201.159843444824 191.20832824707 183.301658630371 198.564231872559 203.673965454102 230.675483703613 243.80199432373 274.185157775879 353.203117370605 373.969779968262 319.269065856934 401.297271728516 918.130157470703
58.4780368804932 64.9958610534668 84.9618721008301 53.2435207366943 49.2970275878906 30.1378831863403 30.9313526153564 33.2752962112427 29.0118074417114 27.4379644393921 25.493953704834 13.5886135101318 88.13108253479 196.855140686035 245.231300354004 304.582321166992 267.754455566406 60.0712909698486 58.6952972412109 65.9916286468506 74.5410671234131 83.6290607452393 125.715730667114 131.132200241089 151.168510437012 150.383285522461 129.997409820557 140.806266784668 119.37878036499 118.393371582031 117.011833190918 116.959140777588 111.293037414551 113.711597442627 108.732696533203 112.400409698486 114.590793609619 126.222930908203 131.656455993652 141.848533630371 137.895866394043 170.240245819092 178.837524414062 190.041145324707 201.326240539551 212.833236694336 210.195510864258 218.803421020508 222.010177612305 243.031059265137 498.484954833984 509.453430175781 264.492088317871 638.492797851562 968.25732421875
60.2487239837646 64.572322845459 95.3507499694824 54.7534160614014 23.4968147277832 12.36439037323 10.6259083747864 10.4244680404663 9.86164283752441 10.2399287223816 62.1128845214844 176.902976989746 220.132270812988 223.782684326172 244.547828674316 243.415184020996 205.655067443848 61.8324737548828 68.4387588500977 75.6791572570801 108.744148254395 115.965888977051 69.2870330810547 129.380737304688 161.372863769531 127.218505859375 122.643478393555 116.439559936523 117.059764862061 114.392467498779 114.762783050537 110.73014831543 104.879529953003 105.135368347168 102.776321411133 110.137145996094 113.216125488281 116.519748687744 126.060035705566 132.382472991943 146.833312988281 190.029426574707 185.990196228027 203.344223022461 191.951713562012 216.331718444824 213.330909729004 250.129875183105 214.218864440918 247.092842102051 307.38565826416 415.974075317383 702.454727172852 839.422866821289 1008.14801025391
52.4898796081543 60.6161861419678 103.878597259521 52.3666000366211 11.102885723114 10.5952529907227 10.5822458267212 10.0580353736877 53.0908966064453 181.244354248047 230.656669616699 236.875579833984 227.431518554688 246.035781860352 250.351875305176 269.165283203125 207.39900970459 74.2520847320557 103.58078956604 124.991380691528 66.7010478973389 74.8739967346191 147.493541717529 146.245582580566 159.920860290527 126.358707427979 117.249027252197 110.851989746094 120.025722503662 127.308723449707 107.846866607666 111.807109832764 101.37042427063 99.6776294708252 95.0994644165039 103.009557723999 113.828853607178 122.105888366699 126.17813873291 130.191360473633 161.787078857422 204.213706970215 205.384986877441 223.667137145996 196.95858001709 204.978416442871 222.167327880859 268.371650695801 258.91968536377 276.734275817871 666.922332763672 856.257949829102 937.605316162109 942.857635498047 910.023590087891
55.9745807647705 89.325870513916 98.4251976013184 56.2594947814941 12.9743599891663 9.83722925186157 54.231258392334 174.844680786133 233.742210388184 263.194595336914 241.999114990234 235.088500976562 234.692558288574 241.923690795898 247.932067871094 341.319107055664 267.365531921387 92.320972442627 81.5867156982422 65.8028411865234 64.8045310974121 112.698280334473 156.083023071289 169.191070556641 155.692153930664 127.624198913574 132.425411224365 118.483543395996 116.134826660156 118.438262939453 104.86056137085 110.926094055176 102.752687454224 95.2556056976318 100.078071594238 110.877746582031 123.914573669434 124.326049804688 118.94408416748 128.081600189209 214.947296142578 237.505798339844 221.290672302246 234.319702148438 220.019119262695 226.813163757324 480.017463684082 304.510475158691 265.018119812012 610.861724853516 849.15592956543 845.225250244141 916.134399414062 1039.76495361328 925.778350830078
58.2092475891113 82.7417011260986 121.906572341919 78.8406429290771 75.3622016906738 194.127922058105 238.389488220215 247.362922668457 248.94019317627 254.106369018555 248.861961364746 271.847900390625 245.360153198242 353.660217285156 424.782135009766 311.794937133789 258.882659912109 153.672859191895 67.2416229248047 67.3333778381348 72.1282043457031 102.811695098877 162.63143157959 136.768390655518 136.107837677002 146.058975219727 122.557563781738 124.174945831299 147.722038269043 170.557594299316 106.459060668945 105.284965515137 100.706741333008 100.70841217041 101.732822418213 108.567066192627 119.080657958984 124.131072998047 121.850597381592 126.205249786377 250.345794677734 323.117515563965 290.527168273926 371.958213806152 450.349891662598 556.404640197754 245.049049377441 214.670791625977 233.582313537598 680.965972900391 858.006378173828 918.735626220703 883.380249023438 1162.15289306641 918.230499267578
54.411449432373 60.4671974182129 172.645050048828 416.463172912598 327.161315917969 335.312744140625 298.322448730469 245.412551879883 253.847389221191 250.513450622559 252.911155700684 271.279144287109 319.571670532227 305.990264892578 272.22492980957 237.696235656738 258.765907287598 247.777687072754 88.9355201721191 55.8593902587891 83.3936100006104 71.9553337097168 152.702087402344 144.552314758301 121.97533416748 116.047161102295 119.309421539307 128.958702087402 193.012878417969 223.495239257812 132.761878967285 106.185871124268 99.4348812103271 100.718523025513 99.8048439025879 104.782657623291 112.203010559082 114.384902954102 127.157302856445 136.276874542236 193.211555480957 323.968772888184 401.858222961426 484.98413848877 373.455467224121 262.542106628418 214.364891052246 232.348594665527 197.069946289062 784.681976318359 927.144683837891 1001.39370727539 1004.05520629883 1063.63754272461 1025.61566162109
101.275535583496 220.06371307373 534.12629699707 689.755355834961 824.081283569336 456.648971557617 238.512329101562 251.007125854492 274.597702026367 381.355392456055 360.065490722656 292.310974121094 236.199729919434 244.717933654785 236.65210723877 246.532318115234 246.164207458496 196.354354858398 78.4060325622559 0 14.6777143478394 53.76171875 91.1025238037109 141.181869506836 139.962677001953 119.025207519531 115.248416900635 135.927299499512 186.547645568848 169.774314880371 188.714256286621 150.709617614746 98.9537391662598 97.5599231719971 101.958620071411 107.359455108643 113.692276000977 110.187545776367 114.196941375732 146.351402282715 198.182151794434 209.027183532715 210.96174621582 225.933403015137 231.501274108887 411.996879577637 216.76602935791 219.978240966797 483.299255371094 951.500610351562 971.373901367188 1034.43902587891 1075.49203491211 976.159698486328 1039.39462280273
245.489356994629 306.914398193359 507.851547241211 729.807113647461 872.683090209961 500.422988891602 474.504196166992 385.431930541992 490.15299987793 394.273696899414 252.652526855469 252.426124572754 228.798515319824 234.22541809082 232.016250610352 195.12060546875 59.506217956543 0 0 0 0 4.86084198951721 17.4348258972168 73.3587074279785 140.591690063477 127.376873016357 110.801330566406 113.145687103271 150.411582946777 130.582111358643 206.530838012695 176.323020935059 124.865406036377 96.1065788269043 96.3145065307617 102.60013961792 113.612739562988 112.757400512695 110.7463722229 182.939170837402 273.954895019531 209.285301208496 206.944923400879 228.825164794922 314.728500366211 254.557281494141 213.020462036133 193.676048278809 680.477508544922 967.261962890625 1007.24404907227 1042.14050292969 1010.21789550781 1085.30310058594 1035.87643432617
247.891052246094 328.149230957031 516.788589477539 1190.44862365723 1534.41236877441 1201.5147857666 856.007827758789 656.230850219727 641.736831665039 336.046081542969 319.704254150391 271.736938476562 219.111801147461 226.231483459473 236.991394042969 168.179000854492 0 0 0 0 0 0 0 1.00175279378891 79.3814735412598 137.087585449219 115.419746398926 109.667751312256 120.026866912842 163.544303894043 169.981033325195 201.965431213379 203.130897521973 111.022888183594 97.624870300293 113.068561553955 118.469783782959 109.48010635376 123.708568572998 176.671203613281 209.182472229004 208.331146240234 195.750701904297 224.55810546875 204.279350280762 194.756385803223 187.426727294922 192.196479797363 599.440658569336 941.182312011719 965.269317626953 984.627899169922 932.924011230469 1253.48779296875 1621.36364746094
274.129287719727 336.077590942383 627.656005859375 1306.59323120117 1891.8835144043 865.538055419922 483.060668945312 437.358947753906 690.278045654297 441.327819824219 290.984329223633 242.452018737793 219.298561096191 228.892356872559 225.513458251953 116.233158111572 0 0 0 0 0 0 0 0 6.51868438720703 130.145111083984 141.15990447998 107.630672454834 115.872898101807 132.738288879395 206.278953552246 176.430107116699 222.68465423584 152.558799743652 107.701007843018 108.305641174316 115.677223205566 259.265823364258 199.619667053223 161.272621154785 187.21605682373 150.715007781982 187.420188903809 191.249290466309 186.984497070312 176.770896911621 175.40115737915 193.615119934082 823.409637451172 984.244537353516 992.240112304688 1003.96276855469 1021.57675170898 931.459106445312 983.920227050781
