Geospatial/Brazil_population_crop_mask.asc
NCOLS 392 
NROWS 390 
XLLCORNER -74 
YLLCORNER -33.7 
CELLSIZE 0.1 
NODATA_value -9999 
[rows 246 to 286 of 390, columns 276 to 367 of 392]
61 61 77 110 20 20 20 66 61 69 64 71 69 69 78 78 88 88 91 106 109 107 137 78 75 73 61 61 69 50 50 80 84 85 45 50 141 104 120 113 93 109 120 109 64 58 66 69 69 80 64 106 69 54 69 78 135 83 89 61 81 84 123 123 114 45 45 -9999 -9999 -9999 -9999 -9999 -9999 -9999 -9999 -9999 -9999 -9999 -9999 -9999 -9999 -9999 -9999 -9999 -9999 -9999 -9999 -9999 -9999 -9999 -9999 -9999
71 39 64 73 121 39 45 69 69 69 73 58 58 50 81 78 88 89 83 121 170 170 156 120 104 61 66 71 71 54 58 106 93 85 50 69 155 184 197 125 116 102 113 111 69 58 69 64 61 73 64 85 97 61 58 85 135 132 111 78 61 61 112 85 113 45 45 -9999 -9999 -9999 -9999 -9999 -9999 -9999 -9999 -9999 -9999 -9999 -9999 -9999 -9999 -9999 -9999 -9999 -9999 -9999 -9999 -9999 -9999 -9999 -9999 -9999
20 64 31 64 61 50 50 69 69 69 50 102 103 54 102 102 88 83 75 83 84 164 125 142 122 112 66 66 96 69 71 136 136 110 58 69 73 172 168 69 85 89 113 116 102 69 69 95 58 50 58 58 95 110 115 106 125 135 135 50 58 58 104 75 71 61 -9999 -9999 -9999 -9999 -9999 -9999 -9999 -9999 -9999 -9999 -9999 -9999 -9999 -9999 -9999 -9999 -9999 -9999 -9999 -9999 -9999 -9999 -9999 -9999 -9999 -9999
31 97 85 61 50 31 20 58 71 99 50 103 103 61 102 102 66 81 78 111 71 71 154 158 151 153 64 64 95 66 66 136 136 116 69 69 77 71 54 66 97 110 119 113 97 61 98 95 58 50 64 64 54 83 104 80 80 100 127 64 66 90 75 66 45 45 -9999 -9999 -9999 -9999 -9999 -9999 -9999 -9999 -9999 -9999 -9999 -9999 -9999 -9999 -9999 -9999 -9999 -9999 -9999 -9999 -9999 -9999 -9999 -9999 -9999 -9999
39 83 97 45 45 78 78 78 78 100 103 103 100 66 81 84 69 150 80 99 117 117 190 200 228 160 102 83 61 85 85 134 126 107 107 69 69 61 54 95 94 92 169 114 84 61 98 78 66 92 78 64 75 77 99 99 78 110 61 128 132 124 125 96 -9999 -9999 -9999 -9999 -9999 -9999 -9999 -9999 -9999 -9999 -9999 -9999 -9999 -9999 -9999 -9999 -9999 -9999 -9999 -9999 -9999 -9999 -9999 -9999 -9999 -9999 -9999 -9999
39 31 31 45 45 45 78 78 81 97 100 92 90 141 111 87 106 150 148 94 117 174 205 211 237 211 119 128 58 75 85 129 181 118 98 85 95 95 94 73 98 98 125 111 73 69 98 78 78 92 77 64 84 87 97 100 94 108 87 58 114 125 116 -9999 -9999 -9999 -9999 -9999 -9999 -9999 -9999 -9999 -9999 -9999 -9999 -9999 -9999 -9999 -9999 -9999 -9999 -9999 -9999 -9999 -9999 -9999 -9999 -9999 -9999 -9999 -9999 -9999
31 31 45 50 75 75 31 31 120 106 88 90 89 89 159 96 94 123 150 129 148 193 196 228 253 174 147 156 129 138 127 89 108 93 85 66 95 93 84 64 84 97 117 111 73 75 75 75 92 81 69 61 61 87 99 101 92 98 97 109 113 107 107 -9999 -9999 -9999 -9999 -9999 -9999 -9999 -9999 -9999 -9999 -9999 -9999 -9999 -9999 -9999 -9999 -9999 -9999 -9999 -9999 -9999 -9999 -9999 -9999 -9999 -9999 -9999 -9999 -9999
31 31 31 75 75 75 75 69 129 104 87 87 87 90 152 119 107 141 141 101 153 163 162 194 141 141 90 1 1 80 80 80 104 104 87 75 71 75 84 110 89 102 107 106 92 78 95 93 102 75 80 112 117 116 97 98 110 110 85 66 175 168 -9999 -9999 -9999 -9999 -9999 -9999 -9999 -9999 -9999 -9999 -9999 -9999 -9999 -9999 -9999 -9999 -9999 -9999 -9999 -9999 -9999 -9999 -9999 -9999 -9999 -9999 -9999 -9999 -9999 -9999
39 50 75 75 75 66 75 107 88 80 87 87 85 83 164 167 103 130 141 106 97 112 117 90 141 121 83 20 1 61 71 75 92 104 88 78 69 90 84 109 78 107 106 112 93 91 108 110 106 94 97 96 101 98 93 93 107 85 84 66 89 192 -9999 -9999 -9999 -9999 -9999 -9999 -9999 -9999 -9999 -9999 -9999 -9999 -9999 -9999 -9999 -9999 -9999 -9999 -9999 -9999 -9999 -9999 -9999 -9999 -9999 -9999 -9999 -9999 -9999 -9999
39 39 71 75 61 54 75 115 116 114 81 64 64 64 64 166 100 104 97 92 80 91 77 83 137 139 94 78 39 50 1 73 83 83 81 81 109 112 103 90 114 111 133 139 104 112 89 123 121 111 97 90 92 83 92 92 96 102 160 177 197 -9999 -9999 -9999 -9999 -9999 -9999 -9999 -9999 -9999 -9999 -9999 -9999 -9999 -9999 -9999 -9999 -9999 -9999 -9999 -9999 -9999 -9999 -9999 -9999 -9999 -9999 -9999 -9999 -9999 -9999 -9999
39 73 87 90 92 89 66 84 116 125 130 64 66 75 64 110 73 87 91 89 89 88 77 84 83 58 97 133 119 160 66 77 94 87 98 140 115 92 95 98 103 113 116 137 131 118 91 113 133 93 95 97 126 81 81 92 108 99 155 177 231 -9999 -9999 -9999 -9999 -9999 -9999 -9999 -9999 -9999 -9999 -9999 -9999 -9999 -9999 -9999 -9999 -9999 -9999 -9999 -9999 -9999 -9999 -9999 -9999 -9999 -9999 -9999 -9999 -9999 -9999 -9999
45 92 97 97 97 96 84 83 107 130 130 90 89 85 64 110 109 85 91 90 89 77 78 85 106 132 45 104 135 154 69 95 78 97 140 140 88 93 75 101 102 113 116 106 113 107 84 95 88 93 85 99 120 118 71 87 116 119 75 156 156 -9999 -9999 -9999 -9999 -9999 -9999 -9999 -9999 -9999 -9999 -9999 -9999 -9999 -9999 -9999 -9999 -9999 -9999 -9999 -9999 -9999 -9999 -9999 -9999 -9999 -9999 -9999 -9999 -9999 -9999 -9999
66 75 87 80 69 54 39 39 116 130 66 90 84 73 92 92 102 99 87 85 87 61 66 75 80 112 123 132 89 89 80 85 90 92 92 101 87 87 75 96 99 109 114 117 112 95 93 100 64 97 81 116 109 96 61 77 97 80 141 152 -9999 -9999 -9999 -9999 -9999 -9999 -9999 -9999 -9999 -9999 -9999 -9999 -9999 -9999 -9999 -9999 -9999 -9999 -9999 -9999 -9999 -9999 -9999 -9999 -9999 -9999 -9999 -9999 -9999 -9999 -9999 -9999
69 75 75 75 45 31 39 39 54 58 50 77 73 75 96 107 110 99 81 81 91 85 92 95 122 160 160 92 83 78 75 96 96 96 109 117 88 89 84 81 97 111 114 136 118 118 87 92 116 85 93 107 94 109 101 71 96 125 152 -9999 -9999 -9999 -9999 -9999 -9999 -9999 -9999 -9999 -9999 -9999 -9999 -9999 -9999 -9999 -9999 -9999 -9999 -9999 -9999 -9999 -9999 -9999 -9999 -9999 -9999 -9999 -9999 -9999 -9999 -9999 -9999 -9999
101 83 81 78 78 78 77 75 75 81 83 83 83 83 83 110 110 81 66 69 50 83 90 75 71 66 78 80 88 93 97 85 85 88 155 156 107 104 102 92 87 95 88 87 93 96 125 122 111 94 111 87 163 126 98 118 127 127 -9999 -9999 -9999 -9999 -9999 -9999 -9999 -9999 -9999 -9999 -9999 -9999 -9999 -9999 -9999 -9999 -9999 -9999 -9999 -9999 -9999 -9999 -9999 -9999 -9999 -9999 -9999 -9999 -9999 -9999 -9999 -9999 -9999 -9999
101 88 87 84 78 83 80 80 75 75 129 128 128 107 97 99 109 84 78 50 83 83 89 89 73 80 90 84 85 92 98 83 94 98 97 116 113 107 107 94 94 105 92 106 95 96 119 119 94 115 113 171 175 175 116 116 255 -9999 -9999 -9999 -9999 -9999 -9999 -9999 -9999 -9999 -9999 -9999 -9999 -9999 -9999 -9999 -9999 -9999 -9999 -9999 -9999 -9999 -9999 -9999 -9999 -9999 -9999 -9999 -9999 -9999 -9999 -9999 -9999 -9999 -9999 -9999
99 88 88 61 58 94 94 105 94 75 122 132 115 103 97 97 92 80 78 71 71 83 87 89 100 113 98 104 103 100 100 83 100 100 112 108 100 93 100 87 92 81 101 118 97 103 101 87 100 104 104 102 122 110 100 113 -9999 -9999 -9999 -9999 -9999 -9999 -9999 -9999 -9999 -9999 -9999 -9999 -9999 -9999 -9999 -9999 -9999 -9999 -9999 -9999 -9999 -9999 -9999 -9999 -9999 -9999 -9999 -9999 -9999 -9999 -9999 -9999 -9999 -9999 -9999 -9999
94 90 89 88 91 104 105 105 105 104 81 92 111 117 85 87 92 91 83 73 69 122 92 93 106 73 84 97 104 89 89 80 81 71 164 141 88 97 83 102 162 100 89 105 104 73 95 114 93 107 115 66 81 77 135 149 -9999 -9999 -9999 -9999 -9999 -9999 -9999 -9999 -9999 -9999 -9999 -9999 -9999 -9999 -9999 -9999 -9999 -9999 -9999 -9999 -9999 -9999 -9999 -9999 -9999 -9999 -9999 -9999 -9999 -9999 -9999 -9999 -9999 -9999 -9999 -9999
104 90 90 88 102 103 101 103 104 100 84 102 122 125 104 83 83 85 78 73 73 164 138 94 162 164 106 92 84 87 91 71 104 124 164 140 104 107 96 122 162 105 97 96 121 143 137 131 112 78 110 64 77 77 147 -9999 -9999 -9999 -9999 -9999 -9999 -9999 -9999 -9999 -9999 -9999 -9999 -9999 -9999 -9999 -9999 -9999 -9999 -9999 -9999 -9999 -9999 -9999 -9999 -9999 -9999 -9999 -9999 -9999 -9999 -9999 -9999 -9999 -9999 -9999 -9999 -9999
77 103 103 102 126 106 100 100 105 104 107 107 134 138 138 89 64 81 85 58 39 20 69 20 50 73 100 100 107 92 90 116 116 122 117 115 73 88 81 77 81 97 96 83 143 143 71 80 75 80 78 85 85 107 -9999 -9999 -9999 -9999 -9999 -9999 -9999 -9999 -9999 -9999 -9999 -9999 -9999 -9999 -9999 -9999 -9999 -9999 -9999 -9999 -9999 -9999 -9999 -9999 -9999 -9999 -9999 -9999 -9999 -9999 -9999 -9999 -9999 -9999 -9999 -9999 -9999 -9999
100 101 105 105 127 127 89 78 122 126 126 105 113 137 110 92 64 64 39 31 31 31 20 20 50 80 78 95 117 80 80 84 96 96 111 122 157 146 75 96 90 120 104 117 90 83 78 94 88 81 87 85 85 111 -9999 -9999 -9999 -9999 -9999 -9999 -9999 -9999 -9999 -9999 -9999 -9999 -9999 -9999 -9999 -9999 -9999 -9999 -9999 -9999 -9999 -9999 -9999 -9999 -9999 -9999 -9999 -9999 -9999 -9999 -9999 -9999 -9999 -9999 -9999 -9999 -9999 -9999
87 94 126 127 127 126 105 85 119 126 125 87 87 87 58 58 58 54 39 64 64 71 71 75 73 75 78 73 141 96 69 102 103 97 85 96 131 149 117 88 71 130 125 100 81 78 96 103 98 75 89 85 106 114 -9999 -9999 -9999 -9999 -9999 -9999 -9999 -9999 -9999 -9999 -9999 -9999 -9999 -9999 -9999 -9999 -9999 -9999 -9999 -9999 -9999 -9999 -9999 -9999 -9999 -9999 -9999 -9999 -9999 -9999 -9999 -9999 -9999 -9999 -9999 -9999 -9999 -9999
103 91 99 99 121 121 111 106 114 157 157 116 122 107 66 66 39 39 39 77 64 64 77 64 64 69 75 69 107 180 115 84 85 143 87 66 97 141 90 75 71 102 136 85 100 89 92 97 94 80 114 109 106 255 -9999 -9999 -9999 -9999 -9999 -9999 -9999 -9999 -9999 -9999 -9999 -9999 -9999 -9999 -9999 -9999 -9999 -9999 -9999 -9999 -9999 -9999 -9999 -9999 -9999 -9999 -9999 -9999 -9999 -9999 -9999 -9999 -9999 -9999 -9999 -9999 -9999 -9999
107 100 100 118 118 118 100 106 106 154 131 122 122 121 75 92 92 73 77 77 69 66 64 64 58 66 73 54 178 180 172 73 58 89 73 81 77 58 58 75 123 90 127 135 95 88 102 109 87 194 116 115 106 140 -9999 -9999 -9999 -9999 -9999 -9999 -9999 -9999 -9999 -9999 -9999 -9999 -9999 -9999 -9999 -9999 -9999 -9999 -9999 -9999 -9999 -9999 -9999 -9999 -9999 -9999 -9999 -9999 -9999 -9999 -9999 -9999 -9999 -9999 -9999 -9999 -9999 -9999
99 100 99 97 98 103 77 81 95 101 109 119 122 116 78 92 84 71 69 66 66 66 66 50 45 73 80 73 54 177 180 110 116 116 78 78 71 101 93 80 58 69 90 85 83 109 81 39 45 58 45 101 103 93 -9999 -9999 -9999 -9999 -9999 -9999 -9999 -9999 -9999 -9999 -9999 -9999 -9999 -9999 -9999 -9999 -9999 -9999 -9999 -9999 -9999 -9999 -9999 -9999 -9999 -9999 -9999 -9999 -9999 -9999 -9999 -9999 -9999 -9999 -9999 -9999 -9999 -9999
80 66 91 97 95 83 99 105 112 104 107 109 116 100 85 91 64 61 61 66 69 85 85 50 66 97 85 58 45 50 121 96 97 104 105 124 125 123 94 71 66 78 78 95 78 73 39 69 75 83 78 118 113 88 -9999 -9999 -9999 -9999 -9999 -9999 -9999 -9999 -9999 -9999 -9999 -9999 -9999 -9999 -9999 -9999 -9999 -9999 -9999 -9999 -9999 -9999 -9999 -9999 -9999 -9999 -9999 -9999 -9999 -9999 -9999 -9999 -9999 -9999 -9999 -9999 -9999 -9999
83 78 81 88 87 84 107 111 111 104 113 99 101 101 143 87 64 61 69 75 71 92 85 50 69 94 45 45 45 64 77 91 80 50 81 122 104 114 112 102 112 87 75 89 81 39 45 45 83 78 78 83 100 109 -9999 -9999 -9999 -9999 -9999 -9999 -9999 -9999 -9999 -9999 -9999 -9999 -9999 -9999 -9999 -9999 -9999 -9999 -9999 -9999 -9999 -9999 -9999 -9999 -9999 -9999 -9999 -9999 -9999 -9999 -9999 -9999 -9999 -9999 -9999 -9999 -9999 -9999
97 84 95 100 75 80 83 96 100 120 109 102 102 114 139 87 87 61 66 64 71 77 73 20 75 75 66 66 50 91 116 144 158 69 112 100 91 99 95 88 141 73 81 92 103 99 45 78 87 88 88 90 90 -9999 -9999 -9999 -9999 -9999 -9999 -9999 -9999 -9999 -9999 -9999 -9999 -9999 -9999 -9999 -9999 -9999 -9999 -9999 -9999 -9999 -9999 -9999 -9999 -9999 -9999 -9999 -9999 -9999 -9999 -9999 -9999 -9999 -9999 -9999 -9999 -9999 -9999 -9999
98 91 90 106 154 151 91 100 88 91 96 99 102 148 89 88 85 75 64 66 66 58 80 78 75 69 50 97 92 50 118 165 143 83 123 100 99 99 103 138 131 61 83 54 115 119 50 101 93 88 88 -9999 -9999 -9999 -9999 -9999 -9999 -9999 -9999 -9999 -9999 -9999 -9999 -9999 -9999 -9999 -9999 -9999 -9999 -9999 -9999 -9999 -9999 -9999 -9999 -9999 -9999 -9999 -9999 -9999 -9999 -9999 -9999 -9999 -9999 -9999 -9999 -9999 -9999 -9999 -9999 -9999
113 115 123 133 153 148 125 121 122 111 116 92 90 90 122 94 94 94 54 61 61 45 54 54 75 81 141 141 81 84 100 78 125 129 100 104 109 103 176 117 97 73 61 73 69 152 166 101 -9999 -9999 -9999 -9999 -9999 -9999 -9999 -9999 -9999 -9999 -9999 -9999 -9999 -9999 -9999 -9999 -9999 -9999 -9999 -9999 -9999 -9999 -9999 -9999 -9999 -9999 -9999 -9999 -9999 -9999 -9999 -9999 -9999 -9999 -9999 -9999 -9999 -9999 -9999 -9999 -9999 -9999 -9999 -9999
112 101 97 91 154 128 105 99 116 133 105 88 90 97 106 113 93 111 122 113 71 69 61 114 104 133 124 130 78 119 115 114 124 138 166 114 101 103 171 85 81 96 54 54 69 162 255 -9999 -9999 -9999 -9999 -9999 -9999 -9999 -9999 -9999 -9999 -9999 -9999 -9999 -9999 -9999 -9999 -9999 -9999 -9999 -9999 -9999 -9999 -9999 -9999 -9999 -9999 -9999 -9999 -9999 -9999 -9999 -9999 -9999 -9999 -9999 -9999 -9999 -9999 -9999 -9999 -9999 -9999 -9999 -9999 -9999
94 107 107 103 100 94 109 110 117 166 132 89 93 89 115 90 93 113 135 146 152 143 184 194 95 153 130 130 78 131 121 163 162 157 172 131 99 126 111 58 54 117 78 93 146 146 -9999 -9999 -9999 -9999 -9999 -9999 -9999 -9999 -9999 -9999 -9999 -9999 -9999 -9999 -9999 -9999 -9999 -9999 -9999 -9999 -9999 -9999 -9999 -9999 -9999 -9999 -9999 -9999 -9999 -9999 -9999 -9999 -9999 -9999 -9999 -9999 -9999 -9999 -9999 -9999 -9999 -9999 -9999 -9999 -9999 -9999
94 97 119 128 90 116 116 94 88 75 87 103 123 152 146 107 89 130 144 144 141 179 179 191 123 108 149 141 165 206 148 203 189 151 132 87 117 117 39 106 88 58 122 111 255 -9999 -9999 -9999 -9999 -9999 -9999 -9999 -9999 -9999 -9999 -9999 -9999 -9999 -9999 -9999 -9999 -9999 -9999 -9999 -9999 -9999 -9999 -9999 -9999 -9999 -9999 -9999 -9999 -9999 -9999 -9999 -9999 -9999 -9999 -9999 -9999 -9999 -9999 -9999 -9999 -9999 -9999 -9999 -9999 -9999 -9999 -9999
100 101 113 126 88 87 90 94 117 141 133 132 139 127 146 71 69 54 54 77 77 77 80 114 108 110 151 186 198 206 148 210 177 183 132 113 117 129 136 107 107 109 122 124 -9999 -9999 -9999 -9999 -9999 -9999 -9999 -9999 -9999 -9999 -9999 -9999 -9999 -9999 -9999 -9999 -9999 -9999 -9999 -9999 -9999 -9999 -9999 -9999 -9999 -9999 -9999 -9999 -9999 -9999 -9999 -9999 -9999 -9999 -9999 -9999 -9999 -9999 -9999 -9999 -9999 -9999 -9999 -9999 -9999 -9999 -9999 -9999
107 107 105 105 84 84 91 138 142 144 139 137 141 142 126 71 69 58 54 77 77 95 96 89 54 69 153 180 206 207 254 255 -9999 234 202 181 146 136 112 109 107 138 153 153 -9999 -9999 -9999 -9999 -9999 -9999 -9999 -9999 -9999 -9999 -9999 -9999 -9999 -9999 -9999 -9999 -9999 -9999 -9999 -9999 -9999 -9999 -9999 -9999 -9999 -9999 -9999 -9999 -9999 -9999 -9999 -9999 -9999 -9999 -9999 -9999 -9999 -9999 -9999 -9999 -9999 -9999 -9999 -9999 -9999 -9999 -9999 -9999
124 124 103 104 69 75 109 132 144 144 144 156 137 145 143 71 66 54 54 104 126 100 93 39 106 167 173 217 234 235 235 235 -9999 235 209 137 145 130 136 148 173 169 153 168 -9999 -9999 -9999 -9999 -9999 -9999 -9999 -9999 -9999 -9999 -9999 -9999 -9999 -9999 -9999 -9999 -9999 -9999 -9999 -9999 -9999 -9999 -9999 -9999 -9999 -9999 -9999 -9999 -9999 -9999 -9999 -9999 -9999 -9999 -9999 -9999 -9999 -9999 -9999 -9999 -9999 -9999 -9999 -9999 -9999 -9999 -9999 -9999
97 95 95 91 64 66 71 146 146 144 143 156 137 129 71 66 69 75 126 139 139 139 118 -9999 -9999 -9999 235 235 235 235 235 235 -9999 -9999 163 165 125 -9999 -9999 -9999 -9999 -9999 -9999 -9999 -9999 -9999 -9999 -9999 -9999 -9999 -9999 -9999 -9999 -9999 -9999 -9999 -9999 -9999 -9999 -9999 -9999 -9999 -9999 -9999 -9999 -9999 -9999 -9999 -9999 -9999 -9999 -9999 -9999 -9999 -9999 -9999 -9999 -9999 -9999 -9999 -9999 -9999 -9999 -9999 -9999 -9999 -9999 -9999 -9999 -9999 -9999 -9999
115 114 99 181 181 180 148 149 167 160 169 81 81 78 78 78 111 255 -9999 -9999 -9999 -9999 -9999 -9999 -9999 255 255 255 -9999 -9999 -9999 -9999 -9999 -9999 -9999 -9999 -9999 -9999 -9999 -9999 -9999 -9999 -9999 -9999 -9999 -9999 -9999 -9999 -9999 -9999 -9999 -9999 -9999 -9999 -9999 -9999 -9999 -9999 -9999 -9999 -9999 -9999 -9999 -9999 -9999 -9999 -9999 -9999 -9999 -9999 -9999 -9999 -9999 -9999 -9999 -9999 -9999 -9999 -9999 -9999 -9999 -9999 -9999 -9999 -9999 -9999 -9999 -9999 -9999 -9999 -9999 -9999
107 99 96 181 181 181 148 148 167 169 133 84 81 78 78 78 111 -9999 -9999 -9999 -9999 94 92 -9999 -9999 -9999 -9999 -9999 -9999 -9999 -9999 -9999 -9999 -9999 -9999 -9999 -9999 -9999 -9999 -9999 -9999 -9999 -9999 -9999 -9999 -9999 -9999 -9999 -9999 -9999 -9999 -9999 -9999 -9999 -9999 -9999 -9999 -9999 -9999 -9999 -9999 -9999 -9999 -9999 -9999 -9999 -9999 -9999 -9999 -9999 -9999 -9999 -9999 -9999 -9999 -9999 -9999 -9999 -9999 -9999 -9999 -9999 -9999 -9999 -9999 -9999 -9999 -9999 -9999 -9999 -9999 -9999
176 134 154 170 175 181 93 84 69 69 87 64 45 78 84 71 98 85 -9999 -9999 -9999 -9999 -9999 -9999 -9999 -9999 -9999 -9999 -9999 -9999 -9999 -9999 -9999 -9999 -9999 -9999 -9999 -9999 -9999 -9999 -9999 -9999 -9999 -9999 -9999 -9999 -9999 -9999 -9999 -9999 -9999 -9999 -9999 -9999 -9999 -9999 -9999 -9999 -9999 -9999 -9999 -9999 -9999 -9999 -9999 -9999 -9999 -9999 -9999 -9999 -9999 -9999 -9999 -9999 -9999 -9999 -9999 -9999 -9999 -9999 -9999 -9999 -9999 -9999 -9999 -9999 -9999 -9999 -9999 -9999 -9999 -9999
209 134 144 131 169 158 85 85 71 61 61 50 91 136 121 61 -9999 -9999 -9999 -9999 -9999 -9999 -9999 -9999 -9999 -9999 -9999 -9999 -9999 -9999 -9999 -9999 -9999 -9999 -9999 -9999 -9999 -9999 -9999 -9999 -9999 -9999 -9999 -9999 -9999 -9999 -9999 -9999 -9999 -9999 -9999 -9999 -9999 -9999 -9999 -9999 -9999 -9999 -9999 -9999 -9999 -9999 -9999 -9999 -9999 -9999 -9999 -9999 -9999 -9999 -9999 -9999 -9999 -9999 -9999 -9999 -9999 -9999 -9999 -9999 -9999 -9999 -9999 -9999 -9999 -9999 -9999 -9999 -9999 -9999 -9999 -9999
