Geospatial/Brazil_maize_harvested_area.asc
NCOLS 470 
NROWS 468 
XLLCORNER -74.0004239999869 
YLLCORNER -33.7495049999942 
CELLSIZE 0.0833330000000103 
NODATA_value -9999 
[rows 275 to 299 of 468, columns 224 to 279 of 470]
0 0 10.736273765564 10.7732009887695 21.3828601837158 39.3690643310547 55.8468971252441 78.4039077758789 68.9289703369141 80.1978302001953 58.4129447937012 54.7700462341309 53.039623260498 29.3318271636963 16.1626358032227 62.1171112060547 71.6485748291016 42.1282691955566 20.3528079986572 25.0315017700195 44.0738563537598 41.3220405578613 42.8623237609863 117.111953735352 99.4590606689453 64.6561832427979 160.41813659668 143.642517089844 163.568344116211 143.623626708984 183.703735351562 207.539260864258 195.628890991211 162.362396240234 159.493377685547 125.154121398926 121.851585388184 487.662322998047 383.180877685547 292.780731201172 310.036499023438 309.967895507812 283.878265380859 424.107788085938 371.457855224609 127.648338317871 129.641296386719 150.804397583008 149.714996337891 175.696441650391 85.3237380981445 132.000839233398 150.513702392578 140.987548828125 150.153915405273 55.0514678955078
0 0 4.20374059677124 4.07122707366943 19.2404232025146 37.5943641662598 81.2385025024414 69.9184722900391 57.4024276733398 50.2366752624512 36.1628684997559 39.7588043212891 38.6691932678223 65.4705581665039 85.2116546630859 70.3616638183594 88.7257308959961 30.5974426269531 19.7285003662109 29.9722881317139 41.2296028137207 59.751106262207 176.377868652344 148.008712768555 133.055053710938 96.4128799438477 150.186065673828 101.742263793945 218.491394042969 206.976974487305 168.535110473633 199.569686889648 150.102355957031 116.817665100098 117.613357543945 119.099418640137 139.223907470703 490.283081054688 462.692047119141 439.837066650391 405.475402832031 219.518371582031 214.193008422852 447.119873046875 346.869262695312 462.748809814453 121.608772277832 121.735069274902 137.628753662109 142.008819580078 154.133483886719 146.972091674805 94.1473236083984 128.4765625 154.943252563477 51.928638458252
0 0 15.0168886184692 22.4028816223145 24.1552696228027 42.1794929504395 78.2833786010742 38.5031814575195 57.2554168701172 63.5338706970215 61.1474533081055 66.531608581543 42.580753326416 78.1973724365234 83.2896423339844 75.929328918457 55.7708206176758 63.7945442199707 68.2702484130859 27.511625289917 13.6785259246826 44.7350196838379 122.634376525879 156.159317016602 154.113754272461 138.376663208008 164.548721313477 259.44873046875 148.439514160156 155.473510742188 139.615737915039 167.870849609375 155.399703979492 144.553009033203 107.766731262207 86.2065887451172 155.320053100586 244.818695068359 538.534362792969 496.978546142578 452.716217041016 446.990051269531 271.240081787109 209.649444580078 369.094451904297 347.455596923828 386.382080078125 91.9395751953125 109.327262878418 105.24764251709 137.666442871094 111.848899841309 129.678527832031 134.929275512695 157.674758911133 127.612564086914
0 6.36351919174194 22.4810009002686 45.5130653381348 39.761589050293 36.3347244262695 36.3743515014648 51.3865356445312 75.4462890625 77.0955810546875 75.5745468139648 81.1684875488281 91.7036972045898 74.6362152099609 78.1104431152344 58.9160995483398 72.5003662109375 118.25675201416 42.5283622741699 63.4300346374512 24.7831478118896 31.0263710021973 14.4405765533447 67.2257461547852 111.385589599609 113.394470214844 120.272026062012 190.5947265625 8.05864715576172 14.0560808181763 140.557922363281 187.019760131836 111.431663513184 117.544334411621 156.417861938477 164.478530883789 167.603759765625 215.775146484375 542.871154785156 519.427612304688 443.944732666016 371.883361816406 323.259490966797 179.493774414062 329.068939208984 383.677947998047 324.371154785156 262.491027832031 322.888610839844 98.943733215332 117.768432617188 139.944046020508 126.305313110352 122.361473083496 144.835510253906 140.863922119141
0 0 10.7892971038818 11.5804347991943 21.4326038360596 38.0053291320801 34.1912612915039 58.8111305236816 70.9651947021484 84.6592254638672 68.8643188476562 85.9675827026367 86.1397933959961 71.8829116821289 67.6938400268555 83.1952667236328 98.5428237915039 101.576332092285 114.220207214355 109.354598999023 72.7409515380859 79.6067886352539 63.9860916137695 21.0216445922852 88.2858200073242 206.21711730957 166.147766113281 129.715316772461 7.25998640060425 2.89938473701477 133.658248901367 232.047027587891 148.91682434082 92.2819061279297 147.630249023438 120.615196228027 95.712287902832 127.757965087891 439.302825927734 504.077484130859 504.10205078125 406.195129394531 367.869842529297 312.551177978516 273.581787109375 386.190979003906 283.984130859375 344.315582275391 424.779998779297 357.196228027344 129.758651733398 147.005004882812 128.781463623047 132.532409667969 152.261413574219 143.009506225586
0 2.01738166809082 5.41168975830078 7.91001224517822 3.63099598884583 20.6436862945557 33.9825592041016 94.6099853515625 79.8387069702148 63.5927391052246 42.5374374389648 73.2815017700195 49.1033210754395 62.099739074707 79.5025405883789 111.235694885254 82.8993301391602 55.2657165527344 98.3278274536133 65.4747619628906 78.3622360229492 91.7684860229492 65.0895843505859 52.7624549865723 116.723762512207 255.295837402344 218.630844116211 16.5037288665771 10.133150100708 6.03310680389404 30.5042839050293 185.972351074219 241.743423461914 109.042861938477 190.151489257812 193.259582519531 184.349090576172 245.584411621094 102.271324157715 231.507186889648 524.808532714844 390.702819824219 320.581512451172 332.291076660156 322.541229248047 208.349700927734 313.603546142578 325.484161376953 365.141784667969 282.435424804688 127.676651000977 116.257820129395 114.849990844727 162.390716552734 171.743499755859 126.82999420166
0 28.0418872833252 14.8967027664185 7.18543577194214 12.8417644500732 45.5042266845703 91.3882598876953 65.3442077636719 68.3642120361328 59.9181861877441 59.3353691101074 56.8149909973145 46.6739463806152 77.772087097168 119.108062744141 129.927749633789 117.038902282715 103.711967468262 136.49333190918 102.084915161133 112.635406494141 99.2703857421875 66.4208068847656 20.8030033111572 80.9836883544922 272.374572753906 303.432312011719 139.010498046875 16.265079498291 9.4044189453125 25.6406059265137 365.058349609375 163.36083984375 72.311393737793 123.494941711426 176.757766723633 159.593032836914 179.87548828125 139.594528198242 209.642166137695 307.247802734375 226.756286621094 299.842193603516 266.263824462891 316.764251708984 289.493347167969 260.213623046875 329.865081787109 336.049591064453 231.921630859375 147.95588684082 108.23282623291 133.580871582031 111.306304931641 162.402267456055 122.397857666016
9.43603324890137 27.5824584960938 35.2967147827148 12.5447311401367 27.8761367797852 60.213264465332 81.4878845214844 56.6612396240234 57.7471656799316 58.6281394958496 68.3351440429688 57.042049407959 73.7915115356445 73.1006393432617 128.473724365234 131.889343261719 99.5566787719727 132.709655761719 142.700012207031 110.173614501953 111.381950378418 106.216117858887 68.0066909790039 114.882164001465 132.865707397461 196.805999755859 227.259124755859 132.660858154297 107.766441345215 52.7706871032715 70.3828201293945 356.325500488281 480.396423339844 118.52564239502 188.275024414062 171.24934387207 156.024032592773 96.9731903076172 126.274597167969 114.68994140625 239.702865600586 194.641937255859 167.354644775391 199.012252807617 277.807556152344 267.146118164062 295.857818603516 295.035766601562 199.724411010742 188.528396606445 97.5939712524414 103.700965881348 142.499099731445 123.525115966797 137.520736694336 157.965072631836
4.38216495513916 1.78274881839752 4.68528032302856 35.2830810546875 41.6663475036621 58.4881744384766 68.0483016967773 59.6041145324707 54.3983840942383 57.314624786377 55.7524566650391 63.5668716430664 71.7390823364258 50.8475379943848 52.2206344604492 120.5087890625 117.183288574219 142.000732421875 148.425140380859 145.950073242188 128.254211425781 108.296318054199 70.0432205200195 142.534103393555 202.622207641602 208.581588745117 198.05061340332 231.989013671875 193.173355102539 125.911888122559 201.469512939453 454.365081787109 459.976867675781 364.064056396484 167.481323242188 86.4410018920898 153.537536621094 145.88215637207 162.58935546875 124.927207946777 161.090423583984 161.51301574707 172.923385620117 205.580261230469 281.250183105469 294.935089111328 271.484954833984 59.1520156860352 81.1584320068359 278.344055175781 294.204620361328 197.313232421875 231.180541992188 210.596389770508 128.79216003418 143.226135253906
0 5.18037891387939 3.31236100196838 17.3080062866211 57.6509552001953 42.8978042602539 57.8199043273926 66.6974792480469 67.6715621948242 78.682243347168 72.0687561035156 48.0751075744629 79.436637878418 59.6180191040039 41.7280616760254 99.8067092895508 143.740570068359 118.250144958496 126.510055541992 128.633026123047 156.425537109375 156.451736450195 140.452590942383 159.00407409668 206.654769897461 210.365447998047 181.433044433594 169.231826782227 175.445953369141 457.190185546875 493.263671875 522.085571289062 498.702239990234 461.2763671875 440.290832519531 152.270523071289 155.096221923828 182.479522705078 170.975143432617 188.308288574219 171.698013305664 117.500907897949 143.253463745117 141.895706176758 182.0693359375 261.250610351562 317.581939697266 64.6740036010742 76.6155471801758 128.915115356445 201.153747558594 237.757049560547 233.214385986328 217.340438842773 162.228073120117 151.154510498047
0 1.5625 18.8727607727051 32.9112510681152 79.2085189819336 65.4034805297852 61.2872047424316 70.4146728515625 78.1530990600586 73.3144683837891 73.4354934692383 85.0332412719727 69.7840118408203 59.1132545471191 45.382511138916 48.5134315490723 72.1468811035156 71.332633972168 86.1969680786133 88.1111297607422 101.300010681152 155.840881347656 132.573776245117 145.967803955078 189.542602539062 153.496353149414 143.147079467773 145.541625976562 221.025268554688 360.616516113281 392.397338867188 417.117218017578 389.306030273438 455.537506103516 459.270355224609 429.341827392578 51.7294998168945 53.2700500488281 57.0060653686523 167.562835693359 181.70246887207 191.06721496582 69.1738433837891 64.2352828979492 54.8890190124512 234.557373046875 69.2324600219727 57.3706474304199 79.5382843017578 83.5614776611328 154.453979492188 240.201263427734 170.727127075195 155.535079956055 165.513275146484 188.715255737305
0 41.0673065185547 43.0554351806641 66.239860534668 66.1952362060547 89.7448577880859 81.4158554077148 85.7115631103516 77.5764465332031 74.0041732788086 55.410831451416 73.6021575927734 58.5985450744629 69.5670471191406 52.6111793518066 53.3543357849121 65.8628082275391 79.6731338500977 72.4111557006836 69.9734039306641 79.3581008911133 78.7669372558594 157.433212280273 186.204772949219 164.535186767578 136.301620483398 153.342071533203 164.926574707031 173.457366943359 411.556854248047 456.424041748047 418.443756103516 509.634124755859 404.260894775391 278.017639160156 64.4679260253906 444.948852539062 75.3069305419922 57.9097290039062 61.3219795227051 51.1974487304688 49.3221473693848 66.5988922119141 61.5873794555664 60.2980766296387 61.8399200439453 66.2773361206055 74.3530120849609 95.4110794067383 105.757064819336 81.7419967651367 173.244003295898 225.671730041504 236.119552612305 147.607208251953 155.534683227539
10.218957901001 27.6924953460693 32.7953720092773 76.6097412109375 60.157600402832 94.2716751098633 102.157081604004 85.4924545288086 71.3725051879883 60.750617980957 49.9779968261719 74.6243515014648 75.2895355224609 71.3275985717773 85.5425415039062 68.44970703125 67.1749649047852 56.339542388916 77.230598449707 77.3547134399414 70.9661102294922 79.7624664306641 239.588028907776 172.99739074707 177.604064941406 162.995895385742 196.323669433594 126.977294921875 196.157318115234 213.909469604492 218.460861206055 209.112945556641 197.678024291992 158.455215454102 138.994216918945 50.0811309814453 50.7504997253418 60.0272674560547 46.4654197692871 59.965690612793 55.2155723571777 48.028003692627 51.7367477416992 39.2134819030762 75.7245788574219 48.2405853271484 50.752368927002 61.427417755127 69.5362548828125 74.5013198852539 90.1137313842773 79.6721343994141 213.745239257812 512.475341796875 726.482482910156 136.54859161377
14.6806201934814 55.9294509887695 45.572078704834 74.9903717041016 69.6031112670898 65.538444519043 81.0781326293945 77.442024230957 74.3142318725586 194.152969360352 162.682525634766 232.58869934082 224.383773803711 59.2250175476074 74.1845474243164 64.8758697509766 63.065357208252 67.5576477050781 62.1270523071289 71.9934387207031 68.7106399536133 74.5706253051758 191.119216918945 164.283599853516 142.752243041992 183.068542480469 125.649749755859 114.209144592285 175.225967407227 220.760833740234 229.720642089844 196.849563598633 219.039276123047 215.908142089844 191.08479309082 49.3892974853516 51.4467849731445 43.6847229003906 47.7256507873535 54.4616012573242 46.0285301208496 62.2606506347656 73.7730178833008 44.4336585998535 36.3035087585449 44.8053016662598 60.8527030944824 61.2682876586914 54.6261863708496 48.4217796325684 81.8623657226562 86.3813171386719 145.469329833984 436.373748779297 731.633666992188 705.081237792969
0 27.6503677368164 53.6366806030273 71.3192825317383 70.9184036254883 74.5452423095703 88.3441314697266 49.7386054992676 62.8670768737793 41.8343315124512 153.836959838867 274.163360595703 226.616744995117 53.4135246276855 61.9464225769043 63.2974662780762 73.2898788452148 79.3079071044922 66.9333648681641 58.6754608154297 71.7558898925781 88.3487701416016 169.835525512695 183.679977416992 92.9481811523438 150.678039550781 149.117691040039 71.2484436035156 106.196144104004 212.072006225586 155.098022460938 151.347122192383 218.137847900391 230.960861206055 209.264633178711 156.499496459961 154.546234130859 129.233428955078 45.638313293457 53.672534942627 37.3335876464844 49.3961982727051 73.3182144165039 34.0671653747559 28.4893093109131 35.9810752868652 57.1736450195312 63.1218490600586 71.0972671508789 75.2660598754883 54.5763244628906 70.5662002563477 61.0820655822754 186.559631347656 664.288879394531 712.039733886719
13.7703075408936 27.5065383911133 36.1383781433105 40.0011329650879 69.3499069213867 76.0622940063477 60.1631203889847 54.1083335876465 34.1989288330078 58.8015251159668 62.4479446411133 245.563629150391 218.126693725586 226.463653564453 42.301082611084 49.263256072998 73.2213821411133 78.6504440307617 74.333869934082 49.3110733032227 39.443920135498 81.7257995605469 68.1622543334961 190.323867797852 180.331192016602 131.86100769043 145.607147216797 171.691879272461 179.561767578125 202.225204467773 257.814453125 151.253356933594 131.566299438477 149.092025876045 179.463882446289 186.340850830078 144.324310302734 148.657241821289 140.983489990234 50.679801940918 48.4517059326172 60.6567039489746 67.0106887817383 35.5562629699707 35.1949348449707 46.1456336975098 45.355598449707 39.3522262573242 51.5006484985352 66.0839080810547 58.9772682189941 58.153736114502 59.3854331970215 68.1505966186523 66.5771026611328 537.013671875
55.4745254516602 42.6474990844727 55.7109985351562 46.1955299377441 77.6115417480469 74.1456069946289 73.5192565917969 74.5710526704788 285.7822265625 279.058044433594 237.393981933594 216.349258422852 219.571762084961 161.364624023438 51.1534309387207 70.2651977539062 75.7827529907227 71.9147796630859 64.147144317627 61.0116004943848 60.0310134887695 65.7554779052734 58.683406829834 243.358596801758 207.614410400391 205.430587768555 153.872009277344 164.322875976562 137.060501098633 161.613555908203 176.070297241211 143.952575683594 138.460357666016 151.337768554688 173.612380981445 155.11686706543 170.664764404297 145.900238037109 156.824188232422 159.199111938477 167.354949951172 61.524845123291 66.1103286743164 58.4973678588867 44.0707588195801 55.7728118896484 46.4070739746094 47.6825332641602 39.6742820739746 47.4350852966309 48.2818641662598 61.0153656005859 45.5671882629395 37.3615684509277 44.9082794189453 64.2688598632812
38.5094261169434 36.9294013977051 77.6073913574219 42.7621154785156 83.8352355957031 77.7339782714844 70.6365814208984 319.619873046875 326.025848388672 171.494873046875 152.424072265625 176.41975402832 212.207168579102 57.7475471496582 61.0676040649414 51.1258430480957 67.9466323852539 69.2210464477539 56.205207824707 73.2370758056641 71.0251922607422 74.1786422729492 62.8859634399414 175.216415405273 198.493240356445 173.15461730957 175.588409423828 241.649032592773 105.854713439941 123.583847045898 102.991714477539 102.812675476074 120.235343933105 127.252685546875 139.292449951172 132.632476806641 151.958389282227 142.654708862305 140.632751464844 155.049362182617 161.369445800781 162.851531982422 179.145538330078 57.7096099853516 59.1323738098145 94.8631134033203 63.0178909301758 77.1417694091797 37.6918563842773 44.7982940673828 38.3550338745117 39.7149429321289 47.138801574707 62.0448608398438 55.4318199157715 63.0036506652832
8.43710947036743 43.4261894226074 41.7862548828125 80.6569137573242 76.9437484741211 253.148056030273 310.618713378906 421.344024658203 444.342224121094 349.552795410156 255.037216186523 191.295944213867 231.388565063477 217.217620849609 73.7159576416016 69.7602920532227 71.0688400268555 66.8899230957031 68.2327270507812 64.9046936035156 56.1610794067383 60.3464736938477 51.2558097839355 55.7246627807617 70.6036605834961 259.802093505859 75.0140838623047 73.4142150878906 152.55647277832 118.622207641602 110.82266998291 141.600357055664 114.932495117188 127.348930358887 170.564895629883 139.380874633789 155.411102294922 153.891525268555 144.249206542969 162.03678894043 177.453033447266 179.234710693359 191.308639526367 185.502471923828 181.498580932617 59.7562828063965 59.6286773681641 72.8058166503906 69.3267669677734 86.8057479858398 51.1265563964844 45.2035942077637 48.200122833252 57.4025993347168 51.4585609436035 309.541687011719
12.4839248657227 54.4383163452148 44.4813385009766 61.1626167297363 294.640075683594 141.416717529297 222.91716003418 444.917785644531 435.704772949219 396.802093505859 316.081604003906 170.104888916016 227.362487792969 57.3788604736328 68.2004928588867 72.3330993652344 70.6256713867188 65.3714065551758 61.4434471130371 56.8544082641602 58.329273223877 59.790584564209 53.4317817687988 57.6279830932617 50.8816757202148 66.908576965332 72.0013656616211 47.1481475830078 50.8984489440918 56.9812240600586 49.4955825805664 111.633491516113 136.084289550781 139.778869628906 158.167907714844 157.073226928711 171.679824829102 159.442901611328 321.20849609375 345.889892578125 335.722229003906 334.067657470703 59.1480712890625 61.818187713623 63.0454940795898 54.4742202758789 66.9431762695312 38.2234725952148 28.729564666748 30.7398700714111 86.3804779052734 48.0844879150391 46.668529510498 36.3667297363281 560.885314941406 784.327331542969
11.6411485671997 22.741060256958 17.3552856445312 185.627853393555 333.34716796875 262.663391113281 181.281661987305 332.4580078125 368.011047363281 375.497344970703 295.234466552734 132.236282348633 42.1609001159668 76.2507781982422 81.9662551879883 78.0369262695312 73.9498062133789 60.9620742797852 66.2255783081055 67.93896484375 62.822021484375 55.3926315307617 59.640941619873 59.6832313537598 57.419116973877 62.6962852478027 46.6007080078125 52.4868392944336 82.9567031860352 67.3147583007812 45.9460258483887 41.0427589416504 50.4947814941406 108.021530151367 112.538597106934 226.550598144531 169.848297119141 182.195571899414 325.860046386719 313.276763916016 314.76416015625 300.231781005859 54.2646255493164 48.6463508605957 45.0489845275879 60.5185585021973 77.5778045654297 54.8945007324219 35.7212600708008 50.232307434082 35.967357635498 55.7360649108887 60.6366844177246 66.4177780151367 689.285385131836 737.212280273438
113.044105529785 118.127632141113 326.803192138672 296.940945386887 324.012084960938 226.055480957031 186.770721435547 304.839630126953 389.771331787109 390.900970458984 323.164672851562 59.0861320495605 47.265438079834 69.3836975097656 79.0623550415039 68.6607894897461 63.1610565185547 68.7468185424805 75.5955429077148 62.2455177307129 63.0879135131836 53.5634422302246 57.2411689758301 57.4204750061035 59.9833793640137 50.3244895935059 45.0265731811523 52.2377471923828 67.0629425048828 59.1863021850586 57.1113014221191 53.6641883850098 69.8792495727539 138.990936279297 232.999374389648 242.430587768555 321.686401367188 363.947540283203 309.053619384766 322.889709472656 323.840118408203 179.978591918945 72.1823425292969 70.8880233764648 59.8162879943848 49.6637001037598 52.5500793457031 59.0265083312988 59.6615715026855 85.7991104125977 450.74755859375 110.420295715332 271.528991699219 102.178039550781 582.355850219727 703.386611938477
73.0767517089844 403.050910949707 296.873168945312 205.262496948242 242.279327392578 216.50927734375 78.0260963439941 269.790344238281 267.153045654297 367.445381164551 368.547149658203 108.669143676758 73.4797551631927 56.5370750427246 72.7145023345947 68.9750804901123 73.9196968078613 84.3131790161133 92.3174896240234 88.211009979248 61.73583984375 60.8108711242676 53.8092269897461 63.1757469177246 49.5658645629883 35.8283042907715 35.5987548828125 43.2615394592285 46.3969955444336 47.7406158447266 38.1623764038086 51.3909454345703 58.2163238525391 59.9453735351562 290.579849243164 395.306549072266 394.99560546875 404.693328857422 318.282745361328 362.707550048828 389.634399414062 360.040954589844 413.015563011169 79.792839050293 64.5932922363281 47.7050170898438 39.3266563415527 50.240478515625 68.2018508911133 365.048736572266 480.564239501953 419.526123046875 168.660882949829 1234.2958984375 1328.52680206299 693.134582519531
111.981483459473 648.193603515625 436.263061523438 277.014892578125 217.552215576172 209.384994506836 49.7160911560059 164.502029418945 125.699401855469 92.0252456665039 89.502311706543 138.140838623047 81.2457580566406 77.8742294311523 79.0071105957031 73.5020980834961 68.9113159179688 12.7045183181763 10.4304008483887 69.3554077148438 100.941200256348 75.8074951171875 47.8151321411133 77.1833343505859 66.315673828125 49.7950668334961 38.6281089782715 48.4277191162109 44.2231330871582 54.0290794372559 33.0667343139648 23.384916305542 37.2628211975098 42.1930313110352 560.37841796875 981.923583984375 847.286437988281 754.898681640625 618.42822265625 546.178039550781 395.359344482422 571.584655761719 997.791442871094 154.720840454102 66.2605438232422 41.5434417724609 47.3588638305664 39.6357345581055 48.3081016540527 85.4163513183594 420.561126708984 387.920776367188 1170.30419921875 1349.23107910156 1451.68762207031 1263.36547851562
357.380676269531 711.884704589844 544.591613769531 398.06201171875 486.392120361328 343.133422851562 57.4040679931641 140.058181762695 135.513961791992 126.982406616211 113.595436096191 157.670959472656 142.713470458984 108.82479095459 134.114044189453 120.452407836914 61.4673156738281 9.75455474853516 10.5455713272095 10.2281723022461 66.4294509887695 68.9760589599609 58.4268417358398 66.1193542480469 49.3874969482422 54.6870956420898 43.809497833252 50.1066589355469 53.8550300598145 56.7457160949707 52.3387145996094 57.3246459960938 49.5646858215332 71.2635345458984 72.6700897216797 57.1896705627441 820.944641113281 764.518615722656 912.904846191406 960.046752929688 886.376892089844 915.678649902344 991.136291503906 931.143676757812 94.3725967407227 49.8194808959961 49.9411354064941 47.5899238586426 48.9040718078613 40.2415428161621 98.9123687744141 338.641662597656 1662.29595947266 1463.26651000977 1138.78479003906 1236.45117902756
