Geospatial/Brazil_culicoides_map.asc
NCOLS 392 
NROWS 390 
XLLCORNER -74 
YLLCORNER -33.7 
CELLSIZE 0.1 
NODATA_value -9999 
[rows 336 to 359 of 390, columns 212 to 264 of 392]
0.181999996304512 0.194999992847443 0.165999993681908 0.104000002145767 0.0759999975562096 0.0759999975562096 0.0780000016093254 0.068000003695488 0.0790000036358833 0.0689999982714653 0.0759999975562096 0.0839999988675117 0.097000002861023 0.0879999995231628 0.06700000166893 0.0689999982714653 0.0750000029802322 0.0869999974966049 0.0979999974370003 0.104000002145767 0.105999998748302 0.115000002086163 0.101000003516674 0.0829999968409538 0.0869999974966049 0.115000002086163 0.14300000667572 0.178000003099442 0.19200000166893 0.211999997496605 0.216999992728233 0.199000000953674 0.203999996185303 0.358999997377396 0.412000000476837 0.347000002861023 0.386999994516373 0.437000006437302 0.40200001001358 -9999 -9999 -9999 -9999 -9999 -9999 -9999 -9999 -9999 -9999 -9999 -9999 -9999 -9999
0.158999994397163 0.128000006079674 0.108000002801418 0.0869999974966049 0.0949999988079071 0.0810000002384186 0.0780000016093254 0.0740000009536743 0.0930000022053719 0.101999998092651 0.108000002801418 0.096000000834465 0.0799999982118607 0.0820000022649765 0.0769999995827675 0.0719999969005585 0.063000001013279 0.0740000009536743 0.0780000016093254 0.0740000009536743 0.0799999982118607 0.0810000002384186 0.097000002861023 0.104999996721745 0.108999997377396 0.148000001907349 0.187000006437302 0.207000002264977 0.210999995470047 0.208000004291534 0.208000004291534 0.200000002980232 0.218999996781349 0.432000011205673 0.400999993085861 0.381999999284744 0.328999996185303 0.296999990940094 0.391999989748001 -9999 -9999 -9999 -9999 -9999 -9999 -9999 -9999 -9999 -9999 -9999 -9999 -9999 -9999
0.115000002086163 0.116999998688698 0.100000001490116 0.0799999982118607 0.0869999974966049 0.0879999995231628 0.096000000834465 0.0979999974370003 0.0839999988675117 0.0829999968409538 0.0839999988675117 0.0939999967813492 0.0750000029802322 0.0759999975562096 0.0719999969005585 0.0719999969005585 0.0649999976158142 0.0659999996423721 0.0710000023245811 0.0769999995827675 0.0850000008940697 0.0989999994635582 0.105999998748302 0.108999997377396 0.119999997317791 0.166999995708466 0.180000007152557 0.179000005125999 0.189999997615814 0.187999993562698 0.187999993562698 0.202000007033348 0.593999981880188 0.569999992847443 0.398000001907349 0.407999992370605 0.321999996900558 0.317999988794327 -9999 -9999 -9999 -9999 -9999 -9999 -9999 -9999 -9999 -9999 -9999 -9999 -9999 -9999 -9999
0.10700000077486 0.0890000015497208 0.0900000035762787 0.090999998152256 0.0799999982118607 0.096000000834465 0.101999998092651 0.100000001490116 0.0810000002384186 0.0890000015497208 0.0829999968409538 0.103000000119209 0.0879999995231628 0.125 0.090999998152256 0.0750000029802322 0.06700000166893 0.0790000036358833 0.104999996721745 0.103000000119209 0.118000000715256 0.12899999320507 0.144999995827675 0.165000006556511 0.168999999761581 0.171000003814697 0.172999992966652 0.168999999761581 0.18299999833107 0.185000002384186 0.202000007033348 0.331000000238419 0.596000015735626 0.629999995231628 0.451999992132187 0.40599998831749 0.388999998569489 -9999 -9999 -9999 -9999 -9999 -9999 -9999 -9999 -9999 -9999 -9999 -9999 -9999 -9999 -9999 -9999
0.105999998748302 0.118000000715256 0.116999998688698 0.0850000008940697 0.0810000002384186 0.0939999967813492 0.104999996721745 0.112000003457069 0.0879999995231628 0.0879999995231628 0.0829999968409538 0.0740000009536743 0.0790000036358833 0.148000001907349 0.108000002801418 0.0689999982714653 0.0640000030398369 0.0920000001788139 0.178000003099442 0.158999994397163 0.179000005125999 0.193000003695488 0.193000003695488 0.184000000357628 0.171000003814697 0.179000005125999 0.174999997019768 0.175999999046326 0.186000004410744 0.31700000166893 0.460999995470047 0.486000001430511 0.505999982357025 0.521000027656555 0.432000011205673 -9999 -9999 -9999 -9999 -9999 -9999 -9999 -9999 -9999 -9999 -9999 -9999 -9999 -9999 -9999 -9999 -9999 -9999
0.104000002145767 0.112000003457069 0.0930000022053719 0.0829999968409538 0.0900000035762787 0.090999998152256 0.111000001430511 0.135000005364418 0.119000002741814 0.104999996721745 0.111000001430511 0.108999997377396 0.0839999988675117 0.125 0.109999999403954 0.116999998688698 0.13400000333786 0.136000007390976 0.13400000333786 0.153999999165535 0.150999993085861 0.140000000596046 0.159999996423721 0.159999996423721 0.170000001788139 0.214000001549721 0.219999998807907 0.232999995350838 0.303000003099442 0.481000006198883 0.497000008821487 0.458999991416931 0.483000010251999 0.462999999523163 -9999 -9999 -9999 -9999 -9999 -9999 -9999 -9999 -9999 -9999 -9999 -9999 -9999 -9999 -9999 -9999 -9999 -9999 -9999
0.0900000035762787 0.0989999994635582 0.0829999968409538 0.0799999982118607 0.0750000029802322 0.122000001370907 0.116999998688698 0.119000002741814 0.157000005245209 0.116999998688698 0.152999997138977 0.131999999284744 0.130999997258186 0.125 0.130999997258186 0.152999997138977 0.165000006556511 0.123999997973442 0.0810000002384186 0.0869999974966049 0.0879999995231628 0.0719999969005585 0.0719999969005585 0.0860000029206276 0.112999998033047 0.166999995708466 0.229000002145767 0.24600000679493 0.377999991178513 0.647000014781952 0.572000026702881 0.47299998998642 0.382999986410141 0.280000001192093 -9999 -9999 -9999 -9999 -9999 -9999 -9999 -9999 -9999 -9999 -9999 -9999 -9999 -9999 -9999 -9999 -9999 -9999 -9999
0.0829999968409538 0.096000000834465 0.101999998092651 0.112999998033047 0.104000002145767 0.123000003397465 0.131999999284744 0.146999999880791 0.152999997138977 0.123000003397465 0.168999999761581 0.188999995589256 0.153999999165535 0.142000004649162 0.141000002622604 0.136000007390976 0.151999995112419 0.129999995231628 0.0939999967813492 0.0829999968409538 0.0719999969005585 0.0719999969005585 0.0769999995827675 0.101000003516674 0.115000002086163 0.164000004529953 0.203999996185303 0.25 0.467000007629395 0.702000021934509 0.532000005245209 0.476000010967255 -9999 -9999 -9999 -9999 -9999 -9999 -9999 -9999 -9999 -9999 -9999 -9999 -9999 -9999 -9999 -9999 -9999 -9999 -9999 -9999 -9999
0.0930000022053719 0.0939999967813492 0.111000001430511 0.137999996542931 0.143999993801117 0.143999993801117 0.150999993085861 0.150999993085861 0.159999996423721 0.158999994397163 0.171000003814697 0.189999997615814 0.136999994516373 0.133000001311302 0.13400000333786 0.14300000667572 0.155000001192093 0.164000004529953 0.138999998569489 0.11599999666214 0.0769999995827675 0.0900000035762787 0.11599999666214 0.149000003933907 0.172000005841255 0.189999997615814 0.204999998211861 0.42399999499321 0.660000026226044 0.596000015735626 0.504999995231628 -9999 -9999 -9999 -9999 -9999 -9999 -9999 -9999 -9999 -9999 -9999 -9999 -9999 -9999 -9999 -9999 -9999 -9999 -9999 -9999 -9999 -9999
0.103000000119209 0.103000000119209 0.10700000077486 0.116999998688698 0.138999998569489 0.149000003933907 0.166999995708466 0.162000000476837 0.172000005841255 0.214000001549721 0.160999998450279 0.158000007271767 0.184000000357628 0.187000006437302 0.180000007152557 0.177000001072884 0.216999992728233 0.215000003576279 0.224999994039536 0.197999998927116 0.136999994516373 0.128000006079674 0.156000003218651 0.17399999499321 0.177000001072884 0.214000001549721 0.291999995708466 0.589999973773956 0.718999981880188 0.523999989032745 -9999 -9999 -9999 -9999 -9999 -9999 -9999 -9999 -9999 -9999 -9999 -9999 -9999 -9999 -9999 -9999 -9999 -9999 -9999 -9999 -9999 -9999 -9999
0.126000002026558 0.136000007390976 0.137999996542931 0.129999995231628 0.131999999284744 0.137999996542931 0.221000000834465 0.203999996185303 0.168999999761581 0.209000006318092 0.151999995112419 0.137999996542931 0.206000000238419 0.244000002741814 0.223000004887581 0.223000004887581 0.226999998092651 0.215000003576279 0.210999995470047 0.211999997496605 0.216999992728233 0.179000005125999 0.172000005841255 0.172999992966652 0.188999995589256 0.337999999523163 0.446000009775162 0.46000000834465 0.612999975681305 -9999 -9999 -9999 -9999 -9999 -9999 -9999 -9999 -9999 -9999 -9999 -9999 -9999 -9999 -9999 -9999 -9999 -9999 -9999 -9999 -9999 -9999 -9999 -9999
0.126000002026558 0.128000006079674 0.141000002622604 0.136999994516373 0.135000005364418 0.143999993801117 0.166999995708466 0.179000005125999 0.190999999642372 0.194000005722046 0.232999995350838 0.159999996423721 0.178000003099442 0.207000002264977 0.247999995946884 0.23199999332428 0.196999996900558 0.211999997496605 0.199000000953674 0.254999995231628 0.27700001001358 0.221000000834465 0.199000000953674 0.212999999523163 0.263000011444092 0.333999991416931 0.66100001335144 0.688000023365021 0.615000009536743 -9999 -9999 -9999 -9999 -9999 -9999 -9999 -9999 -9999 -9999 -9999 -9999 -9999 -9999 -9999 -9999 -9999 -9999 -9999 -9999 -9999 -9999 -9999 -9999
0.151999995112419 0.148000001907349 0.196999996900558 0.184000000357628 0.193000003695488 0.186000004410744 0.187999993562698 0.199000000953674 0.202999994158745 0.202000007033348 0.226999998092651 0.207000002264977 0.237000003457069 0.263000011444092 0.252000004053116 0.261000007390976 0.241999998688698 0.171000003814697 0.24600000679493 0.337000012397766 0.407999992370605 0.28099998831749 0.225999996066093 0.247999995946884 0.46399998664856 0.48199999332428 0.607999980449677 0.657999992370605 -9999 -9999 -9999 -9999 -9999 -9999 -9999 -9999 -9999 -9999 -9999 -9999 -9999 -9999 -9999 -9999 -9999 -9999 -9999 -9999 -9999 -9999 -9999 -9999 -9999
0.188999995589256 0.190999999642372 0.211999997496605 0.226999998092651 0.202999994158745 0.193000003695488 0.190999999642372 0.214000001549721 0.211999997496605 0.231000006198883 0.261999994516373 0.254999995231628 0.257999986410141 0.233999997377396 0.230000004172325 0.238999992609024 0.224000006914139 0.237000003457069 0.365000009536743 0.386999994516373 0.386000007390976 0.36599999666214 0.314000010490417 0.254000008106232 0.462000012397766 0.656000018119812 -9999 0.584999978542328 -9999 -9999 -9999 -9999 -9999 -9999 -9999 -9999 -9999 -9999 -9999 -9999 -9999 -9999 -9999 -9999 -9999 -9999 -9999 -9999 -9999 -9999 -9999 -9999 -9999
0.224000006914139 0.211999997496605 0.196999996900558 0.194999992847443 0.19200000166893 0.194999992847443 0.199000000953674 0.212999999523163 0.25900000333786 0.209000006318092 0.229000002145767 0.231000006198883 0.236000001430511 0.238999992609024 0.266999989748001 0.282999992370605 0.277999997138977 0.296999990940094 0.245000004768372 0.358000010251999 0.367000013589859 0.347000002861023 0.280000001192093 0.270000010728836 0.345999985933304 0.488000005483627 0.624000012874603 -9999 -9999 -9999 -9999 -9999 -9999 -9999 -9999 -9999 -9999 -9999 -9999 -9999 -9999 -9999 -9999 -9999 -9999 -9999 -9999 -9999 -9999 -9999 -9999 -9999 -9999
0.20100000500679 0.188999995589256 0.197999998927116 0.184000000357628 0.189999997615814 0.189999997615814 0.19200000166893 0.20100000500679 0.208000004291534 0.261999994516373 0.282999992370605 0.231000006198883 0.229000002145767 0.234999999403954 0.257999986410141 0.287999987602234 0.236000001430511 0.354999989271164 0.347000002861023 0.354000002145767 0.352999985218048 0.32600000500679 0.312000006437302 0.342999994754791 0.374000012874603 0.456000000238419 -9999 -9999 -9999 -9999 -9999 -9999 -9999 -9999 -9999 -9999 -9999 -9999 -9999 -9999 -9999 -9999 -9999 -9999 -9999 -9999 -9999 -9999 -9999 -9999 -9999 -9999 -9999
0.149000003933907 0.180000007152557 0.190999999642372 0.159999996423721 0.259999990463257 0.228000000119209 0.229000002145767 0.250999987125397 0.275999993085861 0.263999998569489 0.270000010728836 0.254999995231628 0.261000007390976 0.270999997854233 0.277999997138977 0.273999989032745 0.24600000679493 0.301999986171722 0.33899998664856 0.342999994754791 0.370999991893768 0.349000006914139 0.333999991416931 0.344999998807907 0.370000004768372 0.455000013113022 -9999 -9999 -9999 -9999 -9999 -9999 -9999 -9999 -9999 -9999 -9999 -9999 -9999 -9999 -9999 -9999 -9999 -9999 -9999 -9999 -9999 -9999 -9999 -9999 -9999 -9999 -9999
0.171000003814697 0.186000004410744 0.202000007033348 0.187000006437302 0.165999993681908 0.17399999499321 0.159999996423721 0.164000004529953 0.193000003695488 0.202000007033348 0.202000007033348 0.180999994277954 0.181999996304512 0.266000002622604 0.224999994039536 -9999 0.175999999046326 0.23199999332428 0.27700001001358 0.277999997138977 0.238999992609024 0.233999997377396 0.351999998092651 0.358000010251999 0.370999991893768 -9999 -9999 -9999 -9999 -9999 -9999 -9999 -9999 -9999 -9999 -9999 -9999 -9999 -9999 -9999 -9999 -9999 -9999 -9999 -9999 -9999 -9999 -9999 -9999 -9999 -9999 -9999 -9999
0.168999999761581 0.159999996423721 0.17399999499321 0.208000004291534 0.172000005841255 0.18299999833107 0.181999996304512 0.160999998450279 0.190999999642372 0.202999994158745 0.226999998092651 0.223000004887581 0.207000002264977 0.207000002264977 -9999 -9999 0.244000002741814 0.266000002622604 0.310999989509583 0.289000004529953 0.314000010490417 0.284999996423721 0.321999996900558 0.321999996900558 0.310999989509583 -9999 -9999 -9999 -9999 -9999 -9999 -9999 -9999 -9999 -9999 -9999 -9999 -9999 -9999 -9999 -9999 -9999 -9999 -9999 -9999 -9999 -9999 -9999 -9999 -9999 -9999 -9999 -9999
0.148000001907349 0.172000005841255 0.165999993681908 0.159999996423721 0.159999996423721 0.148000001907349 0.153999999165535 0.157000005245209 0.185000002384186 0.178000003099442 0.189999997615814 0.189999997615814 0.185000002384186 0.196999996900558 0.250999987125397 -9999 -9999 -9999 -9999 -9999 -9999 -9999 -9999 0.272000014781952 0.284000009298325 -9999 -9999 -9999 -9999 -9999 -9999 -9999 -9999 -9999 -9999 -9999 -9999 -9999 -9999 -9999 -9999 -9999 -9999 -9999 -9999 -9999 -9999 -9999 -9999 -9999 -9999 -9999 -9999
0.172999992966652 0.174999997019768 0.159999996423721 0.13400000333786 0.144999995827675 0.177000001072884 0.163000002503395 0.135000005364418 0.10700000077486 0.114000000059605 0.145999997854233 0.174999997019768 0.189999997615814 0.186000004410744 0.238999992609024 -9999 -9999 -9999 -9999 -9999 -9999 -9999 -9999 0.296999990940094 -9999 -9999 -9999 -9999 -9999 -9999 -9999 -9999 -9999 -9999 -9999 -9999 -9999 -9999 -9999 -9999 -9999 -9999 -9999 -9999 -9999 -9999 -9999 -9999 -9999 -9999 -9999 -9999 -9999
0.125 0.123999997973442 0.142000004649162 0.157000005245209 0.157000005245209 0.126000002026558 0.119999997317791 0.145999997854233 0.111000001430511 0.133000001311302 0.141000002622604 0.167999997735023 0.179000005125999 0.175999999046326 0.228000000119209 -9999 -9999 -9999 -9999 -9999 -9999 -9999 -9999 0.300999999046326 0.307000011205673 -9999 -9999 -9999 -9999 -9999 -9999 -9999 -9999 -9999 -9999 -9999 -9999 -9999 -9999 -9999 -9999 -9999 -9999 -9999 -9999 -9999 -9999 -9999 -9999 -9999 -9999 -9999 -9999
0.108999997377396 0.122000001370907 0.127000004053116 0.120999999344349 0.123999997973442 0.103000000119209 0.119999997317791 0.127000004053116 0.123999997973442 0.144999995827675 0.187999993562698 0.178000003099442 0.19200000166893 0.162000000476837 -9999 -9999 -9999 -9999 -9999 -9999 -9999 0.370000004768372 0.368999987840652 -9999 -9999 -9999 -9999 -9999 -9999 -9999 -9999 -9999 -9999 -9999 -9999 -9999 -9999 -9999 -9999 -9999 -9999 -9999 -9999 -9999 -9999 -9999 -9999 -9999 -9999 -9999 -9999 -9999 -9999
0.104999996721745 0.11599999666214 0.123000003397465 0.126000002026558 0.136999994516373 0.138999998569489 0.162000000476837 0.155000001192093 0.146999999880791 0.174999997019768 0.172999992966652 0.17399999499321 0.197999998927116 -9999 -9999 -9999 -9999 -9999 -9999 -9999 -9999 0.344999998807907 0.337999999523163 -9999 -9999 -9999 -9999 -9999 -9999 -9999 -9999 -9999 -9999 -9999 -9999 -9999 -9999 -9999 -9999 -9999 -9999 -9999 -9999 -9999 -9999 -9999 -9999 -9999 -9999 -9999 -9999 -9999 -9999
