Geospatial/Brazil_culex_q_map.asc
NCOLS 157 
NROWS 156 
XLLCORNER -74.0416666666668 
YLLCORNER -33.75 
CELLSIZE 0.25 
NODATA_value -9999 
[rows 24 to 47 of 156, columns 0 to 53 of 157]
-9999 -9999 -9999 -9999 -9999 -9999 -9999 -9999 -9999 -9999 -9999 -9999 -9999 -9999 -9999 -9999 -9999 -9999 0.101401433348656 0.083346389234066 0.0791238844394684 0.0771203562617302 0.076604887843132 0.078954741358757 0.0990609675645828 0.0851358398795128 0.078526683151722 0.0773518979549408 0.0773714780807495 0.0743050277233124 0.073247067630291 0.0740531086921692 0.0769867897033691 0.0825375691056252 0.0794978514313698 0.0891780704259872 0.090086966753006 0.112604394555092 0.0903519913554192 0.094033733010292 0.127323254942894 0.181193470954895 0.0920107662677765 0.108948864042759 0.418978005647659 0.241419091820717 0.211687028408051 0.170985504984856 0.149826854467392 0.10023470968008 0.0956609919667244 0.0808367356657982 0.0803375914692879 0.0811563283205032
-9999 -9999 -9999 -9999 -9999 -9999 -9999 -9999 -9999 -9999 -9999 -9999 -9999 -9999 -9999 -9999 -9999 -9999 0.10809738188982 0.0943887606263161 0.0994509756565094 0.0984423384070396 0.0754256546497345 0.0963494405150414 0.10611280053854 0.0823633596301079 0.0831450596451759 0.0858624875545502 0.076685905456543 0.0732585340738297 0.0751679986715317 0.0756472274661064 0.0774480849504471 0.0766743123531342 0.0771340727806091 0.0822617560625076 0.108015105128288 0.0778849869966507 0.0890491306781769 0.0789945721626282 0.0818631201982498 0.0814627483487129 0.0769359171390533 0.108292825520039 0.137170046567917 0.299296289682388 0.367112249135971 0.41955041885376 0.210356369614601 0.118820622563362 0.095043383538723 0.0881893187761307 0.0906071737408638 0.0826540291309357
-9999 -9999 -9999 -9999 -9999 -9999 -9999 -9999 -9999 -9999 -9999 -9999 -9999 -9999 -9999 -9999 -9999 -9999 0.147740215063095 0.0844416171312332 0.0841109603643417 0.0965591967105865 0.0941373780369759 0.0908066108822823 0.104225531220436 0.0859875157475471 0.08921729773283 0.078419029712677 0.080862008035183 0.0745786726474762 0.076698824763298 0.10381306707859 0.0802093297243118 0.0834813937544823 0.0813214629888535 0.0806031078100204 0.0754008144140244 0.0828505009412766 0.0770494565367699 0.0778400376439095 0.0776979029178619 0.0770108103752136 0.0750273913145065 0.0749854296445847 0.0748589634895325 0.0765073597431183 0.118251778185368 0.299353539943695 0.40347421169281 0.346968293190002 0.147049427032471 0.0989474579691887 0.0998008921742439 0.0961454883217812
-9999 -9999 -9999 -9999 -9999 -9999 -9999 -9999 -9999 -9999 -9999 -9999 -9999 -9999 -9999 -9999 -9999 -9999 0.11694860458374 0.1162049472332 0.0832354575395584 0.0964457020163536 0.13232684135437 0.177125915884972 0.168108820915222 0.209754452109337 0.0908863618969917 0.0808468237519264 0.1003432944417 0.086712047457695 0.181141033768654 0.194241866469383 0.191895663738251 0.0868755131959915 0.0872745141386986 0.0822633132338524 0.0778325274586678 0.0779607072472572 0.0771822184324265 0.0770264491438866 0.0874612778425217 0.081186518073082 0.0931852161884308 0.0799865052103996 0.0799252614378929 0.0845813676714897 0.0745823234319687 0.10156786441803 0.0979820936918259 0.185136124491692 0.309683978557587 0.106991618871689 0.110442519187927 0.090330645442009
-9999 -9999 -9999 -9999 -9999 -9999 -9999 -9999 -9999 -9999 -9999 -9999 -9999 -9999 -9999 -9999 -9999 -9999 0.0870605483651161 0.0985367968678474 0.143314525485039 0.136192589998245 0.108291633427143 0.0944705903530121 0.082652322947979 0.124075286090374 0.220339849591255 0.228193923830986 0.262873291969299 0.158127799630165 0.114878982305527 0.0945673808455467 0.224531188607216 0.218723684549332 0.231597766280174 0.109961487352848 0.0846677869558334 0.080901563167572 0.0788213610649109 0.0783725082874298 0.0849406495690346 0.0768908858299255 0.0785791501402855 0.0789554342627525 0.0780330896377563 0.0840578526258469 0.0908993780612946 0.0924325957894325 0.089298389852047 0.118106760084629 0.275366902351379 0.20091749727726 0.103034488856792 0.0964876636862755
-9999 -9999 -9999 -9999 -9999 -9999 -9999 -9999 -9999 -9999 -9999 -9999 -9999 -9999 -9999 -9999 -9999 -9999 0.081963948905468 0.0838772356510162 0.0835784301161766 0.0913724601268768 0.0847450345754623 0.080593004822731 0.0777171105146408 0.0836624130606651 0.0832869037985802 0.0901988074183464 0.0961956977844238 0.0906292423605919 0.119247369468212 0.0937900170683861 0.0947945415973663 0.0970907583832741 0.170018345117569 0.311873555183411 0.0946873053908348 0.0863917842507362 0.083156019449234 0.077059842646122 0.0766020566225052 0.0769191980361938 0.081035666167736 0.0805912464857101 0.0798107385635376 0.0805980265140533 0.0802530571818352 0.080396257340908 0.0781225711107254 0.0798857361078262 0.085912212729454 0.352559983730316 0.115632496774197 0.101767212152481
-9999 -9999 -9999 -9999 -9999 -9999 -9999 -9999 -9999 -9999 -9999 -9999 -9999 -9999 -9999 -9999 -9999 -9999 0.0919918641448021 0.0826906636357307 0.0809491574764252 0.0804625824093819 0.0798362642526627 0.079363040626049 0.0762635320425034 0.0783020183444023 0.0824325755238533 0.095784142613411 0.110564023256302 0.17254039645195 0.18986839056015 0.220613285899162 0.132018178701401 0.109718531370163 0.191716521978378 0.280006676912308 0.101144462823868 0.127370685338974 0.0907086506485939 0.0828801989555359 0.0798685774207115 0.078672245144844 0.0793638303875923 0.0789288431406021 0.0799156278371811 0.0798845887184143 0.0812847465276718 0.0791504234075546 0.0791964307427406 0.0795987471938133 0.0847290679812431 0.155495300889015 0.270101845264435 0.16419030725956
-9999 -9999 -9999 -9999 -9999 -9999 -9999 -9999 -9999 -9999 -9999 -9999 -9999 -9999 -9999 -9999 -9999 -9999 0.0924593061208725 0.0827847048640251 0.0826290249824524 0.0823096260428429 0.0834802016615868 0.0829505920410156 0.0805412530899048 0.0896755084395409 0.179870679974556 0.227391496300697 0.208986535668373 0.249008059501648 0.174697786569595 0.227018132805824 0.158595964312553 0.208223417401314 0.277755320072174 0.140716344118118 0.162332490086555 0.225984081625938 0.101020313799381 0.0852168649435043 0.0805661976337433 0.077596552670002 0.0774399042129517 0.0803747847676277 0.0798632875084877 0.0797359421849251 0.0789831727743149 0.0804606825113297 0.0807609185576439 0.0823885872960091 0.0822815150022507 0.0868162214756012 0.487836122512817 0.374665647745132
-9999 -9999 -9999 -9999 -9999 -9999 -9999 -9999 -9999 -9999 -9999 -9999 -9999 -9999 -9999 -9999 -9999 0.229151621460915 0.125665590167046 0.106861643493176 0.129132851958275 0.134042203426361 0.143974915146828 0.120310842990875 0.209972187876701 0.242340922355652 0.106073915958405 0.113593235611916 0.242804616689682 0.111022643744946 0.0807392299175262 0.114442840218544 0.129044935107231 0.0944806858897209 0.117643803358078 0.271316081285477 0.166679054498672 0.159473538398743 0.110680989921093 0.0884867757558823 0.0821482092142105 0.0790067315101624 0.0784447938203812 0.0788807570934296 0.079891212284565 0.0808399990200996 0.0782417878508568 0.0808220282196999 0.0831231474876404 0.096431776881218 0.101172670722008 0.0906508341431618 0.101755157113075 0.4533651471138
-9999 -9999 -9999 -9999 -9999 -9999 -9999 -9999 -9999 -9999 -9999 -9999 -9999 -9999 -9999 -9999 -9999 0.116172105073929 0.103156991302967 0.107272744178772 0.152108609676361 0.103834874927998 0.111056447029114 0.229199528694153 0.317731112241745 0.0971149802207947 0.101943761110306 0.151360780000687 0.0855911076068878 0.0784306898713112 0.077756404876709 0.104483485221863 0.111454196274281 0.0843965038657188 0.0959338992834091 0.113696724176407 0.269777417182922 0.203286334872246 0.15911503136158 0.102220594882965 0.0948855951428413 0.0874850377440453 0.0822047591209412 0.0843476802110672 0.12427756935358 0.096656896173954 0.0842103511095047 0.0834608674049377 0.0823541283607483 0.111049070954323 0.180102244019508 0.151617899537086 0.223426640033722 0.261567264795303
-9999 -9999 -9999 -9999 -9999 -9999 -9999 -9999 -9999 -9999 -9999 -9999 -9999 -9999 -9999 -9999 -9999 0.120857894420624 0.123801410198212 0.158527418971062 0.261366665363312 0.186414867639542 0.242754325270653 0.335806667804718 0.164303556084633 0.121672257781029 0.129126846790314 0.0845594927668571 0.0832648947834969 0.0810769498348236 0.0820095911622047 0.166081160306931 0.0882483497262001 0.0818973854184151 0.0784146264195442 0.078327402472496 0.195296600461006 0.486410856246948 0.209217190742493 0.280742824077606 0.10167096555233 0.130806460976601 0.204143315553665 0.108536958694458 0.167983591556549 0.248803436756134 0.0947953835129738 0.0902828797698021 0.0868255570530891 0.101456038653851 0.118892408907413 0.283232510089874 0.393346905708313 0.659038007259369
-9999 -9999 -9999 -9999 -9999 -9999 -9999 -9999 -9999 -9999 -9999 -9999 -9999 -9999 -9999 -9999 -9999 0.115149632096291 0.246023789048195 0.119186714291573 0.1680938154459 0.108157441020012 0.105727292597294 0.112517967820168 0.126420870423317 0.117251083254814 0.133482426404953 0.102184988558292 0.0988427028059959 0.10074545443058 0.111193500459194 0.17538321018219 0.0870005786418915 0.0815479755401611 0.0811131969094276 0.077527217566967 0.22376075387001 0.0897655263543129 0.169644311070442 0.272910296916962 0.179886132478714 0.177490845322609 0.124844297766685 0.235242322087288 0.145007744431496 0.280934035778046 0.214079141616821 0.126586765050888 0.0906287208199501 0.22605687379837 0.358292162418365 0.29728963971138 0.359774857759476 0.166653230786324
-9999 -9999 -9999 -9999 -9999 -9999 -9999 -9999 -9999 -9999 -9999 -9999 -9999 -9999 -9999 -9999 -9999 0.0945033207535744 0.214177906513214 0.104529313743114 0.135888144373894 0.130855217576027 0.118629679083824 0.111924394965172 0.101470597088337 0.126248523592949 0.118187941610813 0.101056307554245 0.108017824590206 0.119694650173187 0.131715714931488 0.118617445230484 0.109517119824886 0.106648132205009 0.102234862744808 0.0818138718605042 0.0882470533251762 0.0857064425945282 0.088486522436142 0.114098377525806 0.177644357085228 0.254639267921448 0.244224682450294 0.191121846437454 0.204457134008408 0.248105973005295 0.233552232384682 0.218308985233307 0.181283310055733 0.256083697080612 0.3436618745327 0.115175969898701 0.10225647687912 0.117988705635071
-9999 -9999 -9999 -9999 -9999 -9999 -9999 -9999 -9999 -9999 -9999 -9999 -9999 -9999 -9999 -9999 0.317805707454681 0.102209657430649 0.297959804534912 0.128192722797394 0.107222810387611 0.119390100240707 0.121424242854118 0.119595810770988 0.116618484258652 0.0936360880732536 0.0859778672456741 0.0913734808564186 0.101665817201138 0.107418715953827 0.123843215405941 0.132036715745926 0.106279715895653 0.134287551045418 0.090902142226696 0.108223170042038 0.105227805674076 0.111544355750084 0.114327684044838 0.0878556966781616 0.0859280228614807 0.18873243033886 0.358977168798447 0.480110764503479 0.181234568357468 0.101681672036648 0.103801943361759 0.115197747945786 0.250318109989166 0.241113364696503 0.142231732606888 0.0977652966976166 0.107116021215916 0.103194653987885
-9999 -9999 -9999 -9999 -9999 -9999 -9999 -9999 -9999 -9999 -9999 -9999 0.125763416290283 0.10920724272728 0.114020004868507 0.168265953660011 0.328714668750763 0.172560214996338 0.128255277872086 0.119205288589001 0.107431083917618 0.118609987199306 0.117499321699142 0.0955742448568344 0.111204236745834 0.0972088053822517 0.104224324226379 0.100923895835876 0.103887744247913 0.115662321448326 0.113421730697155 0.118062883615494 0.116946674883366 0.110301196575165 0.117414131760597 0.110494576394558 0.11886041611433 0.0990863814949989 0.113190442323685 0.109252691268921 0.0919430404901505 0.138237535953522 0.25256934762001 0.1934934258461 0.113868720829487 0.0927173495292664 0.107986144721508 0.312796175479889 0.310895323753357 0.132448613643646 0.0917108729481697 0.0885528549551964 0.0886080041527748 0.145173832774162
-9999 -9999 -9999 -9999 -9999 -9999 -9999 -9999 0.122436881065369 0.163689166307449 0.123918019235134 0.0917762666940689 0.0894721895456314 0.100863978266716 0.110533975064754 0.128073483705521 0.0947196632623672 0.117482848465443 0.117779567837715 0.112170897424221 0.101621180772781 0.0961649641394615 0.123930364847183 0.107015915215015 0.0978047102689743 0.107266716659069 0.108480222523212 0.0865942761301994 0.106418132781982 0.135130181908607 0.0887927860021591 0.102254040539265 0.102847427129745 0.112542122602463 0.12202000617981 0.119125887751579 0.128242716193199 0.114378057420254 0.117807894945145 0.122367456555367 0.0845210254192352 0.192863941192627 0.119624488055706 0.11824794113636 0.123804599046707 0.10286957770586 0.12005253136158 0.238598868250847 0.168200716376305 0.0915827378630638 0.0942978635430336 0.0947513654828072 0.166288673877716 0.18350975215435
-9999 -9999 -9999 -9999 -9999 -9999 0.124127723276615 0.117556527256966 0.0992935299873352 0.125063732266426 0.0999701842665672 0.0922736153006554 0.0908956676721573 0.0919763222336769 0.124200895428658 0.124518729746342 0.0956191942095757 0.118362583220005 0.115156032145023 0.112921185791492 0.102245785295963 0.126532346010208 0.12290296703577 0.116533502936363 0.113688968122005 0.124155148863792 0.111445218324661 0.0894783660769463 0.310243129730225 0.113834366202354 0.0920554921030998 0.135292798280716 0.170162469148636 0.0942313745617867 0.193398535251617 0.122012957930565 0.110813595354557 0.094051294028759 0.107173047959805 0.106728307902813 0.103689670562744 0.0945907086133957 0.0878785327076912 0.12389212846756 0.192854300141335 0.252041429281235 0.226369082927704 0.170713543891907 0.0894194766879082 0.0903579145669937 0.0886031091213226 0.132680654525757 0.143566966056824 0.131851196289062
-9999 -9999 -9999 -9999 -9999 0.104664914309978 0.0984468162059784 0.0988206192851067 0.131801351904869 0.101828925311565 0.0962930396199226 0.0950241759419441 0.108545370399952 0.121907375752926 0.114881366491318 0.123451851308346 0.119882293045521 0.0971600264310837 0.107798300683498 0.114944815635681 0.121317736804485 0.11819788813591 0.120614364743233 0.117059230804443 0.130989670753479 0.135182350873947 0.118443839251995 0.154053211212158 0.147365584969521 0.118044689297676 0.143032774329185 0.153473556041718 0.126382231712341 0.125895127654076 0.13547670841217 0.131863191723824 0.108948573470116 0.115929380059242 0.102127686142921 0.101635485887527 0.0982116758823395 0.097573310136795 0.090036503970623 0.136708930134773 0.144685536623001 0.141862571239471 0.186712831258774 0.0902069061994553 0.119386233389378 0.0956460237503052 0.174091637134552 0.0928910821676254 0.0953754037618637 0.151374936103821
-9999 -9999 -9999 -9999 0.0968407317996025 0.0958622917532921 0.0965491160750389 0.122725516557693 0.111131206154823 0.100801505148411 0.100780092179775 0.121213182806969 0.120910495519638 0.0975931137800217 0.121312148869038 0.0956483110785484 0.119158744812012 0.103960961103439 0.117585331201553 0.114933215081692 0.125098928809166 0.119288437068462 0.128173097968102 0.129480689764023 0.131538718938828 0.128999650478363 0.150304928421974 0.133170023560524 0.121100783348083 0.11256854981184 0.139072507619858 0.142915487289429 0.138733774423599 0.139372497797012 0.150069639086723 0.145723283290863 0.119445070624352 0.134289905428886 0.119855619966984 0.124882936477661 0.121592752635479 0.115311190485954 0.121285922825336 0.164356648921967 0.173143699765205 0.124385602772236 0.095188096165657 0.115448042750359 0.121603786945343 0.170419529080391 0.0874300599098206 0.184123396873474 0.112349793314934 0.228023305535316
-9999 -9999 -9999 -9999 0.0979840233922005 0.115193903446198 0.0988377183675766 0.114375784993172 0.103824101388454 0.100504852831364 0.109183765947819 0.117171831429005 0.101312786340714 0.106739431619644 0.120284989476204 0.111364677548409 0.116807773709297 0.10688778012991 0.11489886790514 0.12161947786808 0.105152644217014 0.126159131526947 0.123609706759453 0.12713535130024 0.138029754161835 0.189760014414787 0.118201367557049 0.105034984648228 0.115095779299736 0.13724946975708 0.13313952088356 0.155250206589699 0.13360208272934 0.125422015786171 0.158830225467682 0.134483993053436 0.145062118768692 0.132501229643822 0.148852854967117 0.157821446657181 0.141465812921524 0.157364279031754 0.175810515880585 0.18978425860405 0.110736645758152 0.0986732169985771 0.0871422663331032 0.187558799982071 0.0922493487596512 0.0911092832684517 0.099997028708458 0.223099738359451 0.168445661664009 0.127100273966789
-9999 -9999 -9999 -9999 0.0973211452364922 0.0997115150094032 0.119906060397625 0.130946725606918 0.100128695368767 0.128729462623596 0.124524109065533 0.102217696607113 0.108107522130013 0.119326204061508 0.118964798748493 0.118834227323532 0.116021186113358 0.0968786776065826 0.110126867890358 0.103736102581024 0.108559638261795 0.105524770915508 0.110444232821465 0.108881734311581 0.164397358894348 0.132911920547485 0.107515305280685 0.135650172829628 0.139877960085869 0.135908424854279 0.118548862636089 0.170051425695419 0.131009250879288 0.159151747822762 0.150274753570557 0.136724144220352 0.174494355916977 0.170966282486916 0.219924673438072 0.124511308968067 0.1043591350317 0.144060179591179 0.143116176128387 0.132634431123734 0.103278860449791 0.123987548053265 0.157431364059448 0.0938734412193298 0.104907155036926 0.202752485871315 0.248760163784027 0.213174238801003 0.09795081615448 0.0995667204260826
-9999 -9999 -9999 0.0956894233822823 0.0969198495149612 0.0995875000953674 0.0991483628749847 0.116189189255238 0.10209633409977 0.111985668540001 0.103026300668716 0.123489737510681 0.101345889270306 0.102581530809402 0.103029929101467 0.128023952245712 0.0993811339139938 0.10416504740715 0.0995287448167801 0.0988159477710724 0.104040957987309 0.128183841705322 0.135174497961998 0.144569471478462 0.153165459632874 0.130634248256683 0.131464004516602 0.13540130853653 0.139896556735039 0.13721476495266 0.145724684000015 0.1311214864254 0.121073931455612 0.132124304771423 0.140394434332848 0.131745785474777 0.142625018954277 0.110570125281811 0.152364626526833 0.12891349196434 0.120587363839149 0.103098586201668 0.125802099704742 0.104164928197861 0.113531850278378 0.19133597612381 0.136770635843277 0.14675198495388 0.191643863916397 0.167876377701759 0.109180927276611 0.107684232294559 0.099841944873333 0.0950982496142387
-9999 -9999 -9999 -9999 0.103512644767761 0.0989628285169601 0.102083422243595 0.101269394159317 0.101121209561825 0.109823122620583 0.101734824478626 0.113775059580803 0.104120619595051 0.10603915899992 0.100842416286469 0.148948788642883 0.113591507077217 0.0998388826847076 0.131380438804626 0.10654903203249 0.133238524198532 0.14351898431778 0.152216792106628 0.234730809926987 0.119689807295799 0.119227580726147 0.133274808526039 0.135003492236137 0.141361638903618 0.182793065905571 0.231383591890335 0.116607427597046 0.124845772981644 0.163643583655357 0.138800948858261 0.235298290848732 0.219051495194435 0.119271673262119 0.137265875935555 0.107489913702011 0.101432450115681 0.122328467667103 0.125508919358253 0.126994863152504 0.114235699176788 0.196946054697037 0.163237512111664 0.185925856232643 0.153979286551476 0.111083649098873 0.107357650995255 0.161840632557869 0.115489400923252 0.0982535481452942
-9999 -9999 -9999 0.105973109602928 0.0995252504944801 0.101762771606445 0.11171904951334 0.109763823449612 0.117403104901314 0.110417008399963 0.107695840299129 0.113300934433937 0.129848510026932 0.112333409488201 0.122848153114319 0.13832525908947 0.381631255149841 0.149779781699181 0.153469756245613 0.152558892965317 0.149168908596039 0.140164420008659 0.14667135477066 0.137820646166801 0.130832895636559 0.122783191502094 0.143035188317299 0.14900316298008 0.140749752521515 0.189695850014687 0.188504740595818 0.147892460227013 0.11787323653698 0.10963536798954 0.146504655480385 0.145002335309982 0.153415620326996 0.114503532648087 0.175363823771477 0.102983236312866 0.102745622396469 0.102506093680859 0.103916347026825 0.12773959338665 0.107364162802696 0.107635207474232 0.175753846764565 0.121714375913143 0.114683426916599 0.115437425673008 0.142661586403847 0.123268269002438 0.104946158826351 0.106373697519302
