Geospatial/Brazil_soil_moisture_AM.asc
NCOLS 484 
NROWS 482 
XLLCORNER -73.9762636472426 
YLLCORNER -33.7137726130056 
CELLSIZE 0.0808483755707569 
NODATA_value -9999 
[rows 240 to 263 of 482, columns 324 to 377 of 484]
0.218329265713692 0.218431323766708 0.214773491024971 0.210584253072739 0.200086340308189 0.189249128103256 0.180148378014565 0.180148378014565 0.169071733951569 0.159301981329918 0.151439979672432 0.144470021128654 0.143117323517799 0.14839605987072 0.14839605987072 0.156447902321815 0.159851789474487 0.154459044337273 0.139381557703018 0.123967655003071 0.11330272257328 0.11330272257328 0.106074020266533 0.101162619888783 0.0974361300468445 0.0920674577355385 0.0874771103262901 0.0871647596359253 0.0871647596359253 0.0867799893021584 0.087345115840435 0.0916368588805199 0.0965204164385796 0.0994830206036568 0.101883187890053 0.101883187890053 0.102593667805195 0.106576956808567 0.111036084592342 0.11755308508873 0.12758295238018 0.12758295238018 0.134957745671272 0.140750855207443 0.14433678984642 0.14337295293808 0.141727522015572 0.13696850836277 0.13696850836277 0.133678749203682 0.12795501947403 0.120612919330597 0.113767817616463 0.105350255966187
0.21530544757843 0.214148432016373 0.209780186414719 0.206838890910149 0.198448210954666 0.190867051482201 0.182521417737007 0.182521417737007 0.172076016664505 0.161689341068268 0.152606666088104 0.144661292433739 0.141864985227585 0.146373450756073 0.146373450756073 0.15504153072834 0.161965742707253 0.159220159053802 0.14346481859684 0.126851737499237 0.114866398274899 0.114866398274899 0.108121782541275 0.105524830520153 0.102098472416401 0.0953884199261665 0.0901097655296326 0.0876463130116463 0.0876463130116463 0.0859587118029594 0.0863471403717995 0.0915719121694565 0.0962442606687546 0.0995748788118362 0.103653006255627 0.103653006255627 0.104934111237526 0.109693422913551 0.113646529614925 0.120921403169632 0.130100101232529 0.130100101232529 0.136572122573853 0.141465276479721 0.144043311476707 0.142850980162621 0.142100855708122 0.139584481716156 0.139584481716156 0.137157827615738 0.130298659205437 0.121391199529171 0.113138243556023 0.105023562908173
0.215207636356354 0.212696000933647 0.209893926978111 0.207293689250946 0.197753965854645 0.192357867956161 0.184916377067566 0.184916377067566 0.175359591841698 0.165912196040154 0.155133098363876 0.146545141935349 0.142209395766258 0.146017596125603 0.146017596125603 0.155048623681068 0.164641544222832 0.163758262991905 0.149302408099174 0.130784347653389 0.116170443594456 0.116170443594456 0.107829682528973 0.105515487492085 0.103507898747921 0.0968122705817223 0.0905261039733887 0.0875541940331459 0.0875541940331459 0.0863264799118042 0.0876497253775597 0.0922151654958725 0.0961765199899673 0.100881144404411 0.1050109192729 0.1050109192729 0.107098013162613 0.111444361507893 0.114705100655556 0.122001819312572 0.129968643188477 0.129968643188477 0.137243092060089 0.142631962895393 0.145345628261566 0.144541725516319 0.145733639597893 0.145083367824554 0.145083367824554 0.142075836658478 0.134461581707001 0.123700223863125 0.114838920533657 0.105505526065826
0.211298495531082 0.209408730268478 0.207694843411446 0.205051228404045 0.194473832845688 0.191003113985062 0.185479909181595 0.185479909181595 0.178604573011398 0.171593204140663 0.159498170018196 0.150556951761246 0.143793731927872 0.146055147051811 0.146055147051811 0.155361548066139 0.165271073579788 0.165179580450058 0.152528792619705 0.133154049515724 0.117639765143394 0.117639765143394 0.108399853110313 0.105087012052536 0.103159375488758 0.0974245965480804 0.0912294536828995 0.0879131034016609 0.0879131034016609 0.0866245999932289 0.088599868118763 0.0930900350213051 0.0977354273200035 0.102211602032185 0.107759185135365 0.107759185135365 0.110303655266762 0.11316404491663 0.11538965255022 0.121027246117592 0.12745176255703 0.12745176255703 0.135321959853172 0.14095501601696 0.143960252404213 0.143494516611099 0.145874187350273 0.146403685212135 0.146403685212135 0.159964680671692 0.136416435241699 0.124431245028973 0.115904182195663 0.106196381151676
0.209228411316872 0.206259921193123 0.20390759408474 0.201292246580124 0.19192598760128 0.188876032829285 0.184985280036926 0.184985280036926 0.180290043354034 0.175163224339485 0.164432004094124 0.156205266714096 0.148734331130981 0.15001006424427 0.15001006424427 0.156833067536354 0.163448303937912 0.161479279398918 0.151053249835968 0.133538275957108 0.119189076125622 0.119189076125622 0.109601318836212 0.104923084378242 0.102437064051628 0.0973744168877602 0.0921832621097565 0.0887161940336227 0.0887161940336227 0.0872252285480499 0.0896969959139824 0.0956875383853912 0.101659215986729 0.105192750692368 0.109629012644291 0.109629012644291 0.112005576491356 0.115284122526646 0.117026716470718 0.120434559881687 0.12382198870182 0.12382198870182 0.13041278719902 0.135066464543343 0.139208227396011 0.141126036643982 0.144088789820671 0.145880877971649 0.145880877971649 0.144073724746704 0.136234253644943 0.124559156596661 0.11580391228199 0.106603652238846
0.209052175283432 0.204124853014946 0.201074048876762 0.195376768708229 0.187519297003746 0.184931680560112 0.182172432541847 0.182172432541847 0.180660739541054 0.176993533968925 0.167550250887871 0.15963913500309 0.153486534953117 0.154488459229469 0.154488459229469 0.158984690904617 0.162721022963524 0.157876133918762 0.147480204701424 0.13176454603672 0.118507549166679 0.118507549166679 0.109203785657883 0.10302734375 0.0999104678630829 0.0951711237430573 0.091481164097786 0.0897461399435997 0.0897461399435997 0.0892957299947739 0.0927551910281181 0.0986240282654762 0.104889333248138 0.107459761202335 0.109980255365372 0.109980255365372 0.112094417214394 0.115302123129368 0.117766372859478 0.11909493803978 0.121109507977962 0.121109507977962 0.126407742500305 0.129527792334557 0.133951008319855 0.135883957147598 0.138415560126305 0.140887513756752 0.140887513756752 0.139630019664764 0.133942097425461 0.124608635902405 0.116140700876713 0.107023037970066
0.209413036704063 0.203219264745712 0.200352400541306 0.190747112035751 0.183544397354126 0.181519344449043 0.180074438452721 0.180074438452721 0.180813685059547 0.176946505904198 0.169810444116592 0.164058431982994 0.15946127474308 0.160992085933685 0.160992085933685 0.161992654204369 0.162220776081085 0.155489072203636 0.143774181604385 0.130165472626686 0.118208490312099 0.118208490312099 0.109507702291012 0.103015191853046 0.0987940058112144 0.0947133749723434 0.0934137254953384 0.0931459218263626 0.0931459218263626 0.0935214459896088 0.0989976599812508 0.103093020617962 0.108391664922237 0.110168360173702 0.111417718231678 0.111417718231678 0.113901227712631 0.116490796208382 0.11984083801508 0.121358953416348 0.12232980132103 0.12232980132103 0.126795649528503 0.128723442554474 0.13153500854969 0.132250100374222 0.133512511849403 0.137114986777306 0.137114986777306 0.136975646018982 0.131988063454628 0.123949073255062 0.114476434886456 0.105600282549858
0.209719210863113 0.201481848955154 0.199425384402275 0.188368067145348 0.180930092930794 0.178778856992722 0.177988350391388 0.177988350391388 0.179056480526924 0.175421759486198 0.169621407985687 0.165982216596603 0.162964791059494 0.165472194552422 0.165472194552422 0.164512813091278 0.162720590829849 0.155599743127823 0.14261132478714 0.130228981375694 0.119023479521275 0.119023479521275 0.11055688560009 0.104373119771481 0.0994765609502792 0.0955453664064407 0.0958561077713966 0.0966854467988014 0.0966854467988014 0.097535528242588 0.103480771183968 0.106490358710289 0.111557096242905 0.113476544618607 0.114722482860088 0.114722482860088 0.117407374083996 0.121427431702614 0.124942123889923 0.125675708055496 0.126373335719109 0.126373335719109 0.128603592514992 0.129360228776932 0.131946921348572 0.133078917860985 0.133370116353035 0.153285920619965 0.153285920619965 0.136562690138817 0.130981251597404 0.123725920915604 0.11330559104681 0.103799656033516
0.209219142794609 0.199901774525642 0.196964845061302 0.186007544398308 0.178877964615822 0.176273673772812 0.175625413656235 0.175625413656235 0.176222205162048 0.174500063061714 0.169704794883728 0.167192801833153 0.165293797850609 0.169423252344131 0.169423252344131 0.168268918991089 0.164968386292458 0.158429026603699 0.144023448228836 0.131981998682022 0.121485233306885 0.121485233306885 0.112574398517609 0.107536390423775 0.102354407310486 0.0976285338401794 0.0990847423672676 0.0998749732971191 0.0998749732971191 0.103066325187683 0.109321907162666 0.113118223845959 0.117275409400463 0.117795713245869 0.11809004843235 0.11809004843235 0.122675620019436 0.126179859042168 0.130293548107147 0.129850566387177 0.13060137629509 0.13060137629509 0.132719308137894 0.133964896202087 0.135142728686333 0.136933282017708 0.137251123785973 0.154563948512077 0.154563948512077 0.136995062232018 0.129576027393341 0.121188692748547 0.111038513481617 0.102277249097824
0.204570814967155 0.196990877389908 0.190959811210632 0.182717874646187 0.175921842455864 0.173988223075867 0.173894256353378 0.173894256353378 0.173706516623497 0.172827184200287 0.169800102710724 0.169002026319504 0.167527556419373 0.171367734670639 0.171367734670639 0.170085191726685 0.166362032294273 0.159786701202393 0.145488530397415 0.134113892912865 0.124441348016262 0.124441348016262 0.11559696495533 0.111236676573753 0.106297746300697 0.102148309350014 0.102048493921757 0.102904960513115 0.102904960513115 0.106893993914127 0.113982170820236 0.119496636092663 0.122017309069633 0.124465689063072 0.124425157904625 0.124425157904625 0.129313081502914 0.134098872542381 0.136699110269547 0.135097086429596 0.134234711527824 0.134234711527824 0.135964870452881 0.141099780797958 0.142789289355278 0.14334611594677 0.143360361456871 0.139609038829803 0.139609038829803 0.137743800878525 0.128961876034737 0.119799949228764 0.110022813081741 0.101724073290825
0.195913568139076 0.188467293977737 0.178489327430725 0.171937197446823 0.168940722942352 0.169248476624489 0.170498549938202 0.170498549938202 0.170296013355255 0.170694947242737 0.169382408261299 0.170995280146599 0.17247948050499 0.174786552786827 0.174786552786827 0.172896862030029 0.17100664973259 0.164947330951691 0.15475694835186 0.144561722874641 0.134625047445297 0.134625047445297 0.127788841724396 0.121783807873726 0.116226613521576 0.111811086535454 0.108691409230232 0.108798332512379 0.108798332512379 0.114275373518467 0.120162054896355 0.126192852854729 0.126083061099052 0.124354057013988 0.124589875340462 0.124589875340462 0.129690170288086 0.136154964566231 0.14078913629055 0.143754556775093 0.147211521863937 0.147211521863937 0.152956992387772 0.161839112639427 0.16293178498745 0.15437114238739 0.143277406692505 0.132398679852486 0.132398679852486 0.12627500295639 0.120589457452297 0.1136170104146 0.107488803565502 0.0996796116232872
0.193591594696045 0.186688959598541 0.17590968310833 0.167974695563316 0.164881929755211 0.167587503790855 0.169594720005989 0.169594720005989 0.168670818209648 0.168593570590019 0.169357255101204 0.171224251389503 0.173700824379921 0.17617966234684 0.17617966234684 0.174346551299095 0.173452034592628 0.16749295592308 0.159930109977722 0.151131048798561 0.142290160059929 0.142290160059929 0.135239735245705 0.127385929226875 0.121347852051258 0.116429038345814 0.11303173750639 0.113790318369865 0.113790318369865 0.117853097617626 0.122778221964836 0.126721009612083 0.125033989548683 0.121896833181381 0.122888751327991 0.122888751327991 0.129542976617813 0.135365143418312 0.141458317637444 0.145563691854477 0.149986445903778 0.149986445903778 0.161663398146629 0.169099822640419 0.168589636683464 0.155513346195221 0.138159081339836 0.127135202288628 0.127135202288628 0.120224088430405 0.116029530763626 0.110472202301025 0.105508781969547 0.0987185537815094
0.195041388273239 0.186773464083672 0.176619172096252 0.167082592844963 0.164530500769615 0.166906997561455 0.169725239276886 0.169725239276886 0.169934511184692 0.170148819684982 0.172137558460236 0.173530921339989 0.175755873322487 0.175702661275864 0.175702661275864 0.173546016216278 0.173847451806068 0.169607669115067 0.163201808929443 0.156831502914429 0.149250030517578 0.149250030517578 0.142470180988312 0.133855357766151 0.126956075429916 0.121476829051971 0.116915233433247 0.117801055312157 0.117801055312157 0.122039504349232 0.125609785318375 0.127689123153687 0.125300273299217 0.119501166045666 0.12101898342371 0.12101898342371 0.12699656188488 0.132907703518867 0.141368553042412 0.14643269777298 0.152974843978882 0.152974843978882 0.167461350560188 0.170078918337822 0.168286293745041 0.153389751911163 0.13457752764225 0.123850330710411 0.123850330710411 0.117619946599007 0.113210797309875 0.108013764023781 0.102798901498318 0.0968688651919365
0.195594117045403 0.186927139759064 0.177800983190536 0.168376669287682 0.166272968053818 0.167970433831215 0.172393530607224 0.172393530607224 0.173755183815956 0.172303482890129 0.174852848052979 0.175782203674316 0.179402008652687 0.179249778389931 0.179249778389931 0.175719827413559 0.17535437643528 0.170890256762505 0.164842382073402 0.159942239522934 0.153210565447807 0.153210565447807 0.14726847410202 0.140139937400818 0.132690146565437 0.126073241233826 0.120014503598213 0.12077759206295 0.12077759206295 0.124535091221333 0.128277733922005 0.13009674847126 0.126842439174652 0.120969161391258 0.122488409280777 0.122488409280777 0.126621335744858 0.130720570683479 0.138649091124535 0.144374415278435 0.15207239985466 0.15207239985466 0.165395990014076 0.165506049990654 0.16504892706871 0.151525050401688 0.136709704995155 0.125760450959206 0.125760450959206 0.118081100285053 0.112938597798347 0.106045633554459 0.101020626723766 0.0963499471545219
0.199715048074722 0.187249928712845 0.179580345749855 0.171114593744278 0.169198468327522 0.170824095606804 0.176732525229454 0.176732525229454 0.178706288337708 0.178365409374237 0.180002599954605 0.17908476293087 0.18020848929882 0.179427355527878 0.179427355527878 0.176314786076546 0.175547137856483 0.172393038868904 0.16733007133007 0.163314178586006 0.157168880105019 0.157168880105019 0.151522070169449 0.145337760448456 0.136838719248772 0.129893213510513 0.123068034648895 0.121906906366348 0.121906906366348 0.125516653060913 0.129903599619865 0.131037309765816 0.12755911052227 0.123165838420391 0.124578565359116 0.124578565359116 0.126411482691765 0.131119191646576 0.137257814407349 0.142403125762939 0.150045812129974 0.150045812129974 0.159603759646416 0.161340668797493 0.158930644392967 0.152211755514145 0.141275510191917 0.130655974149704 0.130655974149704 0.121744699776173 0.113278694450855 0.106845781207085 0.100361369550228 0.096810445189476
0.199230447411537 0.187690213322639 0.181186974048615 0.17455130815506 0.174168094992638 0.175780668854713 0.180977791547775 0.180977791547775 0.183914378285408 0.182729169726372 0.180881559848785 0.178830578923225 0.176960870623589 0.177562654018402 0.177562654018402 0.176407188177109 0.175073891878128 0.173372253775597 0.167686611413956 0.164753586053848 0.157506421208382 0.157506421208382 0.151904702186584 0.145305722951889 0.136449351906776 0.129816144704819 0.123450987040997 0.120686486363411 0.120686486363411 0.12372063845396 0.129685506224632 0.132313147187233 0.130499243736267 0.126581743359566 0.127167224884033 0.127167224884033 0.128031045198441 0.131933882832527 0.136929363012314 0.142830148339272 0.151102304458618 0.151102304458618 0.157969430088997 0.159626916050911 0.170869305729866 0.149624511599541 0.141545116901398 0.132233202457428 0.132233202457428 0.12282058596611 0.112966641783714 0.106122888624668 0.101331561803818 0.099201612174511
0.198659539222717 0.190994441509247 0.183664560317993 0.180646598339081 0.180431425571442 0.182812392711639 0.185639321804047 0.185639321804047 0.188397333025932 0.185716137290001 0.180714473128319 0.178278237581253 0.173536598682404 0.17449027299881 0.17449027299881 0.174732863903046 0.172350466251373 0.172077178955078 0.167031958699226 0.165232434868813 0.158167779445648 0.158167779445648 0.150208532810211 0.142863556742668 0.134657338261604 0.128200560808182 0.121792785823345 0.120180241763592 0.120180241763592 0.12320265173912 0.128977358341217 0.134087055921555 0.134319439530373 0.131846278905869 0.131966397166252 0.131966397166252 0.132508173584938 0.135117456316948 0.139768809080124 0.146062985062599 0.153454124927521 0.153454124927521 0.158940210938454 0.159308567643166 0.154065549373627 0.148088708519936 0.140535473823547 0.132413387298584 0.132413387298584 0.123360998928547 0.113174714148045 0.106399454176426 0.10431694239378 0.103012062609196
0.197042390704155 0.193729355931282 0.187711149454117 0.184803783893585 0.186582282185555 0.188816979527473 0.191354304552078 0.191354304552078 0.190990060567856 0.186840310692787 0.179745584726334 0.175144791603088 0.168056696653366 0.167616933584213 0.167616933584213 0.167906045913696 0.167026326060295 0.169149458408356 0.165503710508347 0.164955496788025 0.158105939626694 0.158105939626694 0.148728609085083 0.14025467634201 0.133074447512627 0.127297192811966 0.123459063470364 0.120856389403343 0.120856389403343 0.122781112790108 0.12737238407135 0.132176771759987 0.13494037091732 0.132617548108101 0.134548857808113 0.134548857808113 0.133397445082664 0.136301130056381 0.142306342720985 0.149720385670662 0.155798822641373 0.155798822641373 0.160666048526764 0.159282386302948 0.1499283015728 0.142836734652519 0.136901944875717 0.131378889083862 0.131378889083862 0.124021738767624 0.114773884415627 0.108493238687515 0.107031241059303 0.105943597853184
0.192277356982231 0.191411092877388 0.189780309796333 0.191992491483688 0.193875625729561 0.194681614637375 0.196053236722946 0.196053236722946 0.193997263908386 0.188695460557938 0.180224046111107 0.172440022230148 0.165734022855759 0.163933768868446 0.163933768868446 0.164178118109703 0.164597719907761 0.166468217968941 0.164939299225807 0.164144948124886 0.156600669026375 0.156600669026375 0.147101283073425 0.1380854845047 0.130475699901581 0.126296818256378 0.124685235321522 0.120661079883575 0.120661079883575 0.122517101466656 0.125958874821663 0.131126746535301 0.134782060980797 0.135460689663887 0.138074547052383 0.138074547052383 0.135281950235367 0.138077527284622 0.14517730474472 0.15320773422718 0.159249320626259 0.159249320626259 0.162430107593536 0.158491432666779 0.147920370101929 0.137808755040169 0.132608816027641 0.127428889274597 0.127428889274597 0.121832244098186 0.114884413778782 0.109743051230907 0.110359705984592 0.110744751989841
0.190877303481102 0.189034909009933 0.19076706469059 0.195002511143684 0.198303163051605 0.198455721139908 0.199700579047203 0.199700579047203 0.19711846113205 0.191732853651047 0.183653756976128 0.174987241625786 0.169240772724152 0.16676127910614 0.16676127910614 0.165926083922386 0.166255697607994 0.167363822460175 0.165863752365112 0.163306951522827 0.155193507671356 0.155193507671356 0.146407887339592 0.138409659266472 0.13247075676918 0.129192888736725 0.126860499382019 0.123368851840496 0.123368851840496 0.124905474483967 0.126793950796127 0.131516426801682 0.135036528110504 0.135179489850998 0.135960623621941 0.135960623621941 0.135648116469383 0.139744684100151 0.147663310170174 0.156323596835136 0.16094084084034 0.16094084084034 0.160359919071198 0.156914412975311 0.144534602761269 0.134616479277611 0.128366440534592 0.124353155493736 0.124353155493736 0.122286468744278 0.117459170520306 0.114174246788025 0.115235388278961 0.115932546555996
0.191194295883179 0.189977064728737 0.191384389996529 0.19560344517231 0.199846312403679 0.20019319653511 0.202268466353416 0.202268466353416 0.199788466095924 0.195402130484581 0.189172074198723 0.181002959609032 0.175462990999222 0.173015713691711 0.173015713691711 0.17149406671524 0.17134727537632 0.171605318784714 0.168809339404106 0.162677779793739 0.153678968548775 0.153678968548775 0.145560562610626 0.13907565176487 0.135089203715324 0.132024735212326 0.129841178655624 0.126010432839394 0.126010432839394 0.12701316177845 0.129405975341797 0.132745757699013 0.134765625 0.135237485170364 0.13401298224926 0.13401298224926 0.136045083403587 0.142357423901558 0.149670869112015 0.158584028482437 0.161792546510696 0.161792546510696 0.161056578159332 0.154759407043457 0.140757769346237 0.130930408835411 0.125390097498894 0.122414603829384 0.122414603829384 0.121990509331226 0.11963427811861 0.11712259799242 0.120080649852753 0.121427774429321
0.20019893348217 0.198240414261818 0.199044346809387 0.203878611326218 0.20483709871769 0.208885073661804 0.210721224546432 0.210721224546432 0.205190852284431 0.199190527200699 0.195334926247597 0.189171731472015 0.184531897306442 0.180336877703667 0.180336877703667 0.176626160740852 0.173296019434929 0.171192228794098 0.167072534561157 0.158953875303268 0.150787234306335 0.150787234306335 0.143782779574394 0.140281364321709 0.137586459517479 0.135759353637695 0.133021473884583 0.129644721746445 0.129644721746445 0.130144715309143 0.134256169199944 0.13694278895855 0.139741614460945 0.142315089702606 0.140561416745186 0.140561416745186 0.143404826521873 0.14639313519001 0.148412302136421 0.151865556836128 0.151252970099449 0.151252970099449 0.149653881788254 0.145544767379761 0.134547308087349 0.1272893846035 0.123065628111362 0.120959274470806 0.120959274470806 0.120584756135941 0.120869517326355 0.120389834046364 0.124024212360382 0.129555314779282
0.203811794519424 0.204355210065842 0.206668972969055 0.210313469171524 0.210104197263718 0.210807248950005 0.210576862096786 0.210576862096786 0.204191446304321 0.197873130440712 0.193958058953285 0.187933668494225 0.184874027967453 0.180328324437141 0.180328324437141 0.175640881061554 0.171718195080757 0.168836683034897 0.164835542440414 0.158523797988892 0.151751548051834 0.151751548051834 0.145043462514877 0.141941517591476 0.138580709695816 0.136318504810333 0.135290220379829 0.132554441690445 0.132554441690445 0.13224433362484 0.135061770677567 0.136045679450035 0.139260768890381 0.142551302909851 0.14421021938324 0.14421021938324 0.144340395927429 0.143824338912964 0.142771482467651 0.142610028386116 0.142742067575455 0.142742067575455 0.143220841884613 0.140661314129829 0.13303430378437 0.128860324621201 0.125433266162872 0.123808145523071 0.123808145523071 0.122132942080498 0.122836597263813 0.122861504554749 0.124822288751602 0.12962307035923
0.207591891288757 0.211617395281792 0.214957550168037 0.21547569334507 0.212919667363167 0.211528152227402 0.209051504731178 0.209051504731178 0.204885318875313 0.199344098567963 0.195379793643951 0.190015643835068 0.18679291009903 0.180435970425606 0.180435970425606 0.174597591161728 0.170939728617668 0.166529342532158 0.163066580891609 0.15857782959938 0.151904061436653 0.151904061436653 0.145100742578506 0.141666516661644 0.138092964887619 0.136923909187317 0.136494651436806 0.134868338704109 0.134868338704109 0.133437722921371 0.135059967637062 0.136671110987663 0.139909148216248 0.1456129103899 0.14580574631691 0.14580574631691 0.143680453300476 0.1395263671875 0.136155560612679 0.134353250265121 0.136396154761314 0.136396154761314 0.139385163784027 0.13778692483902 0.133576348423958 0.132351368665695 0.129708722233772 0.128866404294968 0.128866404294968 0.129084050655365 0.129788190126419 0.129751190543175 0.129013612866402 0.13186764717102
