Geospatial/Brazil_cattle_production.asc
NCOLS 470 
NROWS 468 
XLLCORNER -74 
YLLCORNER -33.75 
CELLSIZE 0.0833333333333333 
NODATA_value -9999 
[rows 225 to 249 of 468, columns 165 to 219 of 470]
1402.44317626953 887.010955810547 1314.74517822266 2537.36370849609 1579.82049560547 1765.68377685547 1284.58581542969 1282.02667236328 938.276672363281 1061.8581237793 919.328765869141 914.983581542969 957.231353759766 868.168090820312 935.965179443359 1017.93035888672 1022.78466796875 1022.71105957031 1129.36059570312 1075.41088867188 995.779724121094 1118.37902832031 972.847137451172 1035.31359863281 1169.67858886719 1100.53149414062 1005.44500732422 989.274200439453 918.274261474609 1063.29370117188 1025.37915039062 1019.78353881836 881.729217529297 723.442596435547 625.979034423828 381.660110473633 381.650543212891 411.557815551758 859.209869384766 1728.88775634766 1781.97875976562 1990.33984375 2030.66809082031 2407.19262695312 2160.70288085938 926.369369506836 933.853088378906 1112.86285400391 1302.32696533203 1230.47149658203 1111.90270996094 1247.30725097656 1206.47229003906 1122.24401855469 1156.51263427734
1334.92132568359 741.016891479492 1287.94647216797 3072.47155761719 2043.96813964844 1786.73461914062 1729.39428710938 1436.7958984375 1206.16284179688 1303.32092285156 987.579345703125 937.246154785156 970.366455078125 907.005615234375 892.161590576172 1020.62002563477 973.956146240234 1019.4787902832 1044.3440246582 1078.68032836914 931.003936767578 935.440399169922 1086.89370727539 1220.67379760742 1051.6135559082 1120.57565307617 1072.64065551758 1119.4719543457 1092.49893188477 962.432342529297 966.782165527344 1029.79104614258 910.39794921875 991.834930419922 964.955352783203 495.835479736328 568.196929931641 1014.50619506836 1955.55517578125 2071.60461425781 2158.7841796875 1899.77471923828 1406.02731323242 2049.796875 2320.19897460938 1996.59637451172 1207.11590576172 1205.03338623047 1261.00805664062 1283.03125 1267.13702392578 1239.52893066406 1165.29345703125 1077.72894287109 1151.3291015625
1569.74951171875 1045.23568725586 915.064270019531 2519.69421386719 2093.18774414062 1563.64849853516 1696.92456054688 1322.38684082031 1288.62609863281 1158.56860351562 1064.35052490234 953.915435791016 1090.19500732422 911.907257080078 833.608795166016 963.745910644531 931.204528808594 1009.01681518555 1058.74642944336 1093.80648803711 1079.49630737305 883.676025390625 1084.64514160156 1007.39599609375 935.909210205078 1057.73376464844 993.956115722656 1071.51812744141 1001.29702758789 1138.71240234375 1003.82470703125 1105.27502441406 914.443267822266 1104.50396728516 1019.2956237793 712.825607299805 1420.04772949219 1959.1796875 2295.74951171875 2274.90979003906 1779.67474365234 1177.24163818359 858.489044189453 1861.67034912109 2255.0908203125 2162.30114746094 1254.15814208984 1288.45959472656 1407.58215332031 1231.85894775391 1410.30853271484 1173.98254394531 1218.23217773438 1111.80474853516 1101.255859375
1213.1298828125 1073.14505004883 1037.69869995117 1366.71893310547 2327.39001464844 2133.134765625 1314.64453125 1478.57647705078 1530.55554199219 1263.35809326172 1056.99017333984 950.660064697266 964.421356201172 953.568084716797 853.422515869141 1014.92715454102 1007.93505859375 947.865325927734 1079.45617675781 1067.39706420898 992.661682128906 926.100494384766 993.669555664062 1015.14978027344 991.643310546875 1033.89926147461 929.868469238281 1121.0768737793 1165.59097290039 1133.99380493164 1060.53091430664 981.316955566406 1046.36682128906 1098.84936523438 1083.96881103516 1323.72698974609 2390.88073730469 2170.33044433594 2266.46142578125 2075.58911132812 955.950286865234 866.372955322266 1061.39221191406 2100.63134765625 2581.55419921875 1971.83819580078 1167.83489990234 1409.24731445312 1343.04907226562 1295.92767333984 1455.05847167969 1298.99829101562 1116.8251953125 1240.98175048828 1231.58294677734
988.090148925781 1639.55572509766 2111.5751953125 1180.30548095703 837.392471313477 1188.32800292969 1061.57925415039 1349.28948974609 1522.02233886719 1276.28894042969 1040.80044555664 951.447967529297 979.1826171875 921.196105957031 997.779632568359 1110.98294067383 957.555053710938 946.707305908203 1080.33709716797 986.455505371094 926.655395507812 944.308258056641 1061.35977172852 1116.54611206055 1077.05032348633 1039.71450805664 1146.3805847168 1025.44064331055 1028.22402954102 1023.21859741211 1050.38632202148 931.188751220703 1027.75350952148 1035.17922973633 1007.17877197266 1060.87106323242 1845.42718505859 1450.97015380859 1185.435546875 1111.85467529297 1064.23712158203 1001.07992553711 1081.08346557617 1948.50769042969 1878.72576904297 1019.20666503906 857.066192626953 1064.37265014648 1321.62121582031 1117.890625 1392.99963378906 1304.31616210938 1151.04705810547 1034.7516784668 1071.56781005859
1065.2490234375 1423.60186767578 2019.55993652344 2118.0419921875 1275.66174316406 1242.67608642578 2212.41821289062 1180.53979492188 1350.04821777344 1445.29339599609 1119.05944824219 1031.44622802734 905.195861816406 910.7109375 951.081359863281 1031.35491943359 980.716278076172 1010.45587158203 1033.86303710938 896.107574462891 853.782104492188 930.657897949219 943.161712646484 1055.04425048828 964.241851806641 967.27001953125 1110.40881347656 930.580383300781 1062.32543945312 1051.54968261719 963.57763671875 1022.41845703125 1009.55392456055 1019.87911987305 989.74951171875 960.447784423828 1001.38455200195 990.444549560547 984.253662109375 1074.44952392578 1099.66754150391 965.139923095703 1432.78503417969 2243.66540527344 1904.82720947266 943.116668701172 790.450393676758 946.365997314453 965.4658203125 1236.65051269531 1397.87347412109 1240.822265625 1213.32574462891 1071.98272705078 1092.40097045898
3089.04162597656 3771.9306640625 3869.34387207031 2732.71350097656 2137.79913330078 2385.4736328125 1435.65032958984 1073.46740722656 2552.65197753906 3191.841796875 3190.17919921875 1025.39807128906 894.315643310547 915.621551513672 1210.90713500977 1709.91131591797 1534.51239013672 1543.2373046875 1513.46789550781 1644.61926269531 1567.86859130859 1588.17858886719 1522.50885009766 1594.83709716797 1514.30090332031 1633.41180419922 1024.85977172852 908.877746582031 1209.38430786133 1107.94509887695 1058.25082397461 1073.25213623047 940.734649658203 974.245880126953 963.765045166016 1020.66796875 1035.13333129883 1083.87475585938 1003.47470092773 981.026489257812 904.536437988281 944.651031494141 1803.72436523438 2351.75390625 1803.60729980469 1140.72802734375 790.250411987305 1053.20300292969 928.496032714844 1150.86474609375 1170.60583496094 1185.69665527344 1208.96954345703 1136.84820556641 1155.08581542969
4245.46899414062 3330.36633300781 4569.90502929688 4359.40356445312 3131.06762695312 3237.61340332031 3355.98815917969 2625.13854980469 3022.73077392578 3584.08642578125 3371.0361328125 2117.43920898438 889.612335205078 869.354736328125 1394.10467529297 1499.69519042969 1406.60214233398 1498.14953613281 1364.86856079102 1550.29040527344 1512.33459472656 1505.77484130859 1595.23651123047 1479.0537109375 1497.88122558594 1440.26617431641 941.333953857422 932.92138671875 1086.05001831055 1020.64077758789 962.738952636719 1005.05828857422 967.670043945312 1004.22973632812 1096.88092041016 1072.12939453125 1015.73196411133 977.47021484375 978.188262939453 1207.32830810547 1527.01593017578 1785.27337646484 1874.32763671875 1490.62255859375 1044.58908081055 1090.61071777344 1030.06869506836 1029.75228881836 1194.42053222656 1248.72930908203 1164.275390625 1141.54071044922 972.223236083984 1140.91326904297 1121.59396362305
4124.26696777344 4473.95776367188 5036.55200195312 4960.36376953125 4235.15869140625 3200.65161132812 5998.57495117188 3869.9501953125 3520.91174316406 3890.31555175781 3520.86450195312 2920.94750976562 952.328247070312 950.786895751953 1515.47924804688 1444.80807495117 1383.69573974609 1376.4391784668 1396.76116943359 1395.49746704102 1416.46520996094 1451.0866394043 1457.28161621094 1461.59991455078 1503.91821289062 1219.69866943359 1041.25241088867 1095.58261108398 1141.50869750977 905.367431640625 999.592041015625 2256.07592773438 2601.03942871094 2658.26611328125 3177.89416503906 3268.50122070312 2976.97253417969 3166.88427734375 2863.44604492188 3186.78295898438 3773.86706542969 3128.27282714844 2329.76190185547 2315.72229003906 1365.0810546875 1226.94958496094 1279.96844482422 869.151458740234 803.850769042969 1315.26654052734 1486.52679443359 1568.17114257812 1505.61096191406 1488.42114257812 1347.69158935547
5126.28149414062 3866.09436035156 4763.97387695312 3827.78344726562 3930.46789550781 4822.87622070312 6625.85131835938 4163.66137695312 3284.60632324219 3461.28784179688 3643.84997558594 1466.28540039062 928.631805419922 1629.62420654297 1990.51489257812 1374.32339477539 1367.8205871582 1356.34045410156 1425.94952392578 1362.56982421875 1451.07473754883 1595.67041015625 1482.56439208984 1462.78112792969 1446.40490722656 1119.8869934082 1021.11166381836 1249.11608886719 1353.80187988281 1449.07580566406 2458.8251953125 3439.60144042969 3790.22033691406 3579.2744140625 3032.43041992188 2706.1826171875 2863.23181152344 3378.54553222656 3621.05322265625 4010.76501464844 4414.15539550781 3630.55078125 2876.49475097656 3903.10949707031 2298.20178222656 1369.08361816406 1235.90515136719 1225.32507324219 1242.71899414062 1396.49542236328 1301.25970458984 1565.92321777344 1589.58447265625 1465.33227539062 1430.71069335938
7991.47900390625 4233.30847167969 4605.732421875 4489.9755859375 4040.20422363281 5016.52587890625 5970.84057617188 6151.42553710938 4463.08764648438 3575.58215332031 3502.54553222656 1781.81866455078 3520.86340332031 4209.0966796875 2411.19482421875 1454.68338012695 1377.15802001953 1438.45596313477 1410.68829345703 1349.94003295898 1506.76300048828 1567.16998291016 1486.66949462891 1711.20458984375 1546.40747070312 1547.24328613281 1851.16625976562 1868.05078125 2063.46789550781 1871.98931884766 3599.83068847656 4633.24243164062 7634.564453125 6832.6064453125 6106.43774414062 4334.09057617188 3601.61682128906 4246.58032226562 4432.28283691406 4977.40881347656 5683.68041992188 4070.26281738281 3924.10754394531 4019.25524902344 2356.173828125 1333.54180908203 1323.11791992188 1370.23583984375 1325.33764648438 1325.06768798828 1472.48577880859 1665.61602783203 1773.96282958984 1573.88720703125 1460.79241943359
6291.79931640625 7356.369140625 5671.52490234375 4607.02722167969 4581.60986328125 4260.81713867188 5441.599609375 6519.033203125 6465.21801757812 4204.91223144531 3506.49853515625 3257.75122070312 4207.23999023438 4388.51794433594 2046.18347167969 1398.46850585938 1345.70376586914 1353.99331665039 1339.69967651367 1453.80560302734 1579.19165039062 1629.03979492188 1647.50848388672 1894.68426513672 1595.85791015625 1926.43908691406 1954.45434570312 2120.94415283203 2351.65753173828 2860.27191162109 5307.99047851562 8580.94677734375 6983.68115234375 5876.71069335938 8365.1796875 8780.8203125 11071.7021484375 11033.1064453125 9507.10888671875 8124.46166992188 6878.46118164062 4958.22998046875 4188.8828125 4083.86047363281 3519.93200683594 2272.52960205078 1566.29357910156 1394.58361816406 1306.55718994141 1611.6875 1925.22467041016 1934.58905029297 1850.98370361328 1619.56970214844 2026.71185302734
4791.41943359375 8011.38061523438 5748.31469726562 6743.81201171875 6438.58642578125 4481.15502929688 4402.77416992188 5758.21997070312 6998.4658203125 5367.7939453125 4386.50415039062 4103.72082519531 4390.81848144531 4191.07360839844 2525.87274169922 1449.55676269531 1358.76446533203 1436.40060424805 1420.52435302734 1684.27685546875 1536.53643798828 2004.74932861328 1923.80065917969 1938.25543212891 1532.42517089844 1952.79705810547 2087.30706787109 2197.10552978516 2694.32318115234 2717.29217529297 3624.8662109375 5841.19506835938 3314.27435302734 3355.32781982422 3297.63275146484 6265.484375 6370.96899414062 7533.30981445312 5587.43090820312 5882.64086914062 6860.53173828125 6107.04370117188 4527.90441894531 3324.80126953125 3215.93176269531 3022.48364257812 1862.40881347656 1412.78289794922 1754.68640136719 1757.7626953125 2084.78033447266 2006.01849365234 2022.51245117188 2547.08801269531 2216.11779785156
3549.82287597656 6326.12963867188 5804.82202148438 5908.09521484375 6498.07861328125 5069.931640625 5181.89453125 6008.64428710938 7943.61328125 7312.27734375 4326.76745605469 4548.43786621094 4055.31726074219 4312.09533691406 3601.58935546875 4026.912109375 3584.11376953125 3724.72607421875 1734.22802734375 1688.71044921875 1766.68756103516 1790.17419433594 1816.28887939453 1816.50268554688 1595.57397460938 1797.84234619141 2487.18530273438 2611.84191894531 2935.58068847656 3421.70764160156 3226.34924316406 2602.93530273438 2445.36401367188 2375.35736083984 3085.72668457031 2987.26184082031 3675.87060546875 3935.31420898438 4841.49682617188 5157.9140625 5823.78540039062 5801.26806640625 3905.00415039062 2906.36022949219 2965.734375 2979.9287109375 2127.90319824219 1581.90563964844 1879.66564941406 1861.03021240234 1895.31646728516 1913.52209472656 2107.69830322266 2371.16064453125 2669.17028808594
0 3639.08972167969 6007.54272460938 6125.12573242188 6411.12866210938 5572.28662109375 4836.384765625 5109.02319335938 4685.61206054688 5274.80810546875 6227.05346679688 4155.73413085938 4619.751953125 4374.19519042969 4471.490234375 4591.88635253906 4328.6845703125 3912.29809570312 2177.70361328125 1582.74224853516 1611.91003417969 1681.56451416016 1766.23217773438 1696.69427490234 1698.77868652344 1765.30035400391 2269.91888427734 3125.03216552734 2997.73138427734 2727.85186767578 2502.17730712891 2869.44799804688 3078.23229980469 3476.40270996094 4766.462890625 4656.12890625 4680.90966796875 4888.25219726562 5673.98803710938 5981.52099609375 5547.6826171875 4952.1728515625 3262.51196289062 3038.62573242188 3112.67858886719 2889.78332519531 2173.97570800781 2056.91906738281 2547.62890625 2462.14599609375 2508.10021972656 2337.76049804688 2363.54565429688 2511.17700195312 2550.79650878906
0 4009.34204101562 6002.91772460938 6110.912109375 5560.45581054688 6762.12719726562 5440.5244140625 3988.68701171875 3823.4033203125 3236.71514892578 4608.63879394531 5964.2060546875 4200.54455566406 4514.33837890625 4460.0703125 4448.83679199219 4462.57458496094 3542.01770019531 2382.01623535156 1856.80322265625 1651.73077392578 1800.65887451172 2113.14392089844 1921.54229736328 2235.35809326172 3063.86010742188 3034.3671875 3786.47229003906 3217.97998046875 2958.14916992188 3844.77087402344 4724.80322265625 4850.30859375 4961.4326171875 4678.91015625 4553.1552734375 4311.03173828125 4967.4892578125 4934.66064453125 5444.73461914062 5099.28051757812 3583.98974609375 3183.48474121094 2917.20520019531 2677.87231445312 2513.53601074219 2612.90124511719 2350.38012695312 2156.12829589844 2393.02893066406 2120.09790039062 2119.87805175781 2354.18505859375 2393.00268554688 1641.77691650391
0 592.180908203125 5370.41748046875 5958.67041015625 6265.94921875 5980.82666015625 6907.04272460938 5725.99194335938 5297.72021484375 3218.52731323242 3700.19348144531 7739.208984375 4903.89965820312 4192.08349609375 4607.84252929688 4738.537109375 4707.76696777344 2991.70910644531 2368.44201660156 2430.71740722656 2569.99584960938 2589.07861328125 2657.27136230469 2584.33911132812 2384.56866455078 2737.79675292969 2945.79345703125 3819.97021484375 3681.57385253906 3251.15319824219 5062.88916015625 4808.89721679688 4604.34936523438 3944.18298339844 4253.17224121094 4809.54711914062 4031.43798828125 3897.34191894531 4591.92456054688 5113.27294921875 4054.44384765625 3082.1611328125 2961.88244628906 2666.56579589844 2333.14685058594 2393.61730957031 2511.96044921875 2172.76440429688 2389.54443359375 2441.70654296875 2360.53771972656 1821.92736816406 1590.47607421875 1368.62652587891 859.497497558594
2566.53784179688 0 1816.47216796875 6266.76000976562 6764.18798828125 5675.84765625 6053.55297851562 7396.2900390625 7200.08569335938 5052.86804199219 5148.14526367188 6987.94653320312 5503.83935546875 4683.16577148438 4676.05493164062 4363.50646972656 4103.62377929688 2435.92120361328 2270.88171386719 2583.51831054688 2691.83068847656 2991.50036621094 3214.97534179688 3117.23901367188 3340.19348144531 3667.95666503906 3649.54577636719 3364.98706054688 2787.68041992188 2692.8095703125 3581.12817382812 3478.96423339844 2971.55114746094 3091.52453613281 3735.8779296875 4182.47448730469 4019.73950195312 3516.98950195312 2534.53228759766 2944.32287597656 3617.109375 3134.92687988281 2878.73999023438 2260.55834960938 2557.33044433594 2447.18151855469 2342.60595703125 2483.18896484375 2606.58605957031 2134.85327148438 2133.71643066406 1641.81018066406 1429.87799072266 1227.15179443359 707.359939575195
9501.7939453125 1175.72299194336 4546.35034179688 6922.11865234375 6983.66088867188 5375.49560546875 6462.16723632812 6766.55444335938 8035.35034179688 7463.43994140625 6288.154296875 5970.62963867188 5994.90014648438 5930.24047851562 4953.658203125 4443.50085449219 7994.65795898438 12284.4575195312 8105.32788085938 7944.6728515625 8310.86352539062 8585.69702148438 9420.2109375 12638.841796875 14820.9506835938 14603.9340820312 15776.751953125 15039.2778320312 12132.5859375 11037.6433105469 10015.2084960938 2999.24108886719 2890.60021972656 3327.30444335938 3656.83215332031 3684.36047363281 4105.83435058594 3332.41223144531 2785.56604003906 3437.05590820312 3698.60534667969 3110.37707519531 2561.65344238281 2358.91333007812 2472.43322753906 2551.51245117188 3074.71630859375 3619.10864257812 2752.90600585938 1534.71380615234 1881.99499511719 1764.677734375 1462.87646484375 1286.02764892578 1246.62341308594
8708.0087890625 8715.57641601562 7757.12744140625 7151.83911132812 6358.8935546875 5809.94677734375 6421.794921875 6012.36059570312 6749.78076171875 7060.76416015625 6655.84423828125 6309.69360351562 5522.35229492188 6869.3525390625 5366.34643554688 6525.35327148438 10978.0732421875 16285.8681640625 10972.7114257812 9417.73388671875 11433.73828125 13396.8857421875 13997.2099609375 12554.0981445312 14702.7397460938 16424.341796875 16535.2724609375 15671.8896484375 11418.81640625 9310.8388671875 9104.45336914062 2886.27209472656 2631.15124511719 3021.28527832031 3640.20068359375 3630.38891601562 3646.654296875 3108.24426269531 3863.04370117188 3553.98657226562 4176.18334960938 2960.60632324219 2632.43151855469 2499.740234375 3079.69665527344 3797.64184570312 3948.908203125 3745.64599609375 3495.8544921875 2222.37683105469 1784.76898193359 1707.88073730469 1484.70684814453 1469.83905029297 1521.09197998047
7820.27563476562 8652.29614257812 8206.38891601562 5789.85620117188 5334.53161621094 5108.65222167969 5892.673828125 6186.7080078125 6312.87915039062 7853.62158203125 6671.17895507812 7152.78588867188 4903.64428710938 5784.44506835938 6748.3056640625 8007.95263671875 11001.7446289062 14940.001953125 14399.1518554688 12250.5893554688 11359.5532226562 10697.0888671875 10499.6879882812 11346.8056640625 8740.26318359375 11749.5336914062 11994.3500976562 13884.4067382812 10881.806640625 6855.5771484375 7066.6064453125 2733.85986328125 2428.64117431641 2617.62133789062 2757.94165039062 3475.56823730469 3230.68444824219 3758.6240234375 3632.85339355469 3103.93664550781 3100.69702148438 2263.41772460938 2335.23168945312 2860.53845214844 5143.39672851562 5539.1669921875 4278.21862792969 3584.73962402344 2375.2138671875 1984.07061767578 1921.93157958984 1307.77465820312 1465.71966552734 1554.32269287109 1603.53973388672
7006.01098632812 7663.3466796875 8731.10302734375 5514.00927734375 5313.20556640625 4529.94189453125 5125.44348144531 4978.86059570312 5793.41162109375 8208.97509765625 6906.103515625 9052.7041015625 8715.96337890625 7940.33349609375 7975.45629882812 9804.71484375 15671.2690429688 16555.90625 15759.6337890625 12471.8134765625 13172.0014648438 12260.943359375 12227.6728515625 11589.6918945312 8084.01538085938 8768.27294921875 9971.2216796875 9648.52783203125 9262.44091796875 7535.28735351562 5159.81689453125 2438.95251464844 2114.70141601562 2334.37860107422 2438.578125 3444.56677246094 4682.24194335938 5494.14331054688 4046.28601074219 3476.20178222656 2021.6318359375 2016.08764648438 3526.30297851562 6394.82080078125 5331.658203125 5313.40625 3660.46105957031 2946.69384765625 2033.51202392578 2134.01385498047 2021.83154296875 533.44108581543 0 890.206420898438 1350.64697265625
8274.82202148438 8131.22729492188 8714.73950195312 4831.43725585938 5286.78662109375 5981.6396484375 5664.27685546875 6245.28686523438 7338.11303710938 7777.76220703125 7834.21728515625 6959.5556640625 7735.33740234375 7514.85913085938 8424.33837890625 16366.4545898438 17840.5693359375 18428.671875 18678.0869140625 15622.9501953125 13638.921875 13663.8334960938 13242.3823242188 12869.4252929688 11508.6884765625 8485.63916015625 11456.8100585938 10373.3686523438 11341.4633789062 6289.63745117188 5402.44604492188 2853.24572753906 2356.54943847656 2440.30291748047 2478.30737304688 3620.22473144531 5781.09936523438 4812.16040039062 3867.708984375 2479.26293945312 1892.3681640625 2024.94458007812 4879.91455078125 5856.51879882812 5766.224609375 6169.4072265625 4056.60363769531 3101.53845214844 2025.66687011719 1821.2783203125 1977.11566162109 1729.34185791016 622.181030273438 1370.93688964844 1389.56640625
5898.20263671875 6858.59838867188 5289.51586914062 4787.97033691406 6027.7685546875 6982.767578125 7121.8798828125 6875.40771484375 7281.7431640625 7574.07934570312 6949.11083984375 7382.92724609375 7437.4140625 7664.58837890625 12006.6118164062 14769.1586914062 17289.4799804688 18442.671875 17164.2333984375 15054.6591796875 14193.509765625 16750.7114257812 16781.1025390625 15379.3139648438 16014.9536132812 13240.2231445312 12923.7319335938 12950.1298828125 11882.50390625 7402.72045898438 6116.07763671875 2407.59246826172 3113.07543945312 2355.89984130859 2634.97045898438 4593.7353515625 5098.69995117188 3472.08959960938 3488.5400390625 2566.7646484375 2012.03833007812 2135.38342285156 2376.97192382812 4845.48803710938 5589.84765625 4474.48510742188 3272.65270996094 3113.65380859375 2079.05871582031 1787.26373291016 1984.14483642578 2059.40582275391 1135.45104980469 1770.54718017578 1639.92840576172
2749.90490722656 6230.60229492188 5094.3466796875 4296.74377441406 4394.05529785156 5898.19165039062 5772.42895507812 6298.45483398438 2846.91247558594 5223.01416015625 6676.5068359375 7517.30786132812 7315.38745117188 7340.51513671875 10351.6826171875 14460.158203125 16208.916015625 17061.0947265625 16018.8935546875 15648.0903320312 15144.2333984375 16636.3837890625 16022.1323242188 15457.8764648438 15621.3125 14501.9350585938 9733.99731445312 13413.4370117188 14654.947265625 8908.93115234375 5969.51538085938 2926.75939941406 2598.80657958984 3007.47705078125 3754.87890625 5462.59350585938 4484.98693847656 1195.65682983398 2703.10852050781 2156.13525390625 2169.59692382812 2442.63342285156 2510.98229980469 2532.01953125 3036.31896972656 2734.98583984375 2948.24658203125 3019.47399902344 2645.43823242188 1926.14520263672 1470.82165527344 2081.54565429688 2091.85583496094 2090.0966796875 2207.31420898438
