Geospatial/Brazil_culex_q_map.asc
NCOLS 157 
NROWS 156 
XLLCORNER -74.0416666666668 
YLLCORNER -33.75 
CELLSIZE 0.25 
NODATA_value -9999 
[rows 48 to 71 of 156, columns 0 to 53 of 157]
-9999 0.0874060615897179 0.0908917188644409 0.0947031378746033 0.0963664054870605 0.0984396561980247 0.101765692234039 0.104910992085934 0.169614985585213 0.153604954481125 0.139411628246307 0.142486169934273 0.146750003099442 0.143377646803856 0.133451208472252 0.13157394528389 0.154798433184624 0.140454486012459 0.125975832343102 0.11320024728775 0.131454259157181 0.132813677191734 0.120578646659851 0.139884382486343 0.146217584609985 0.144800782203674 0.151760712265968 0.149097293615341 0.144804388284683 0.14388582110405 0.143061473965645 0.122627228498459 0.112751580774784 0.123224422335625 0.142935857176781 0.146959707140923 0.111684516072273 0.151925340294838 0.112286306917667 0.109425939619541 0.107480347156525 0.107469461858273 0.10532620549202 0.108945667743683 0.109941452741623 0.206700786948204 0.193417683243752 0.127920359373093 0.115674495697021 0.109565749764442 0.147196486592293 0.10990784317255 0.128212541341782 0.123791471123695
-9999 0.0889067277312279 0.0896488428115845 0.128925696015358 0.0930650308728218 0.09398303180933 0.0982144325971603 0.122428275644779 0.129057630896568 0.259492844343185 0.130787163972855 0.112470887601376 0.13041977584362 0.102647215127945 0.121355883777142 0.103024281561375 0.140203252434731 0.134744435548782 0.129922196269035 0.142972201108932 0.159408152103424 0.145535156130791 0.136361300945282 0.140796065330505 0.142572715878487 0.144330322742462 0.143233567476273 0.142026096582413 0.145841524004936 0.143054962158203 0.147864073514938 0.144510269165039 0.114703297615051 0.132459416985512 0.209930688142776 0.154938131570816 0.168391972780228 0.219829708337784 0.112382784485817 0.111243382096291 0.114159941673279 0.112133525311947 0.110565029084682 0.157800257205963 0.206988632678986 0.17076264321804 0.125922858715057 0.121690183877945 0.114015094935894 0.108292683959007 0.109605237841606 0.199577122926712 0.147828415036201 0.145632416009903
0.0909591019153595 0.0949870198965073 0.0889444723725319 0.143473356962204 0.114520557224751 0.208804741501808 0.122994646430016 0.102389171719551 0.0959939435124397 0.0974299386143684 0.0985158383846283 0.102423325181007 0.128668680787086 0.122608713805676 0.104345314204693 0.133183121681213 0.30304342508316 0.127119794487953 0.133565932512283 0.142956495285034 0.155060440301895 0.160881087183952 0.152714550495148 0.14507383108139 0.151924759149551 0.139175131917 0.13569663465023 0.140505313873291 0.167491555213928 0.192958429455757 0.175091773271561 0.149032518267632 0.170643731951714 0.153347939252853 0.312183320522308 0.263033181428909 0.352394461631775 0.310221433639526 0.14553701877594 0.136279761791229 0.124132089316845 0.115038454532623 0.122631914913654 0.277062743902206 0.288696318864822 0.227229803800583 0.116128847002983 0.122293457388878 0.132913380861282 0.112647265195847 0.112910650670528 0.169564113020897 0.130352258682251 0.159082546830177
0.0879112631082535 0.0882644429802895 0.0882439166307449 0.0966744795441628 0.337253600358963 0.486047238111496 0.161542013287544 0.108685456216335 0.0965421199798584 0.0971872583031654 0.099110908806324 0.105910524725914 0.120614930987358 0.123710237443447 0.131671085953712 0.134144693613052 0.144163370132446 0.104809060692787 0.107874125242233 0.110229440033436 0.134459719061852 0.152634516358376 0.158187970519066 0.130113020539284 0.142600581049919 0.144494891166687 0.14747017621994 0.195449560880661 0.291229903697968 0.209539204835892 0.219073295593262 0.199687600135803 0.202021718025208 0.233471512794495 0.245897382497787 0.147711515426636 0.164368450641632 0.173002302646637 0.149051576852798 0.114761479198933 0.233358964323997 0.270472556352615 0.151771783828735 0.513061225414276 0.403296500444412 0.203658431768417 0.177856832742691 0.120692521333694 0.127187982201576 0.220718950033188 0.119785383343697 0.181362137198448 0.216835230588913 0.154575958848
-9999 0.0900163650512695 0.0880057737231255 0.0913266316056252 0.124532908201218 0.232316836714745 0.173725977540016 0.124373398721218 0.101336732506752 0.0996884927153587 0.114437647163868 0.100989997386932 0.112575970590115 0.164484545588493 0.101590894162655 0.125415846705437 0.126200214028358 0.10270469635725 0.10549358278513 0.109283931553364 0.109014734625816 0.108018383383751 0.106968149542809 0.124806344509125 0.133155003190041 0.148764058947563 0.168232753872871 0.175600856542587 0.16342781484127 0.152782991528511 0.144245073199272 0.118429973721504 0.119715176522732 0.167967170476913 0.142757147550583 0.163293704390526 0.269488126039505 0.229535400867462 0.189638257026672 0.114503249526024 0.301681697368622 0.227571532130241 0.189119890332222 0.383919686079025 0.219021186232567 0.161157131195068 0.194237932562828 0.154184862971306 0.151391670107841 0.221310496330261 0.207189336419106 0.24033685028553 0.135160878300667 0.122036933898926
-9999 -9999 0.0879362151026726 0.0911587029695511 0.120172739028931 0.121499694883823 0.102345056831837 0.0990529805421829 0.100753650069237 0.0994890555739403 0.101634636521339 0.134101018309593 0.205473452806473 0.356091976165771 0.341473996639252 0.196669206023216 0.10280828922987 0.102581299841404 0.10541433095932 0.107460476458073 0.106987230479717 0.106549195945263 0.1067238971591 0.110905505716801 0.107026875019073 0.135658472776413 0.149229750037193 0.185241758823395 0.143450751900673 0.153093189001083 0.136519134044647 0.114980086684227 0.117529205977917 0.119877047836781 0.138115584850311 0.125399991869926 0.138752609491348 0.17221188545227 0.225620999932289 0.119769796729088 0.23745833337307 0.319749712944031 0.194525063037872 0.309113353490829 0.360291987657547 0.156431257724762 0.122729443013668 0.12399835139513 0.239882543683052 0.278798133134842 0.162472248077393 0.148348554968834 0.129729375243187 0.128165304660797
-9999 -9999 0.0895779803395271 0.0896423161029816 0.100689269602299 0.141630381345749 0.0977147743105888 0.098201185464859 0.0974122881889343 0.0973137840628624 0.0996035933494568 0.117189221084118 0.137204676866531 0.159115299582481 0.173958539962769 0.176260486245155 0.115854874253273 0.1017936617136 0.103967770934105 0.105077870190144 0.104842528700829 0.103688836097717 0.103694930672646 0.106032133102417 0.107530705630779 0.127915725111961 0.14916567504406 0.159352019429207 0.177049055695534 0.119978986680508 0.123053558170795 0.125037714838982 0.117805801331997 0.125425785779953 0.146382287144661 0.167717427015305 0.132312849164009 0.130600392818451 0.245392426848412 0.131609782576561 0.229098811745644 0.213394328951836 0.226774036884308 0.153346478939056 0.131022572517395 0.146488934755325 0.129821211099625 0.15176185965538 0.341962546110153 0.526999235153198 0.38019847869873 0.14549021422863 0.141242608428001 0.134383872151375
-9999 -9999 -9999 0.0885814428329468 0.107357956469059 0.0983491763472557 0.0993928015232086 0.103042244911194 0.0947653651237488 0.0998338386416435 0.0977384448051453 0.0973230600357056 0.107361152768135 0.116148740053177 0.103471755981445 0.101483032107353 0.113907612860203 0.101134411990643 0.101496703922749 0.104517437517643 0.134258225560188 0.106918312609196 0.100446395576 0.104584947228432 0.106571987271309 0.130779236555099 0.290484637022018 0.22054822742939 0.202113330364227 0.138378620147705 0.117633767426014 0.1155791208148 0.144554525613785 0.118045084178448 0.132915318012238 0.245100811123848 0.294004589319229 0.122861623764038 0.221006855368614 0.18489034473896 0.631831407546997 0.491723239421844 0.276447176933289 0.139947339892387 0.129318058490753 0.118908315896988 0.12108801305294 0.299379259347916 0.45572155714035 0.33255472779274 0.383302450180054 0.268608897924423 0.133221462368965 0.253039360046387
-9999 -9999 -9999 -9999 0.10115859657526 0.123048812150955 0.0935264527797699 0.0915488600730896 0.093734011054039 0.0943242162466049 0.0980101004242897 0.0961621552705765 0.1032879576087 0.119626179337502 0.0958451926708221 0.0963593646883965 0.0960469245910645 0.103399872779846 0.148221015930176 0.272325605154037 0.183424413204193 0.205651238560677 0.104843989014626 0.102580636739731 0.143213137984276 0.205512553453445 0.328900516033173 0.368961155414581 0.247322082519531 0.118043892085552 0.115022003650665 0.117478661239147 0.122072830796242 0.117064662277699 0.232982397079468 0.282228261232376 0.285518527030945 0.15910467505455 0.169175565242767 0.316298067569733 0.812604606151581 0.548401713371277 0.555582642555237 0.274125665426254 0.120254188776016 0.130633100867271 0.142399817705154 0.231127232313156 0.378329277038574 0.222927555441856 0.160343065857887 0.117985188961029 0.144575729966164 0.262110233306885
-9999 -9999 -9999 -9999 0.0856919810175896 0.092551700770855 0.0881560146808624 0.0905943512916565 0.13055494427681 0.0897035524249077 0.0908580720424652 0.0925317034125328 0.104506686329842 0.102015644311905 0.094568707048893 0.122260488569736 0.1212517619133 0.122435733675957 0.114331662654877 0.097675047814846 0.188293874263763 0.47109916806221 0.216668307781219 0.150032967329025 0.100387200713158 0.122027605772018 0.258830100297928 0.305981814861298 0.163086041808128 0.107432350516319 0.126124918460846 0.123994670808315 0.120593629777431 0.128686085343361 0.128865122795105 0.125341027975082 0.12733781337738 0.232231542468071 0.412896811962128 0.414930045604706 0.325073570013046 0.239341005682945 0.422991454601288 0.431239932775497 0.13298436999321 0.244257837533951 0.174977794289589 0.191685900092125 0.210662975907326 0.19693848490715 0.148578345775604 0.119524940848351 0.220247507095337 0.229678601026535
-9999 -9999 -9999 0.0811898410320282 0.0817488804459572 0.0895023494958878 0.0824348703026772 0.0832271724939346 0.0842386558651924 0.0849037691950798 0.0935631319880486 0.109797552227974 0.0961541309952736 0.089727409183979 0.103017441928387 0.0930160880088806 0.110422387719154 0.0922822579741478 0.094588503241539 0.0935050472617149 0.104171313345432 0.181694015860558 0.257666885852814 0.142878875136375 0.171377241611481 0.194859400391579 0.199926793575287 0.215189501643181 0.172847509384155 0.114083431661129 0.107013344764709 0.17154486477375 0.210993394255638 0.232152178883553 0.153185859322548 0.178325772285461 0.241132885217667 0.354340255260468 0.360411494970322 0.197776824235916 0.136650770902634 0.268172800540924 0.449060589075089 0.360777497291565 0.258118629455566 0.523254692554474 0.276743441820145 0.371173292398453 0.461791306734085 0.114022083580494 0.110120251774788 0.111582398414612 0.110913492739201 0.167562514543533
-9999 -9999 -9999 -9999 -9999 -9999 -9999 0.0798274725675583 0.0813766866922379 0.0911546424031258 0.102445356547832 0.0854570865631104 0.08628049492836 -9999 0.0916626900434494 0.091542087495327 0.0906568169593811 0.0910299569368362 0.0919724479317665 0.097801499068737 0.131639137864113 0.171561002731323 0.22966967523098 0.314557075500488 0.252443045377731 0.44615426659584 0.262284815311432 0.274894446134567 0.206167235970497 0.285907626152039 0.277578145265579 0.230279996991158 0.279071152210236 0.342140287160873 0.262152940034866 0.287891060113907 0.296819299459457 0.215975865721703 0.196288466453552 0.116399578750134 0.237012043595314 0.266372084617615 0.540129780769348 0.47808763384819 0.625570297241211 0.462387055158615 0.34047669172287 0.480622172355652 0.316351771354675 0.114524841308594 0.1154600456357 0.10773441195488 0.10977266728878 0.131370097398758
-9999 -9999 -9999 -9999 -9999 -9999 -9999 0.0772274285554886 0.0865849405527115 0.0840809568762779 0.0818115621805191 0.0840440467000008 -9999 -9999 0.087025448679924 0.0889589712023735 0.0901389494538307 0.0907618179917336 0.0907370075583458 0.0933228582143784 0.124669454991817 0.214786410331726 0.218397542834282 0.307313323020935 0.66248345375061 0.518191397190094 0.362510770559311 0.301342129707336 0.285325050354004 0.292588323354721 -9999 -9999 -9999 -9999 -9999 0.25905904173851 0.179345563054085 0.143647059798241 0.114771366119385 0.171953186392784 0.271489411592484 0.300481826066971 0.474058032035828 0.691000878810883 0.733871877193451 0.43230077624321 0.435615718364716 0.603933572769165 0.24827753007412 0.108207233250141 0.229081973433495 0.235818549990654 0.136465936899185 0.15554341673851
-9999 -9999 -9999 -9999 -9999 -9999 -9999 -9999 -9999 -9999 -9999 -9999 -9999 -9999 0.0887413248419762 0.0865078717470169 0.0874446928501129 0.0886320769786835 0.108415760099888 0.11674802005291 0.106824465095997 0.0934860482811928 0.129493549466133 0.212018817663193 0.478297293186188 0.554776608943939 0.496721565723419 0.421989679336548 -9999 -9999 -9999 -9999 -9999 -9999 -9999 0.293220490217209 0.25361168384552 0.225031241774559 0.141811013221741 0.259091854095459 0.589012801647186 0.367336511611938 0.579163908958435 0.540387332439423 0.58353590965271 0.463232725858688 0.590942978858948 0.581237375736237 0.332331925630569 0.140077829360962 0.213547646999359 0.165997594594955 0.187807992100716 0.327099710702896
-9999 -9999 -9999 -9999 -9999 -9999 -9999 -9999 -9999 -9999 -9999 -9999 -9999 -9999 0.0849701687693596 0.0839960277080536 0.087045393884182 0.0951540023088455 0.0969326719641685 0.0906504094600677 0.0900119841098785 0.0942194536328316 0.0911504030227661 0.16883260011673 0.220793306827545 0.386758089065552 0.285267353057861 -9999 -9999 -9999 -9999 -9999 -9999 -9999 -9999 0.427757740020752 0.473686039447784 0.301324218511581 0.116241030395031 0.188354626297951 0.480138957500458 0.454494953155518 0.576601207256317 0.396939277648926 0.641631484031677 0.62712824344635 0.79613447189331 0.723857641220093 0.59587574005127 0.135641351342201 0.31617671251297 0.260887414216995 0.16705210506916 0.254692882299423
-9999 -9999 -9999 -9999 -9999 -9999 -9999 -9999 -9999 -9999 -9999 -9999 -9999 -9999 0.0806808397173882 0.0872029811143875 0.089147113263607 0.0873581692576408 0.0904762670397758 0.187332883477211 0.135449469089508 0.196861371397972 0.399255722761154 0.284857034683228 0.2314692735672 -9999 -9999 -9999 -9999 -9999 -9999 -9999 -9999 -9999 0.469304233789444 0.434868097305298 0.285951524972916 0.166475206613541 0.117061764001846 0.158230900764465 0.453806787729263 0.631377756595612 0.363135725259781 0.333921611309052 0.597508549690247 0.657581925392151 0.637079775333405 0.775895714759827 0.704721510410309 0.260136753320694 0.442106127738953 0.30347803235054 0.104435972869396 0.132081776857376
-9999 -9999 -9999 -9999 -9999 -9999 -9999 -9999 -9999 -9999 -9999 -9999 -9999 -9999 0.079267829656601 0.0800595134496689 0.0813688784837723 0.239623308181763 0.183963179588318 0.252904027700424 0.318067312240601 0.375990808010101 0.249420419335365 -9999 -9999 -9999 -9999 -9999 -9999 -9999 -9999 -9999 -9999 -9999 -9999 0.493807077407837 0.184678107500076 0.10913161188364 0.104046881198883 0.108677163720131 0.112198397517204 0.215063482522964 0.134744912385941 0.11840433627367 0.604329526424408 0.676547110080719 0.596132636070251 0.703812420368195 0.858259916305542 0.708694577217102 0.453264534473419 0.159455046057701 0.236590012907982 0.153966411948204
-9999 -9999 -9999 -9999 -9999 -9999 -9999 -9999 -9999 -9999 -9999 -9999 -9999 -9999 -9999 -9999 -9999 -9999 -9999 -9999 -9999 -9999 -9999 -9999 -9999 -9999 -9999 -9999 -9999 -9999 -9999 -9999 -9999 -9999 -9999 0.181429967284203 0.175385057926178 0.101037926971912 0.0980381593108177 0.0954031199216843 0.0946840271353722 0.098806157708168 0.172396391630173 0.208786249160767 0.286338210105896 0.580261647701263 0.710364580154419 0.606040120124817 0.77630740404129 0.638305902481079 0.615868866443634 0.247170716524124 0.501024663448334 0.187010943889618
-9999 -9999 -9999 -9999 -9999 -9999 -9999 -9999 -9999 -9999 -9999 -9999 -9999 -9999 -9999 -9999 -9999 -9999 -9999 -9999 -9999 -9999 -9999 -9999 -9999 -9999 -9999 -9999 -9999 -9999 -9999 -9999 -9999 -9999 -9999 0.212878882884979 0.193602621555328 0.101314231753349 0.0985103398561478 0.0957914218306541 0.0938214436173439 0.0938248708844185 0.202444836497307 0.202117651700974 0.156597092747688 0.235377103090286 0.67816150188446 0.66778302192688 0.647453486919403 0.622171461582184 0.805110156536102 0.658186972141266 0.603116512298584 0.323878794908524
-9999 -9999 -9999 -9999 -9999 -9999 -9999 -9999 -9999 -9999 -9999 -9999 -9999 -9999 -9999 -9999 -9999 -9999 -9999 -9999 -9999 -9999 -9999 -9999 -9999 -9999 -9999 -9999 -9999 -9999 -9999 -9999 -9999 -9999 -9999 0.28831535577774 0.208621323108673 0.102360166609287 0.100112780928612 0.196378216147423 0.286582559347153 0.228716313838959 0.142401576042175 0.260559290647507 0.287844836711884 0.517927587032318 0.658957719802856 0.658833980560303 0.743392288684845 0.778262078762054 0.682843685150146 0.668042242527008 0.65324205160141 0.39870035648346
-9999 -9999 -9999 -9999 -9999 -9999 -9999 -9999 -9999 -9999 -9999 -9999 -9999 -9999 -9999 -9999 -9999 -9999 -9999 -9999 -9999 -9999 -9999 -9999 -9999 -9999 -9999 -9999 -9999 -9999 -9999 -9999 -9999 -9999 -9999 -9999 0.26903623342514 0.116575911641121 0.110198803246021 0.175251021981239 0.245548278093338 0.314460188150406 0.308984518051147 0.464844912290573 0.522882401943207 0.349534273147583 0.48768550157547 0.570183157920837 0.745287597179413 0.748287379741669 0.733459532260895 0.462488263845444 0.407494932413101 0.286474049091339
-9999 -9999 -9999 -9999 -9999 -9999 -9999 -9999 -9999 -9999 -9999 -9999 -9999 -9999 -9999 -9999 -9999 -9999 -9999 -9999 -9999 -9999 -9999 -9999 -9999 -9999 -9999 -9999 -9999 -9999 -9999 -9999 -9999 -9999 -9999 -9999 -9999 0.23212593793869 0.229577600955963 0.249751999974251 0.355442255735397 0.558318674564362 0.353369891643524 0.25020757317543 0.248726412653923 0.181405335664749 0.262274920940399 0.415119975805283 0.641251683235168 0.575436353683472 0.469397217035294 0.361208975315094 0.260537832975388 0.172220706939697
-9999 -9999 -9999 -9999 -9999 -9999 -9999 -9999 -9999 -9999 -9999 -9999 -9999 -9999 -9999 -9999 -9999 -9999 -9999 -9999 -9999 -9999 -9999 -9999 -9999 -9999 -9999 -9999 -9999 -9999 -9999 -9999 -9999 -9999 -9999 -9999 -9999 -9999 0.286176353693008 0.359608858823776 0.203203856945038 0.247743666172028 0.387708395719528 0.260377407073975 0.221021056175232 0.215834930539131 0.241969779133797 0.312990337610245 0.411152750253677 0.306518167257309 0.245103746652603 0.458424925804138 0.446504235267639 0.228719651699066
-9999 -9999 -9999 -9999 -9999 -9999 -9999 -9999 -9999 -9999 -9999 -9999 -9999 -9999 -9999 -9999 -9999 -9999 -9999 -9999 -9999 -9999 -9999 -9999 -9999 -9999 -9999 -9999 -9999 -9999 -9999 -9999 -9999 -9999 -9999 -9999 -9999 -9999 -9999 -9999 -9999 -9999 0.238954812288284 0.313966691493988 0.257218688726425 0.233432576060295 0.217638030648232 0.251132786273956 0.288138061761856 0.208913341164589 0.417491495609283 0.558455109596252 0.461577743291855 0.208712548017502
