Geospatial/Brazil_soybean_harvested_area.asc
NCOLS 470 
NROWS 468 
XLLCORNER -74.0004239999869 
YLLCORNER -33.7495049999942 
CELLSIZE 0.0833330000000103 
NODATA_value -9999 
[rows 392 to 419 of 468, columns 252 to 314 of 470]
803.58447265625 1753.43762207031 1431.37060546875 759.65478515625 541.089416503906 465.140869140625 118.90299987793 133.692184448242 48.3827056884766 106.517425537109 122.606307983398 129.998565673828 247.551635742188 146.149658203125 37.2191162109375 43.3957443237305 523.3779296875 943.267761230469 930.583129882812 885.452575683594 947.506958007812 659.38232421875 621.023010253906 332.066070556641 127.091003417969 74.3595657348633 194.277221679688 0 114.122688293457 175.689636230469 134.372436523438 163.542739868164 106.846351623535 51.7533264160156 28.8606300354004 49.1589813232422 77.195426940918 100.794143676758 14.471586227417 12.3569383621216 2.5 2.42450284957886 1.3336044549942 0 0 0 0 0 0 0 0 0 0 -9999 0 -9999 -9999 -9999 -9999 -9999 -9999 -9999 -9999
1255.86315917969 1542.74792480469 1488.80053710938 1078.67797851562 291.191650390625 488.703704833984 346.940979003906 364.706817626953 552.577697753906 122.461952209473 718.664611816406 371.273559570312 549.123229980469 437.658538818359 46.2598838806152 900.438903808594 802.581420898438 508.324859619141 644.964416503906 755.313354492188 796.531555175781 312.392028808594 307.769836425781 560.38623046875 220.627914428711 108.0546875 3.51003193855286 2.03003931045532 1.18163180351257 127.252342224121 249.426422119141 165.528045654297 43.4701499938965 40.4771194458008 38.6404991149902 81.2309951782227 89.3203201293945 25.8460903167725 61.0786056518555 34.6697654724121 3.47071766853333 2.46875 1.57098913192749 0 0 0 0 0 0 0 0 0 -9999 -9999 0 -9999 -9999 -9999 -9999 -9999 -9999 -9999 -9999
1115.60583496094 1450.16564941406 1206.65063476562 967.676940917969 1253.41870117188 678.658508300781 458.188232421875 398.692993164062 402.355895996094 639.513366699219 608.86083984375 455.212219238281 289.78564453125 313.819946289062 349.710083007812 944.24560546875 1195.52978515625 1031.19116210938 602.1298828125 37.1405639648438 403.929168701172 160.243041992188 497.695983886719 476.766815185547 32.4800415039062 19.6375350952148 3.60757875442505 2.64810395240784 1.2569979429245 0 20.5099430084229 151.627914428711 107.41739654541 2.47779011726379 35.6221046447754 79.4946823120117 22.3138847351074 19.6735820770264 76.1990814208984 20.8015117645264 0 0 0 0 0 0 0 0 0 0 0 0 -9999 0 0 -9999 -9999 -9999 -9999 -9999 -9999 -9999 -9999
1432.76611328125 1781.4248046875 1334.40844726562 1002.35900878906 1727.28881835938 1398.56195068359 1063.18237304688 1101.13305664062 900.980529785156 934.107421875 742.966003417969 634.517578125 675.66064453125 522.215148925781 618.275634765625 568.273498535156 1126.71716308594 1403.58447265625 1308.1337890625 1055.76599121094 22.7199821472168 407.933746337891 356.247360706329 26.2076625823975 30.6752910614014 31.0612297058105 212.346435546875 138.730987548828 2.2395293712616 4.09642887115479 0 69.0335464477539 251.985702514648 70.4453811645508 89.8773193359375 109.310569763184 14.9264936447144 23.2180271148682 35.2426605224609 56.8488464355469 8.53875064849854 0 0 0 0 0 0 0 0 0 0 0 0 0 -9999 -9999 -9999 -9999 -9999 -9999 -9999 -9999 -9999
1682.68774414062 1547.17712402344 1756.07177734375 1140.06799316406 1553.2060546875 1710.79223632812 1659.41247558594 1748.49768066406 1747.47216796875 1972.71740722656 1469.67651367188 997.129150390625 791.483276367188 537.81201171875 713.233276367188 822.692321777344 685.375366210938 1387.83752441406 1580.41662597656 809.596069335938 330.605194091797 249.902328491211 157.317687988281 107.11164855957 36.0074234008789 48.3898468017578 188.218109130859 279.988983154297 196.689910888672 93.6619873046875 80.2288970947266 84.9166107177734 171.012802124023 261.992706298828 116.396430969238 33.8809394836426 8.73887062072754 10.7175960540771 44.6912155151367 0 12.8584098815918 8.46510314941406 0 0 0 0 0 0 0 0 0 0 0 0 -9999 -9999 -9999 -9999 -9999 -9999 -9999 -9999 -9999
1607.11889648438 1583.49597167969 2222.724609375 1705.92041015625 1373.41711425781 1679.2958984375 1626.42456054688 1836.98852539062 1729.57983398438 1414.01159667969 1316.9140625 632.532287597656 508.923715591431 762.919170379639 839.787780761719 1070.076171875 987.244177818298 1389.25634765625 1428.62744140625 772.326843261719 950.304748535156 579.51513671875 489.375640869141 66.4156494140625 12.9261035919189 440.664794921875 353.205444335938 242.405960083008 86.5040130615234 88.6387786865234 50.1130752563477 50.9922180175781 67.996208190918 83.3605117797852 98.8790893554688 19.7302474975586 2.93507885932922 0 0 0 0 1.87593352794647 0 0 0 0 0 0 0 0 0 0 0 -9999 -9999 -9999 -9999 -9999 -9999 -9999 -9999 -9999 -9999
1540.97534179688 1687.27331542969 1588.39761543274 2113.25467586517 1952.00020241737 1532.36364746094 1664.08728027344 2146.71272850037 1981.97985839844 1855.82092285156 1419.70446777344 1149.29724121094 1026.91162109375 1123.59692382812 1211.62366867065 1127.45837402344 865.606384277344 1067.78540039062 1253.40502929688 1171.70178222656 789.990112304688 975.708801269531 549.831665039062 158.769023895264 47.3226890563965 88.9679641723633 211.799530029297 116.328910827637 83.5955810546875 59.507007598877 64.0080795288086 22.1585559844971 135.609466552734 217.120468139648 190.204040527344 62.623462677002 67.1094131469727 0 0 0 0 0 0 0 0 0 0 0 0 0 0 0 0 -9999 -9999 -9999 -9999 -9999 -9999 -9999 -9999 -9999 -9999
1653.97827911377 1466.89520263672 1684.12061405182 1821.86393213272 2034.77621459961 2261.49853515625 1885.33618164062 2092.03198242188 2407.71630859375 2000.73217773438 1740.03491210938 1655.03454589844 1827.62023925781 1964.31323242188 1470.27270507812 1255.85998535156 984.545654296875 1249.64721679688 1342.08520507812 1273.8544921875 829.905456542969 823.472961425781 929.317565917969 632.844543457031 306.240325927734 19.255256652832 10.9281558990479 129.693984985352 272.830505371094 128.897720336914 303.825744628906 232.259841918945 385.350433349609 388.385803222656 255.157913208008 130.141067504883 0 0 0 0 0 0 0 0 0 0 0 0 0 0 0 0 0 -9999 -9999 -9999 -9999 -9999 -9999 -9999 -9999 -9999 -9999
2168.61059570312 2018.7080078125 1401.66845703125 1638.17102050781 2223.04858398438 2616.18896484375 1987.70532226562 2252.13305664062 2240.4228515625 2131.2294921875 1974.67761230469 1817.35485839844 1815.96875 1762.98974609375 1798.12683105469 1203.47326660156 1189.05981445312 1082.17944335938 1030.1064453125 1281.73498535156 1232.23620605469 1084.30810546875 1275.38293457031 1092.255859375 641.426574707031 78.841438293457 48.5733528137207 267.391693115234 461.325897216797 408.741149902344 390.639312744141 316.217163085938 374.112030029297 184.144668579102 90.0712242126465 0 0 0 0 0 0 0 0 0 0 0 0 0 0 0 0 0 -9999 -9999 -9999 -9999 -9999 -9999 -9999 -9999 -9999 -9999 -9999
2020.0791015625 1760.05236816406 1435.29638671875 2063.1787109375 2666.03515625 2391.59594726562 1765.05322265625 1930.34106445312 1912.95556640625 1890.60559082031 1751.85859680176 1619.81355285645 1394.80224609375 1384.86389160156 1504.54650878906 1209.19311523438 839.11930847168 543.462942123413 831.406475067139 1094.001953125 1371.32702636719 1302.6015625 1458.74755859375 1431.2724609375 1030.48901367188 737.952690124512 161.73060798645 147.601395130157 546.16650390625 385.578727722168 446.36865234375 419.640075683594 385.613784790039 56.3068161010742 65.3307781219482 0 0 0 0 0 0 0 0 0 0 0 0 0 0 0 0 0 -9999 -9999 -9999 -9999 -9999 -9999 -9999 -9999 -9999 -9999 -9999
2244.97192382812 2389.56642913818 1531.32922363281 2401.48803710938 2138.83471679688 2243.11401367188 1384.43432617188 1160.71404123306 2167.72619628906 1374.49621582031 1709.69616699219 1350.42931556702 912.799087524414 854.384460449219 1032.97318744659 864.005859375 339.55920124054 606.514768600464 683.782263755798 1274.0407576561 1460.23315429688 1162.7587890625 1325.84063720703 1579.16674804688 1632.49481201172 1048.93412780762 578.495929718018 53.6734962463379 56.8113594055176 221.994083404541 333.635986328125 510.882720947266 237.760375976562 71.1401405334473 74.4673405885696 136.132110476494 149.321067810059 0 0 0 0 0 0 0 0 0 0 0 0 0 0 0 -9999 -9999 -9999 -9999 -9999 -9999 -9999 -9999 -9999 -9999 -9999
1726.22022855282 2390.36695241928 2468.53540039062 1897.9697265625 2222.0885925293 2142.37255859375 2309.58666992188 1971.23498535156 1759.48278808594 1404.62475585938 1644.52154541016 1317.04943847656 822.080810546875 472.224838256836 632.434997558594 489.516128540039 427.228576660156 394.855865478516 1014.90509033203 1033.82136535645 1110.005859375 850.516357421875 1280.53369140625 1803.27746582031 1355.6675825119 1139.21105957031 1284.88256835938 525.540283203125 101.984638929367 213.916519165039 266.314293384552 100.117027282715 51.2807853221893 86.6256456375122 180.429689884186 228.127618789673 0 0 0 0 0 0 0 0 0 0 0 0 0 0 0 -9999 -9999 -9999 -9999 -9999 -9999 -9999 -9999 -9999 -9999 -9999 -9999
2050.83837890625 2394.61059570312 2042.20959472656 1918.17065429688 2670.08569335938 1812.20251464844 1514.26110839844 2161.00024414062 1952.30017089844 1092.140625 1493.34948730469 1521.837890625 560.375305175781 342.110443115234 354.739227294922 420.022125244141 376.508605957031 802.183349609375 837.825744628906 1109.51489257812 932.072814941406 844.250732421875 1100.86315917969 1174.89086914062 1253.23071289062 1338.47802734375 1253.3427734375 723.633544921875 865.841491699219 653.713134765625 350.011688232422 292.457763671875 66.8025817871094 70.4855880737305 10.3943061828613 103.08472442627 0 8.00448894500732 0 0 0 0 0 0 0 0 0 0 0 0 -9999 -9999 -9999 -9999 -9999 -9999 -9999 -9999 -9999 -9999 -9999 -9999 -9999
1981.58251953125 2134.86401367188 2127.0673828125 2304.46142578125 2461.86499023438 1443.01184082031 1956.11303710938 1784.82177734375 2057.51000976562 1311.33178710938 1228.12072753906 813.882629394531 526.616577148438 204.066223144531 125.560638427734 138.543060302734 558.669921875 909.129516601562 772.285949707031 421.750946044922 438.62109375 689.243896484375 859.897644042969 632.409362792969 410.277038574219 670.467041015625 1108.49389648438 844.458679199219 1027.69445800781 1098.5771484375 798.206848144531 472.979217529297 405.231475830078 188.709457397461 122.347061157227 369.234283447266 156.666091918945 0 0 0 0 0 0 0 0 0 0 0 0 0 -9999 -9999 -9999 -9999 -9999 -9999 -9999 -9999 -9999 -9999 -9999 -9999 -9999
2382.1611328125 1994.3427734375 1955.318359375 1985.61267089844 1699.22424316406 1660.18127441406 1973.52099609375 1739.92846679688 1193.53515625 1347.86401367188 1325.98620605469 598.546264648438 610.55224609375 359.198699951172 62.4964904785156 81.0969772338867 685.87109375 634.236022949219 239.636123657227 206.549987792969 310.770538330078 635.529479980469 724.709594726562 360.366760253906 373.585083007812 354.761291503906 582.910095214844 512.487731933594 758.626647949219 959.567443847656 784.9833984375 777.85302734375 763.142578125 515.360595703125 294.514465332031 454.988708496094 519.141967773438 371.748077392578 0 0 0 0 0 0 0 0 0 0 0 -9999 -9999 -9999 -9999 -9999 -9999 -9999 -9999 -9999 -9999 -9999 -9999 -9999 -9999
2457.39086914062 1878.9208984375 2116.5478515625 2307.59985351562 1400.93811035156 1108.6259765625 1059.95593261719 1526.37280273438 1205.77941894531 541.918334960938 552.801330566406 361.054351806641 247.435943603516 176.056259155273 68.5146713256836 61.176586151123 196.45768737793 148.110412597656 110.093879699707 273.234313964844 419.564270019531 299.881439208984 569.723327636719 319.233001708984 143.716125488281 163.031951904297 298.628723144531 140.695617675781 139.096130371094 145.147232055664 184.409240722656 278.955200195312 453.269470214844 364.433624267578 607.493957519531 593.477905273438 380.034820556641 237.669372558594 52.5244369506836 0 0 0 0 0 0 0 0 0 -9999 -9999 -9999 -9999 -9999 -9999 -9999 -9999 -9999 -9999 -9999 -9999 -9999 -9999 -9999
1956.1142578125 2558.1484375 2322.33764648438 1600.32409667969 1314.32751464844 1050.26245117188 973.643615722656 927.817443847656 211.887344360352 152.212417602539 89.8389129638672 74.099365234375 86.8006439208984 90.7811431884766 62.542594909668 219.919494628906 161.666305541992 117.966552734375 75.9101943969727 174.269714355469 255.095062255859 216.828338623047 204.821182250977 188.120513916016 104.781753540039 289.754547119141 196.168151855469 35.2312240600586 7.83230924606323 87.1832962036133 37.317699432373 91.6771850585938 106.596809387207 57.2671279907227 154.773773193359 217.047164916992 93.853271484375 144.784187316895 0 0 0 0 0 0 0 0 -9999 -9999 -9999 -9999 -9999 -9999 -9999 -9999 -9999 -9999 -9999 -9999 -9999 -9999 -9999 -9999 -9999
1739.43798828125 1526.162109375 1434.74890136719 978.172119140625 1400.76892089844 913.078979492188 1025.37121582031 799.390869140625 24.0770034790039 32.4673042297363 40.0744285583496 36.5259971618652 61.0443878173828 93.0126800537109 8.41760921478271 48.7948875427246 196.950302124023 187.510543823242 106.704193115234 248.399432182312 203.178909301758 300.051727294922 124.932273864746 278.742858886719 640.306945800781 312.655303955078 0 80.4758682250977 85.1366806030273 137.991424560547 210.135711669922 25.2248134613037 52.7165489196777 152.509796142578 35.8070297241211 78.7518005371094 413.166961669922 104.811651945114 0 0 0 0 0 0 0 -9999 -9999 -9999 -9999 -9999 -9999 -9999 -9999 -9999 -9999 -9999 -9999 -9999 -9999 -9999 -9999 -9999 -9999
1424.75891113281 1398.73376464844 1442.01806640625 1419.72729492188 1057.00146484375 694.269653320312 138.918334960938 162.610977172852 93.8248672485352 6.11470174789429 7.80197668075562 55.9597244262695 52.4867248535156 14.955246925354 16.8633060455322 27.9699668884277 8.30921363830566 6.37030553817749 4.7731204032898 3.1137421131134 287.683654785156 124.390129089355 241.434097290039 409.717132568359 327.16943359375 226.251743912697 117.643966674805 102.525817871094 384.238067626953 578.191040039062 680.566345214844 211.124237060547 327.457244873047 126.986351013184 35.8459548950195 60.9744415283203 316.867431640625 0 0 0 0 0 0 0 -9999 -9999 -9999 -9999 -9999 -9999 -9999 -9999 -9999 -9999 -9999 -9999 -9999 -9999 -9999 -9999 -9999 -9999 -9999
1228.12768554688 910.774353027344 1219.14636230469 1045.28649902344 421.772491455078 223.130096435547 75.048210144043 59.711742401123 101.775718688965 2.77172756195068 5.01233577728271 31.2411212921143 41.5603256225586 182.630737304688 155.762680053711 24.9608097076416 4.02648234367371 4.41903877258301 3.45017075538635 3.2305474281311 555.764282226562 380.540863037109 108.687591552734 200.655380249023 643.513000488281 348.767272949219 405.753265380859 276.759094238281 542.6513671875 796.175415039062 953.509826660156 542.835205078125 589.366088867188 351.128936767578 0 0 0 0 0 0 0 0 -9999 -9999 -9999 -9999 -9999 -9999 -9999 -9999 -9999 -9999 -9999 -9999 -9999 -9999 -9999 -9999 -9999 -9999 -9999 -9999 -9999
982.56982421875 803.141540527344 878.099548339844 390.95751953125 273.812927246094 232.667892456055 56.5887336730957 62.9161376953125 61.6618118286133 13.3327894210815 10.7559585571289 10.3864297866821 101.618545532227 333.152648925781 111.494041442871 3.89931869506836 17.3392810821533 3.71336460113525 5.48450136184692 10.7355947494507 9.71577644348145 105.794746398926 161.114898681641 120.451904296875 450.737213134766 682.50341796875 703.96142578125 731.529052734375 807.862609863281 854.967102050781 946.737670898438 552.426879882812 0 0 0 0 0 0 0 0 0 0 -9999 -9999 -9999 -9999 -9999 -9999 -9999 -9999 -9999 -9999 -9999 -9999 -9999 -9999 -9999 -9999 -9999 -9999 -9999 -9999 -9999
436.865478515625 820.683410644531 132.592933654785 76.0406494140625 258.018894195557 333.7041015625 214.959711074829 3.72893786430359 2.5 20.7605876922607 3.58712697029114 119.896484375 179.362274169922 143.063919067383 304.421997070312 3.25410747528076 12.4502401351929 6.63036251068115 1.04547441005707 0 0 0 0 0 391.735229492188 386.735137939453 397.008361816406 462.948303222656 633.903869628906 813.421491622925 667.706115722656 0 0 0 0 0 0 0 0 0 0 -9999 -9999 -9999 -9999 -9999 -9999 -9999 -9999 -9999 -9999 -9999 -9999 -9999 -9999 -9999 -9999 -9999 -9999 -9999 -9999 -9999 -9999
322.067687988281 108.020446777344 87.9887542724609 41.3269195556641 42.1013565063477 43.296558380127 148.12663269043 47.1096839904785 1.29960215091705 1.85122430324554 142.337493896484 242.87370300293 19.803295135498 232.801315307617 6.44733095169067 6.07584857940674 17.700553894043 0 0 0 0 1.46186995506287 0 0 0 0 0 0 0 0 0 0 0 0 0 0 0 0 0 0 -9999 -9999 -9999 -9999 -9999 -9999 -9999 -9999 -9999 -9999 -9999 -9999 -9999 -9999 -9999 -9999 -9999 -9999 -9999 -9999 -9999 -9999 -9999
309.556304931641 272.954803466797 79.458381652832 29.7745952606201 29.0383625030518 12.7808389663696 24.4175109863281 6.87882041931152 0 62.3590469360352 108.404731750488 575.513427734375 444.388092041016 683.653198242188 33.7392997741699 21.0298118591309 19.0753574371338 3.72126460075378 7.72249531745911 8.68103098869324 5.07630550861359 1.4569308757782 0 0 0 0 0 0 1.37080204486847 0 0 0 0 0 0 0 0 0 0 -9999 -9999 -9999 -9999 -9999 -9999 -9999 -9999 -9999 -9999 -9999 -9999 -9999 -9999 -9999 -9999 -9999 -9999 -9999 -9999 -9999 -9999 -9999 -9999
393.384307861328 194.12483215332 92.9821319580078 53.9435424804688 33.0543575286865 8.52591228485107 30.7075138092041 33.5782432556152 6.98831748962402 285.569793701172 418.668701171875 477.675201416016 225.16471862793 530.544982910156 153.150192260742 122.773330688477 31.0248184204102 3.08561587333679 9.5811767578125 14.2719478607178 1.57665228843689 0 0 0 0 0 2.18592381477356 0 0 0 0 0 0 0 0 0 0 0 -9999 -9999 -9999 -9999 -9999 -9999 -9999 -9999 -9999 -9999 -9999 -9999 -9999 -9999 -9999 -9999 -9999 -9999 -9999 -9999 -9999 -9999 -9999 -9999 -9999
299.559204101562 225.766494750977 169.013656616211 9.41926383972168 14.4351081848145 55.6103248596191 106.599006652832 80.9245758056641 49.7505989074707 53.7033615112305 119.540084838867 704.328308105469 397.571899414062 554.332763671875 302.002899169922 178.638595581055 0 19.3101940155029 15.683367729187 26.220817565918 5.14288759231567 1.05506503582001 0 0 0 1.64434993267059 3.8848352432251 3.125 0 0 0 0 0 0 0 0 0 0 -9999 -9999 -9999 -9999 -9999 -9999 -9999 -9999 -9999 -9999 -9999 -9999 -9999 -9999 -9999 -9999 -9999 -9999 -9999 -9999 -9999 -9999 -9999 -9999 -9999
368.287353515625 257.380523681641 698.424560546875 23.3322429656982 37.4678344726562 30.1448860168457 110.946365356445 129.620468139648 62.7816390991211 40.5847816467285 47.0969200134277 58.7057647705078 666.098449707031 355.29736328125 153.856170654297 143.29753112793 72.0015869140625 14.0220012664795 58.7003326416016 25.2530460357666 16.8341674804688 1.97439217567444 0 1.11833143234253 3.68794417381287 16.0528736114502 4.83419370651245 5.32826280593872 2.83000063896179 0 0 0 0 0 0 0 0 -9999 -9999 -9999 -9999 -9999 -9999 -9999 -9999 -9999 -9999 -9999 -9999 -9999 -9999 -9999 -9999 -9999 -9999 -9999 -9999 -9999 -9999 -9999 -9999 -9999 -9999
590.97998046875 721.987609863281 865.481079101562 49.3909001350403 38.7490692138672 49.3543639183044 84.5089645385742 114.803266048431 331.742797851562 254.381774902344 47.5655899047852 48.6654443740845 199.005905151367 231.44841003418 64.1650931835175 59.3141708374023 28.8210830688477 82.1831274032593 53.4654197692871 73.3360767364502 0 0 0 0 1.7813812494278 22.154914855957 8.13120269775391 7.44360566139221 1.94655978679657 0 0 0 0 0 0 0 -9999 -9999 -9999 -9999 -9999 -9999 -9999 -9999 -9999 -9999 -9999 -9999 -9999 -9999 -9999 -9999 -9999 -9999 -9999 -9999 -9999 -9999 -9999 -9999 -9999 -9999 -9999
