Geospatial/Brazil_cassava_harvested_area.asc
NCOLS 470 
NROWS 468 
XLLCORNER -74.0004239999869 
YLLCORNER -33.7495049999942 
CELLSIZE 0.0833330000000103 
NODATA_value -9999 
[rows 300 to 324 of 468, columns 285 to 341 of 470]
8.88991069793701 7.43776607513428 7.49224090576172 23.1873989105225 32.4154243469238 25.6814193725586 23.0502796173096 33.2593765258789 20.0144938230515 13.027153968811 7.71710014343262 17.9517660140991 16.7825999259949 49.730396270752 57.2087097167969 55.6663017272949 54.0307159423828 22.1247234344482 13.3539628982544 21.9797782897949 24.6288540363312 23.0963268280029 14.6245880126953 9.92092800140381 19.1763525009155 12.7215595245361 12.0790672302246 8.34175872802734 9.7681131362915 11.0268125534058 11.9064416885376 10.4567995071411 12.0564775466919 16.4713640213013 16.0611624717712 15.4523153305054 15.8424415588379 25.7579207420349 33.4005765914917 18.4635677337646 14.0808992385864 16.6950128078461 23.460963010788 17.9760799407959 19.2373504638672 21.6937251091003 21.1382926702499 20.2483158111572 24.3795166015625 30.4822673797607 20.5017414093018 33.6808750629425 56.6822395324707 33.7482786178589 32.6547546386719 36.0179977416992 33.7592425346375
6.21302223205566 4.25067567825317 16.6634387969971 57.4901466369629 31.6221008300781 21.2108497619629 36.063346862793 40.3217582702637 23.6110019683838 11.3608303070068 10.3703203201294 14.6950302124023 21.0252208709717 31.1662349700928 32.4138565063477 32.5273704528809 33.2071046829224 19.530912399292 14.5223960876465 25.9912281036377 24.9148616790771 14.7938804626465 7.40081882476807 11.3254060745239 5.794349193573 11.0681581497192 15.6767091751099 12.7591867446899 12.206093788147 12.5607385635376 10.8900775909424 10.7443752288818 15.8342771530151 14.0599412918091 16.8144836425781 22.5328178405762 12.3657026290894 30.4842281341553 27.0415153503418 19.2825031280518 19.6821136474609 27.4998111724854 33.2272071838379 33.7400169372559 31.8483600616455 38.8886871337891 24.2439365386963 23.287446975708 24.7347793579102 32.324535369873 43.757625579834 57.7971076965332 33.9518356323242 32.7340469360352 36.4108924865723 40.2629318237305 12.7213578224182
52.6058578491211 56.224250793457 42.8867492675781 44.5203323364258 33.0307159423828 33.7050075531006 53.441349029541 41.788387298584 30.2474074363708 7.11309385299683 12.4178953170776 14.5789051055908 23.3216285705566 31.9506034851074 35.157054901123 29.0110912322998 32.516674041748 20.9418792724609 15.6298370361328 14.5719404220581 6.59919881820679 7.63711452484131 8.08133316040039 6.59258699417114 6.11242437362671 9.99344539642334 12.8004064559937 12.2061624526978 10.9669284820557 9.87487316131592 8.02505588531494 10.1690645217896 10.6412048339844 7.94579076766968 3.38282775878906 14.346700668335 8.73902893066406 14.4190731048584 20.4112567901611 18.2154331207275 29.0223999023438 27.4426822662354 31.7844829559326 37.8915710449219 25.0102729797363 27.8548641204834 22.5271072387695 26.2718772888184 28.1334896087646 17.2702178955078 55.512752532959 33.6649627685547 30.8913192749023 29.1511497497559 35.1403884887695 39.0978240966797 13.4532957077026
66.1349639892578 69.4227013587952 51.2321586608887 70.1022644042969 41.3995977640152 58.2748908996582 83.1307067871094 86.7518997192383 38.4150886535645 25.1900495290756 31.2816047668457 30.0316352844238 36.8060035705566 44.0260200500488 35.3348808288574 26.75022315979 34.5738906860352 24.6811637878418 14.5825958251953 15.0190811157227 7.89703035354614 8.32778167724609 9.90928173065186 7.09597492218018 3.92550420761108 11.1174850463867 11.8030834197998 6.58202838897705 21.1666259765625 11.833517074585 12.3935689926147 12.7935361862183 29.0549983978271 19.8498101234436 9.46512699127197 16.240062713623 8.63453674316406 18.6429958343506 15.8198509216309 15.4773187637329 28.5881175994873 16.7817420959473 28.8657064437866 30.6654319763184 26.9577102661133 29.9633121490479 22.2289028167725 20.1060905456543 25.245096206665 21.2365417480469 35.3293876647949 30.2090263366699 31.6484680175781 31.1643257141113 31.7641468048096 23.0855731964111 12.4824695587158
70.9164505004883 68.700309753418 60.4709396362305 75.6103682518005 70.4857726097107 53.6566162109375 56.1816940307617 68.1665563583374 35.3806076049805 34.1840286254883 29.0307112932205 34.6123466491699 35.6257133483887 18.8436031341553 13.1224431991577 19.8415031433105 21.0780601501465 16.7237586975098 22.7943935394287 22.3327369689941 12.9495496749878 4.54464530944824 4.10305738449097 5.2902340888977 24.5709037780762 6.79910802841187 9.19190502166748 21.3641662597656 23.6323566436768 31.6251926422119 21.8349571228027 15.0214080810547 15.2472114562988 29.889965057373 27.2938139438629 7.20006656646729 14.2409601211548 18.5604000091553 13.028431892395 11.1343841552734 5.14963960647583 15.6879014968872 19.9352416992188 30.4518337249756 42.0809020996094 42.5171279907227 22.0301170349121 24.5608959197998 23.7211246490479 27.3666820526123 32.1179618835449 33.8093032836914 26.6614322662354 31.2361145019531 33.0716133117676 19.2364234924316 26.1379985809326
77.9895629882812 72.7699737548828 63.2464647293091 73.5969161987305 81.9498443603516 68.5316162109375 78.9562225341797 60.2574920654297 31.0999522209167 25.1529111862183 22.3207683563232 21.985481262207 22.622220993042 17.3579711914062 70.0092163085938 25.8330593109131 17.594259262085 30.5007228851318 32.6252784729004 43.3344573974609 38.9856643676758 24.163501739502 18.4517374038696 26.4333896636963 28.7049179077148 31.8441905975342 25.7238845825195 32.7608642578125 33.1099243164062 29.5109806060791 9.70967292785645 16.6285104751587 19.91233253479 18.3690242767334 21.4138126373291 14.3050985336304 5.94666624069214 9.5770263671875 23.4853477478027 15.9232692718506 10.5957498550415 5.07836484909058 4.23343420028687 7.28545188903809 3.44104599952698 12.0360832214355 27.78125 24.52818608284 17.9101160764694 29.7304172515869 25.6138525009155 30.172705411911 31.4846234321594 36.8517715930939 36.9977149963379 22.9415073394775 37.5804780721664
64.0230865478516 71.9435081481934 71.2423706054688 79.3919143676758 66.379997253418 84.470458984375 81.295051574707 71.0296783447266 70.9204177856445 68.1066589355469 64.3117254972458 23.9223537445068 10.9197540283203 11.7716207504272 65.4967041015625 25.8124080896378 15.8327198028564 28.3527145385742 32.3373146057129 44.7918510437012 52.828296661377 24.9209442138672 23.0430240631104 18.9727430343628 19.8485622406006 31.6923828125 28.4808177947998 35.3460960388184 38.4726181030273 27.5571250915527 9.46977519989014 21.3002967834473 24.7008266448975 26.4781703948975 25.0412254333496 32.3002662658691 25.9746780395508 13.2214708328247 14.3558568954468 27.0471706390381 19.9377180337906 15.3437070846558 11.7728404998779 13.0268144607544 14.4651184082031 14.4259691238403 49.8552782535553 48.8512649536133 22.6286114454269 18.0702430009842 33.2211952209473 27.9362754821777 28.4785270690918 30.4201909303665 33.8947334289551 13.5307860374451 36.5352478027344
68.0116271972656 83.5559844970703 62.415943145752 53.7974758148193 83.8945083618164 58.5934410095215 64.4007873535156 67.7792129516602 58.8361473083496 71.3903961181641 64.6323013305664 54.5919799804688 30.209077835083 25.9801387786865 55.7672710418701 18.6306400299072 29.0633125305176 37.232006072998 43.770263671875 30.1539478302002 42.522388458252 23.0184307098389 21.2905194759369 22.1801965236664 27.7034072875977 13.4799070358276 12.3520088195801 20.2813777923584 10.9964628219604 16.1447198390961 12.8713226318359 22.3004522323608 42.3172302246094 34.7983169555664 23.1582593917847 53.2758293151855 55.615779876709 48.9652671813965 58.6950798034668 20.6816940307617 28.336799621582 27.151029586792 8.14765644073486 15.27272605896 14.3501920700073 41.4383773803711 59.3631362915039 46.422924041748 45.7230834960938 43.501163482666 47.2613105773926 28.2211875915527 25.6411056518555 31.9766101837158 33.7395896911621 16.9363765716553 35.4445915222168
57.4841251373291 79.3956832885742 75.2894077301025 49.4523429870605 55.1639785766602 66.8649463653564 63.9559926986694 73.4331665039062 55.5280809402466 61.2191772460938 72.679069519043 76.1632843017578 21.2420246601105 30.4989604949951 64.5268402099609 53.7452392578125 17.3690319061279 25.105842590332 36.1234741210938 30.1274547576904 35.6094207763672 43.100040435791 16.1468086242676 22.0931301116943 25.9059104919434 14.1852359771729 15.0179269313812 13.0862727165222 11.9067801237106 12.1073871850967 12.324859380722 43.5219688415527 39.2553825378418 44.3701782226562 41.6364898681641 25.5487899780273 22.1560878753662 21.3621845245361 41.5942687988281 52.9897880554199 45.4693145751953 33.5099487304688 41.1099667549133 25.5835981369019 15.5561847686768 17.3577728271484 37.5657806396484 50.2262268066406 58.2363967895508 59.4292411804199 57.0368103981018 39.0271229743958 37.1956405639648 30.5757656097412 24.2845423221588 42.8919258117676 45.2202987670898
46.3241443634033 59.3077373504639 55.4820137023926 45.176513671875 59.8544578552246 71.0532531738281 69.3141937255859 61.1870727539062 53.9414710998535 51.125979423523 74.3746032714844 70.5276565551758 57.5894508361816 51.5702743530273 47.2677383422852 45.5098724365234 39.2093505859375 32.121524810791 37.5814437866211 36.4313125610352 22.5643920898438 33.9458096027374 20.6774444580078 11.43820977211 11.2095546722412 13.4550786018372 21.936740398407 16.8470007181168 14.9794492721558 13.3240308761597 15.5715999603271 16.7542667388916 27.8675708770752 21.9965744018555 10.6244983673096 19.9887881278992 20.4885177612305 22.2870178222656 33.1678657531738 64.8595809936523 67.8670997619629 75.2144765853882 66.2728918790817 36.4677076339722 39.7398924827576 22.8017029762268 15.6542177200317 28.5324192047119 49.0581130981445 55.7472305297852 49.8351669311523 25.7457237243652 44.970100402832 38.3458442687988 63.6156196594238 38.4637870788574 40.2124285697937
66.5526504516602 70.5657653808594 73.1111679077148 49.7771339416504 51.382755279541 50.5073661804199 75.0684127807617 64.8363723754883 60.5872840881348 45.3042831420898 57.6776008605957 66.0423126220703 67.3484740257263 33.0440864562988 52.6922330856323 56.3645706176758 52.3483753204346 28.4647169113159 41.0517815351486 42.8626108169556 41.6558036804199 32.9564895629883 31.0499801635742 10.6143646240234 11.8969106674194 13.2840261459351 12.5472764968872 18.7032351493835 13.5258884429932 10.4165105819702 15.4051580429077 16.3607921600342 13.8725471496582 8.50726318359375 18.0845608711243 17.8217165470123 17.7789888381958 21.15851354599 27.7826614379883 66.4126281738281 57.1098594665527 65.2782669067383 74.6350250244141 57.8368835449219 46.0682487487793 47.5620307922363 22.9604568481445 7.54910373687744 21.0931167602539 34.4287910461426 35.4479331970215 22.2059707641602 22.6291561126709 37.3410034179688 50.9025955200195 34.7346649169922 48.6193656921387
88.152229309082 86.0573000907898 88.9694976806641 84.6617965698242 84.7702617645264 37.8573532104492 46.50537109375 70.240852355957 64.2599334716797 51.9726867675781 44.3406753540039 77.6629867553711 50.8278999328613 36.2196617126465 48.6229705810547 43.818359375 39.8563423156738 45.0512962341309 36.6489448547363 42.159008026123 49.3437957763672 31.8596839904785 30.1639842987061 11.6138458251953 13.1915006637573 12.3191270828247 10.0166912078857 11.6850595474243 18.0743732452393 10.0327787399292 7.98977708816528 7.7046012878418 6.22552585601807 11.3599328994751 9.69848346710205 16.2181434631348 21.2546043395996 23.0032920837402 23.6723480224609 46.6589126586914 56.6953582763672 52.9005126953125 46.0480499267578 47.862361907959 62.529369354248 62.2009773254395 48.7342224121094 25.0654296875 25.2180423736572 49.7405548095703 22.6023864746094 16.9019460678101 23.7327785491943 25.0306835174561 30.0986270904541 33.0669898986816 38.9977836608887
100.544914245605 91.9185791015625 82.493537902832 91.7886276245117 83.6237182617188 70.0118637084961 41.4475593566895 76.4641189575195 66.1611251831055 57.5896492004395 23.2697105407715 69.7191047668457 47.7002601623535 37.5280227661133 46.8501853942871 51.6834487915039 43.3970527648926 35.0014953613281 34.3481330871582 33.7095336914062 49.9738578796387 47.9633941650391 29.6870861053467 22.6821994781494 12.0008573532104 12.2093734741211 10.1230239868164 11.3221035003662 11.7375936508179 10.351110458374 7.89976215362549 11.8812637329102 7.74014616012573 7.07690191268921 6.66167163848877 13.7160491943359 19.1266574859619 24.4173812866211 34.6253433227539 54.3276748657227 56.9363059997559 47.087474822998 30.5282802581787 56.9031715393066 68.047981262207 60.2130966186523 57.4013900756836 50.8823852539062 40.4789886474609 14.0353336334229 29.8591327667236 37.2722587585449 42.2866134643555 49.3661079406738 24.8031749725342 41.2905349731445 45.5703620910645
89.376091003418 93.2194366455078 82.5722122192383 74.6215972900391 69.070182800293 73.0681076049805 65.0768508911133 77.8561096191406 74.0346603393555 71.2714614868164 45.6993598937988 69.3535327911377 75.0189514160156 37.435920715332 50.6254348754883 40.1114387512207 38.7944374084473 43.5421317815781 41.150764465332 40.948787689209 41.6673316955566 35.5547752380371 29.8354797363281 21.819128036499 9.55489635467529 9.34621238708496 11.5135765075684 11.212530374527 10.5233932733536 9.84462809562683 10.0177030563354 7.75024700164795 7.01009941101074 7.98995399475098 10.8234624862671 14.2971963882446 19.4365539550781 21.393741607666 15.8229522705078 35.4373474121094 51.796215057373 28.9587345123291 41.5859642028809 41.8517608642578 48.2606925964355 49.6784324645996 47.3321113586426 44.8522605895996 42.6984786987305 25.6766090393066 16.1529541015625 18.3777160644531 47.9355163574219 48.5363655090332 29.2583694458008 27.2293224334717 43.6308631896973
39.1643943786621 79.7163467407227 72.4396057128906 69.1061992645264 58.0304412841797 58.6526260375977 76.618522644043 61.6005516052246 61.5706329345703 65.2365570068359 77.0074965953827 77.6861038208008 51.0854301452637 43.4139442443848 67.1058578491211 57.3419570922852 43.9436721801758 42.6654663085938 34.060474395752 39.2803497314453 42.0175592899323 33.432014465332 25.7311878204346 21.3307094573975 10.2730007171631 0 0 12.459789276123 10.0711441040039 10.0262184143066 11.0193891525269 8.14301490783691 8.29439926147461 8.18775272369385 9.02239799499512 12.5345783233643 14.5860033035278 21.7596073150635 18.9926891326904 26.9613094329834 30.7084522247314 28.1287860870361 36.7281341552734 32.5930595397949 33.1362419128418 52.3247680664062 48.1445159912109 35.7035140991211 43.793514251709 33.438835144043 23.634241104126 39.2053833007812 39.3860244750977 45.1492576599121 30.2949886322021 49.2790336608887 33.6371116638184
34.2460517883301 23.0312118530273 79.7168045043945 76.9944305419922 84.7031402587891 68.7202377319336 67.6031341552734 62.4974632263184 54.0785636901855 71.5627021789551 70.6237907409668 73.932991027832 67.8901748657227 48.7383728027344 27.921422958374 38.3121337890625 36.0111331939697 29.0592136383057 44.5684471130371 41.6220932006836 43.4641304016113 47.5700340270996 17.4977188110352 14.8038930892944 7.75439119338989 0 2.21199202537537 6.8113374710083 8.44604969024658 8.5280590057373 9.57390308380127 10.9106826782227 6.71240186691284 11.2065534591675 10.8689317703247 19.2675819396973 16.764533996582 20.7991104125977 29.4568958282471 31.9012069702148 30.9988918304443 37.324104309082 40.2451248168945 38.8353004455566 36.1957206726074 37.0790023803711 37.6514587402344 39.981258392334 32.4300994873047 27.2382583618164 20.4311351776123 31.0161037445068 31.7047119140625 26.7273826599121 42.080883026123 48.4157333374023 33.0169639587402
49.357177734375 10.5073614120483 97.8983764648438 84.6792449951172 93.6986541748047 90.9601135253906 77.9183044433594 54.8972473144531 60.3042678833008 69.6224746704102 63.331729888916 64.931037902832 60.7436103820801 62.500545501709 28.5925960540771 20.3046760559082 24.7508640289307 25.3832912445068 38.7310409545898 41.4538078308105 32.6979598999023 43.5877647399902 49.4887733459473 17.7959079742432 9.2457103729248 10.9498853683472 9.29246139526367 8.09218502044678 0 0 0 9.48022270202637 10.7671995162964 3.85004448890686 6.73379945755005 20.7581176757812 18.7546482086182 23.7077407836914 39.3627853393555 21.3233790397644 24.8205993175507 29.2904214859009 36.0717277526855 32.746337890625 36.598316192627 34.7405105829239 34.9885787963867 40.7477672100067 45.9046430587769 40.6479377746582 52.816463470459 21.9948885440826 34.4769515991211 41.1037368774414 47.1745758056641 51.1914863586426 35.7521224021912
79.2205581665039 34.3017101287842 50.5912857055664 64.2979965209961 76.8430099487305 83.8667221069336 47.8027954101562 61.2076606750488 53.9902496337891 57.2193932533264 56.2500152587891 66.7619094848633 67.4244155883789 43.6709537506104 42.197455406189 44.1114730834961 39.8904027938843 25.4381065368652 39.4947166442871 38.8104553222656 46.957145690918 49.2775382995605 18.8689346313477 17.2976417541504 19.2117176055908 10.5959234237671 11.0404243469238 12.2551698684692 0 0 0 8.59604072570801 8.66972827911377 8.4732255935669 7.45528888702393 6.43000745773315 20.2308826446533 35.2171745300293 28.9320030212402 27.6771907806396 26.8673448562622 39.5436553955078 36.4014129638672 28.4505081176758 38.1747841835022 41.8924026489258 39.5869979858398 48.9610710144043 48.9032402038574 47.5681838989258 37.0816555023193 25.7955124378204 37.8699951171875 42.2284355163574 46.4661140441895 48.5011215209961 46.3374787569046
54.1573829650879 26.3733673095703 41.3136825561523 87.4784774780273 78.1712875366211 44.8555641174316 30.0304317474365 48.1007652282715 49.5046463012695 58.8307189941406 51.4715957641602 60.7793502807617 61.3399810791016 63.7827796936035 55.1410827636719 43.5488777160645 41.0225563049316 42.3209648132324 44.6281127929688 42.9308662414551 38.6297378540039 39.605297088623 14.7904243469238 17.1002922058105 18.6933193206787 8.54799842834473 14.2831401824951 1.48599445819855 0 0 18.0943813323975 18.403959274292 19.8211631774902 13.7297697067261 8.27506828308105 6.21782445907593 19.9657707214355 26.5384712219238 42.6704139709473 31.2034893035889 27.7414932250977 38.43701171875 32.1528854370117 29.1564197540283 39.2799987792969 54.2990341186523 48.0776977539062 42.9357719421387 43.1257362365723 33.8851432800293 36.6530799865723 22.0832824707031 31.3581161499023 35.563591003418 45.454704284668 47.5746536254883 39.2306022644043
99.507942199707 38.750919342041 43.307975769043 74.3659591674805 90.4473037719727 76.8812484741211 33.3247299194336 21.6192188262939 34.6607131958008 42.3653793334961 30.3609313964844 38.764331817627 68.0937805175781 59.3839950561523 57.0990905761719 60.8393096923828 37.5627632141113 34.442569732666 44.7466659545898 40.6450462341309 45.0906791687012 44.9478416442871 57.9063911437988 19.6647281646729 17.6944351196289 20.9499206542969 15.4754228591919 12.2713232040405 2.21773719787598 22.0990200042725 18.4966201782227 10.852409362793 21.4943580627441 10.031304359436 7.25616788864136 6.00901794433594 6.99335861206055 28.0224990844727 34.1769256591797 46.9704132080078 42.3950729370117 39.3016929626465 36.092357635498 28.1287136077881 34.2993278503418 34.2850685119629 39.4832725524902 44.9983901977539 35.5906600952148 37.6769180297852 35.0959510803223 32.6496086120605 40.8516540527344 23.8942623138428 40.1450996398926 36.237621307373 30.3283004760742
98.3805980682373 36.2704315185547 45.7047080993652 60.3701400756836 46.580940246582 67.1765213012695 48.3721504211426 68.1826934814453 24.3995628356934 13.6277532577515 33.2168235778809 40.4917793273926 32.1556510925293 40.8165183067322 51.1079216003418 49.0779886245728 53.7614288330078 46.7171020507812 46.8771743774414 46.8711733818054 45.7425084114075 43.860741853714 16.9485378265381 16.6443710327148 14.1761159896851 20.7882227897644 5.44703388214111 10.6135940551758 1.05151176452637 4.23239374160767 12.1018512248993 13.9193801879883 9.81508827209473 7.64753293991089 3.10697054862976 5.44651174545288 16.4201068878174 31.955753326416 23.6322631835938 33.5997934341431 37.0161743164062 36.7305564880371 34.0330924987793 30.8419666290283 31.4895210266113 31.7686653137207 37.2593002319336 44.4478759765625 35.6003456115723 32.637092590332 32.8916854858398 39.816104888916 35.8138198852539 32.5923538208008 27.5452194213867 27.3713932037354 26.835355758667
41.8798942565918 44.0958909988403 46.7159767150879 48.2378158569336 47.3939208984375 47.5886878967285 43.720157623291 26.527645111084 46.5385475158691 28.1226463317871 9.51581478118896 25.6519956588745 31.6743621826172 65.931999206543 50.5355224609375 35.6140711307526 28.0503444671631 28.4244661331177 36.0015277862549 35.0540313720703 40.1726150512695 23.5411949157715 21.1883869171143 21.207516670227 2.01605010032654 20.3026523590088 9.86188793182373 4.64842844009399 1.11298632621765 5.41848993301392 4.89517974853516 8.82224118709564 9.50444793701172 4.4749960899353 9.64175415039062 9.97458457946777 19.9424629211426 23.6540129184723 31.351146697998 25.5778770446777 29.7563877105713 26.3308658599854 36.6655426025391 35.1124992370605 43.8724021911621 44.4133224487305 43.8677406311035 47.6774673461914 41.1455268859863 46.3706321716309 41.9393157958984 39.115348815918 37.2200164794922 32.3611183166504 31.1093006134033 45.6100234985352 31.9432811737061
47.3075180053711 45.1100158691406 58.950740814209 58.5890960693359 54.1118583679199 47.5089263916016 31.7134819030762 36.754322052002 35.0096321105957 73.8891754150391 70.8881683349609 15.5246620178223 51.5094909667969 52.5437104701996 46.7996253967285 34.3960342407227 28.4074230194092 24.1195297241211 26.29319190979 28.1713237762451 23.4346733093262 27.5437831878662 23.5538864135742 31.3725776672363 40.2636642456055 28.6326470375061 24.741382598877 11.105372428894 8.3272762298584 3.63853001594543 2.64809632301331 7.60643196105957 10.9116077423096 16.6683120727539 16.3283386230469 16.2811660766602 17.199951171875 9.66502571105957 6.07097291946411 24.2478446960449 24.343225479126 29.6400623321533 27.2362632751465 23.976261138916 28.5328235626221 40.1456756591797 38.7644195556641 45.2013807296753 44.4984827041626 42.5994629859924 43.83620262146 40.8644113540649 37.9270553588867 33.0731258392334 29.1633243560791 37.5059480667114 44.4202651977539
57.1680870056152 51.1973304748535 43.0840110778809 47.9804458618164 45.6345558166504 46.2036819458008 26.3302536010742 35.0314674377441 73.8045883178711 76.3678665161133 79.7444305419922 67.8292083740234 29.9065704345703 46.4650802612305 43.6759910583496 33.4377632141113 37.2515907287598 30.3273792266846 27.2596702575684 27.3334140777588 26.9338302612305 16.0187644958496 15.2721319198608 19.5766639709473 17.4579448699951 14.5118207931519 14.081693649292 18.359884262085 25.4616241455078 9.70866394042969 11.9737958908081 38.0739669799805 34.2987289428711 38.8642730712891 37.2302360534668 14.0725555419922 1.30172264575958 2.21554970741272 0 9.52671480178833 23.2581100463867 31.5068702697754 27.2497806549072 21.9846878051758 25.3559837341309 33.3498687744141 30.803807258606 33.433100938797 42.7538146972656 34.7754135131836 37.3573570251465 36.2619571685791 36.8119812011719 34.7381629943848 29.0916872024536 36.6645927429199 37.9296112060547
68.7520980834961 50.685546875 57.6920280456543 59.6613998413086 55.6216697692871 29.3454284667969 55.5717811584473 63.5292816162109 73.7439041137695 60.4992942810059 72.7655487060547 69.5562744140625 56.3137588500977 65.8896865844727 63.0580635070801 24.1892051696777 28.984974861145 25.8307495117188 26.2172813415527 24.3155822753906 22.198169708252 16.7732925415039 19.6378345489502 19.7814826965332 19.3202209472656 22.6429328918457 23.8751201629639 26.2488708496094 22.849422454834 21.9523983001709 15.7553091049194 35.7627067565918 28.2785358428955 30.9160919189453 32.4506607055664 18.3557376861572 9.8654842376709 0 0 0 20.421272277832 30.2874031066895 27.8600921630859 11.8028926849365 7.58596277236938 22.9707374572754 42.631706237793 35.828125 35.2421607971191 31.4356575012207 39.0958938598633 36.6952095031738 39.0145797729492 39.3824310302734 34.5047035217285 41.1175994873047 37.1227607727051
