Geospatial/Brazil_population_crop_mask.asc
NCOLS 392 
NROWS 390 
XLLCORNER -74 
YLLCORNER -33.7 
CELLSIZE 0.1 
NODATA_value -9999 
[rows 123 to 163 of 390, columns 276 to 367 of 392]
45 45 54 54 45 39 39 39 39 31 1 20 20 20 20 20 20 31 31 31 31 20 20 20 45 45 45 20 20 20 20 77 77 77 77 45 45 39 39 39 69 69 69 69 69 61 61 61 124 124 108 69 69 75 73 81 78 69 69 118 125 92 89 92 80 80 103 103 89 102 98 118 83 80 80 69 84 95 89 89 93 71 71 94 101 101 69 58 54 69 129 152
39 45 45 54 50 39 39 39 39 1 1 20 20 20 20 20 20 31 31 20 20 31 31 20 45 45 39 20 20 20 45 77 77 77 64 45 45 45 39 39 69 61 54 69 69 61 61 61 124 64 64 64 71 80 78 78 75 69 69 73 75 83 83 80 93 81 112 103 97 106 177 112 80 78 89 69 103 89 89 89 91 89 97 90 88 88 69 58 58 69 132 77
31 45 45 45 45 39 39 39 39 1 20 20 20 20 20 20 20 31 20 20 20 31 31 39 39 39 31 20 20 20 20 66 31 77 77 77 20 45 39 39 39 54 54 64 75 75 61 94 123 114 66 80 81 80 84 81 64 64 64 73 75 97 66 66 64 58 75 77 71 176 170 119 124 103 110 111 103 81 77 101 97 105 105 88 88 69 69 69 58 77 113 122
31 31 45 45 45 45 39 39 1 20 20 20 20 20 20 20 20 20 20 20 1 1 39 39 39 31 1 20 20 20 20 31 31 31 54 61 20 39 39 39 45 54 54 54 31 39 61 61 69 69 69 81 81 81 77 85 64 64 64 73 71 66 66 66 69 81 92 92 66 99 135 111 104 107 110 120 90 95 85 94 89 106 105 93 83 69 78 89 91 103 114 106
31 45 45 45 45 45 39 1 1 20 20 20 20 20 20 20 20 20 20 20 1 1 39 31 1 1 1 20 20 20 31 31 31 31 31 31 31 20 20 20 31 45 39 31 31 50 66 66 69 69 75 81 73 71 69 85 108 104 113 113 84 80 78 71 71 81 92 92 77 99 135 99 100 112 121 123 102 83 75 90 88 108 93 97 85 84 90 100 96 109 107 107
45 45 45 45 45 45 1 1 20 20 20 1 1 1 20 20 20 20 20 20 20 20 1 1 20 31 20 20 20 31 31 31 31 31 31 31 39 20 20 31 31 31 31 39 45 45 58 64 61 61 54 69 66 66 71 71 71 112 113 113 80 81 81 71 90 73 90 75 75 66 83 115 116 118 126 64 97 96 97 96 71 73 71 103 109 93 98 100 114 107 92 106
45 45 45 45 45 45 1 1 1 20 1 1 1 1 20 20 20 20 20 20 20 20 1 1 31 31 31 20 20 31 31 54 54 31 31 39 39 31 20 31 31 54 54 54 45 45 50 66 61 54 54 54 58 64 61 64 71 73 99 88 80 119 119 87 91 81 81 71 85 78 61 118 99 93 87 64 81 64 61 81 71 84 97 103 110 106 95 122 119 111 104 64
45 45 45 45 45 39 1 1 1 1 1 1 1 1 1 20 20 20 20 20 20 20 1 1 31 31 31 20 20 20 20 61 61 61 39 31 20 31 50 45 66 66 54 54 54 50 66 66 50 50 54 31 31 31 61 45 54 83 98 95 117 97 90 89 88 88 66 66 50 61 61 113 109 111 87 87 87 87 58 61 66 75 103 105 93 94 103 124 124 80 69 61
45 45 45 45 45 39 1 1 1 1 1 1 1 1 1 20 20 20 20 20 20 1 1 1 31 31 31 31 20 20 20 54 61 61 39 20 20 31 45 50 50 61 54 54 54 54 54 45 45 45 31 31 31 31 54 45 45 71 71 100 96 90 90 90 89 88 66 66 54 45 71 75 66 83 87 87 87 87 58 58 64 117 131 115 90 87 100 114 97 58 61 87
45 45 45 45 45 45 1 1 1 1 1 1 1 1 1 20 20 20 20 20 20 1 1 1 31 31 31 31 31 20 20 20 20 39 20 20 20 31 39 50 45 31 31 54 61 58 54 45 45 31 31 31 31 61 58 58 45 58 69 75 75 90 90 90 90 88 39 39 45 45 75 71 83 78 81 87 87 81 66 61 115 115 101 94 88 84 85 94 80 54 66 91
45 45 45 20 45 45 1 1 1 1 1 1 1 1 1 20 20 20 20 20 20 1 1 31 31 31 50 31 31 31 31 39 39 39 31 20 20 20 31 20 20 20 31 31 31 31 45 45 39 39 58 61 61 61 58 58 58 58 69 71 73 87 90 90 90 45 39 39 71 71 83 112 122 94 80 85 85 71 39 115 115 115 83 95 80 71 90 90 90 61 96 96
45 45 39 1 45 1 1 1 1 1 1 1 1 1 1 1 20 20 20 20 20 1 1 31 31 31 61 50 50 39 39 39 39 39 39 39 1 1 31 66 39 31 31 31 31 45 45 39 39 61 61 61 61 58 45 54 58 64 69 66 61 88 85 88 73 39 39 69 75 81 84 106 122 122 54 85 85 81 39 64 73 50 69 71 66 66 75 90 90 50 64 96
45 45 45 1 1 1 1 1 1 1 1 1 1 1 1 1 20 20 20 20 1 1 1 31 31 31 20 31 39 39 39 39 39 39 20 1 1 1 20 66 66 66 66 58 54 50 50 39 39 39 61 61 61 45 45 45 69 69 69 64 61 61 39 39 39 39 54 75 80 78 78 78 54 45 45 45 61 50 50 45 45 39 54 54 66 58 83 90 73 50 50 64
45 45 45 1 1 1 1 1 1 1 1 1 1 1 1 1 20 20 20 20 20 20 20 31 31 1 1 20 39 39 39 31 1 1 1 1 1 1 1 58 66 66 66 66 50 50 45 31 31 45 54 61 61 45 45 50 69 71 69 64 61 61 61 45 45 64 45 83 81 78 78 78 78 58 45 61 61 61 66 31 31 31 54 54 54 58 64 84 50 50 50 20
45 45 45 1 1 1 1 1 1 1 1 1 1 1 1 1 20 20 20 20 1 1 1 1 1 1 1 31 39 39 39 1 1 1 1 1 1 1 1 1 1 66 66 66 20 20 31 31 31 45 45 45 45 45 61 64 88 77 58 58 61 61 69 69 69 69 69 83 81 78 78 78 78 45 45 58 61 61 69 31 31 20 20 45 45 20 73 73 71 54 88 84
45 45 45 1 1 1 1 1 1 1 1 1 1 1 1 1 1 20 20 20 20 20 1 1 1 1 1 39 39 39 39 1 1 1 1 1 1 1 1 1 1 1 64 20 20 20 31 31 31 45 45 45 66 71 71 73 58 54 39 39 31 31 66 69 81 80 45 66 83 66 58 54 50 69 69 69 61 61 69 69 31 20 20 20 20 39 73 73 73 61 85 97
45 45 1 1 1 1 1 1 1 1 1 1 1 1 1 1 1 1 1 20 20 20 20 31 45 45 45 39 39 39 39 1 1 1 1 1 1 1 1 1 1 20 20 20 20 20 31 31 31 45 45 54 50 54 61 71 54 54 39 39 31 31 31 80 81 75 39 66 61 58 54 58 50 58 69 69 66 64 69 69 69 54 39 20 64 73 73 73 61 31 85 106
45 1 1 1 1 1 1 1 1 1 1 1 1 1 1 1 1 1 1 1 1 31 45 45 45 45 1 1 1 1 1 31 31 31 66 66 50 64 20 20 20 20 20 20 20 20 20 20 31 20 39 39 39 50 50 54 54 54 39 39 31 31 81 83 81 81 81 58 58 54 54 58 75 45 69 61 61 69 69 69 75 93 77 61 69 69 69 39 31 31 85 90
20 1 1 1 1 1 1 1 1 1 1 1 1 1 1 1 1 1 1 1 20 45 45 45 45 45 1 1 1 1 1 31 31 50 66 66 66 66 20 20 20 20 20 20 20 20 20 20 20 39 39 39 39 39 39 54 54 54 39 39 66 84 84 81 81 61 61 58 58 54 54 71 64 31 20 20 39 69 31 92 93 84 61 61 69 69 69 69 95 94 90 90
1 1 1 1 1 1 1 1 1 1 1 1 1 1 1 1 1 1 1 1 1 39 39 39 45 39 1 1 1 1 1 31 31 54 66 66 66 66 61 45 58 20 20 20 20 20 20 20 20 39 39 39 39 39 69 58 54 125 104 39 39 84 84 81 81 61 61 58 58 54 54 39 31 31 31 20 20 69 20 93 93 93 61 61 69 66 89 96 96 89 90 90
1 1 1 1 1 1 1 1 1 1 1 1 20 31 31 31 31 31 31 31 31 39 39 39 39 1 1 1 1 1 1 20 31 54 54 66 66 66 61 64 39 20 20 20 20 20 45 64 64 64 39 39 39 39 69 69 77 138 139 139 139 100 84 81 61 61 61 58 58 58 54 31 31 39 39 39 20 31 66 66 66 93 61 91 95 90 90 90 92 92 91 88
1 1 1 1 1 1 1 1 1 1 1 1 31 31 31 31 31 31 31 31 31 31 31 39 20 1 1 1 1 1 1 78 31 85 77 77 66 50 50 50 31 20 20 20 20 20 39 54 64 64 64 61 58 58 64 64 69 77 129 139 139 75 75 75 75 61 61 58 45 50 45 31 31 39 39 39 20 31 66 66 66 140 61 85 100 90 90 92 92 95 107 83
1 1 1 1 1 1 1 1 1 31 31 31 31 31 31 31 31 31 31 31 31 31 31 31 31 1 1 1 1 39 78 75 31 85 71 75 66 50 50 45 45 45 31 69 58 54 39 39 61 64 64 64 64 64 64 69 69 77 88 139 139 75 75 75 75 1 20 31 1 1 31 31 31 31 39 39 39 20 45 66 66 75 113 103 102 102 109 109 97 109 109 106
1 1 1 1 1 1 1 1 1 20 31 31 31 31 31 31 31 31 31 31 31 31 31 31 31 20 1 1 1 54 75 78 31 84 71 71 58 45 45 45 39 73 73 73 73 45 39 39 39 64 64 64 64 1 64 69 75 77 77 142 142 75 75 73 54 1 1 1 1 1 1 31 31 31 39 39 39 20 20 66 66 109 118 118 103 101 98 108 100 107 118 127
1 1 1 1 1 1 1 1 1 1 31 31 39 39 39 31 31 31 31 31 31 31 31 31 31 31 1 1 1 54 54 61 66 66 50 50 50 50 45 45 31 73 73 73 73 39 39 39 39 64 64 64 1 1 75 77 77 77 90 157 157 83 71 20 20 1 1 1 1 1 1 31 31 31 39 39 31 20 20 115 115 115 116 118 118 85 112 109 104 103 111 123
1 1 1 1 1 1 31 31 31 31 31 39 39 39 39 39 39 20 31 31 31 31 31 31 20 1 1 1 1 50 54 66 66 66 66 61 58 31 31 31 31 73 73 73 73 39 39 39 39 50 64 64 45 45 77 77 58 58 58 69 83 31 20 20 20 20 1 1 1 1 1 31 31 31 39 39 20 20 20 115 115 115 115 115 92 92 113 104 104 109 109 131
1 1 1 1 1 1 31 31 31 31 31 39 39 39 39 39 20 20 31 31 31 31 20 20 20 20 1 1 1 1 54 66 66 66 66 66 61 31 31 31 58 73 1 1 73 39 1 1 1 1 64 1 45 45 77 77 58 58 58 20 58 20 20 20 31 20 20 20 1 39 54 54 45 1 1 1 20 20 20 115 115 115 111 85 89 89 93 105 103 106 110 104
1 1 1 1 1 1 1 20 1 31 31 39 39 39 39 20 1 20 39 39 39 39 39 20 20 20 1 1 1 1 20 20 20 20 20 20 61 61 39 31 73 1 1 45 114 106 1 1 54 58 58 54 1 1 77 77 58 58 39 39 31 20 31 45 45 20 20 54 54 58 58 58 50 50 1 1 1 1 66 66 84 85 85 85 89 89 88 88 88 94 100 84
1 1 1 1 1 1 1 1 1 20 31 31 31 31 1 1 1 1 39 39 39 39 31 20 20 20 20 1 1 1 20 20 20 20 20 20 61 61 61 31 73 1 1 45 113 85 54 54 54 45 1 1 1 20 77 77 58 58 39 39 39 39 39 75 75 50 45 58 58 58 58 58 50 50 20 1 1 1 66 66 69 81 84 78 89 88 88 88 88 93 93 84
1 1 1 1 1 1 1 1 1 1 31 20 20 31 1 1 1 1 20 39 39 39 39 20 20 20 20 1 1 1 20 20 20 20 20 20 61 61 61 61 69 1 1 45 84 64 54 45 1 1 1 1 1 45 58 58 58 58 58 58 58 31 31 31 75 75 54 58 58 58 58 58 20 50 50 1 1 1 66 66 66 66 71 77 89 88 88 88 93 93 93 88
1 1 1 1 1 1 1 1 1 1 1 1 1 1 1 1 20 20 20 31 39 39 39 58 54 54 45 1 1 1 20 20 20 20 20 20 61 61 61 61 45 45 45 45 45 1 1 1 1 1 1 1 1 39 58 58 58 58 58 58 31 31 31 54 75 75 77 69 69 69 58 20 20 20 45 50 1 1 66 66 66 66 66 77 77 77 94 94 94 95 77 77
1 1 1 1 1 1 1 1 1 1 1 20 45 50 1 1 20 20 20 20 39 39 45 58 58 58 1 1 1 20 20 20 20 20 20 20 54 61 61 1 45 45 45 45 1 1 1 1 1 1 1 1 1 58 58 58 58 58 58 58 31 31 39 75 61 75 77 77 77 75 58 20 20 20 31 50 45 1 66 66 66 66 66 84 77 77 100 100 100 100 98 83
1 1 1 1 1 1 1 1 1 39 54 54 54 54 54 39 20 20 20 20 20 39 31 39 58 54 1 1 1 45 31 31 1 1 1 1 1 1 45 1 20 20 39 45 1 1 1 1 1 1 1 1 58 58 58 58 58 58 58 58 58 73 75 61 45 75 77 77 77 77 77 77 66 20 20 20 50 50 54 69 97 94 94 91 89 89 95 88 89 100 92 88
1 1 1 1 1 1 1 1 1 39 54 54 54 54 54 54 20 20 20 20 20 31 31 31 58 39 39 45 45 45 31 31 31 20 1 1 1 1 1 1 20 20 20 1 1 1 1 1 1 1 1 45 58 58 58 58 58 58 58 58 58 90 84 89 75 75 77 77 77 77 77 77 99 91 100 89 39 39 39 116 97 95 94 94 89 89 95 88 85 87 90 98
1 1 1 1 1 1 1 1 1 1 54 54 54 54 54 54 20 20 20 20 20 31 31 31 50 45 45 45 45 45 31 31 31 31 31 1 1 1 1 50 50 20 20 1 1 1 1 1 1 39 64 45 58 58 58 58 58 58 58 58 58 135 134 103 69 77 78 77 77 77 77 77 92 100 94 83 39 39 45 114 96 96 94 90 91 91 95 95 92 110 89 107
1 1 1 1 1 1 1 1 1 45 54 54 54 54 50 39 39 20 20 20 31 31 31 39 45 45 45 45 45 45 31 31 31 31 31 31 31 1 50 50 45 20 20 20 1 1 1 1 1 1 64 64 45 45 50 58 58 58 58 78 89 93 123 80 81 83 88 84 78 77 77 77 100 100 96 84 54 100 106 112 112 109 104 87 87 116 98 96 95 117 130 107
1 1 1 1 1 1 1 1 1 1 45 45 45 50 39 39 39 31 31 31 31 31 31 31 45 45 45 45 45 45 31 31 31 31 31 31 31 1 50 50 58 20 20 20 1 1 1 1 1 64 64 66 64 45 45 45 50 58 61 87 87 93 92 93 83 83 85 88 88 87 81 99 95 93 90 89 89 108 111 112 106 109 104 87 116 116 113 103 104 152 142 111
1 1 1 1 1 1 1 1 1 1 1 45 45 45 45 39 39 39 39 31 31 31 31 31 31 45 45 45 45 54 39 31 31 31 31 31 31 93 93 93 58 20 20 20 20 1 31 1 1 64 69 71 54 54 54 54 45 45 45 107 87 89 93 92 83 83 83 83 89 89 88 80 80 81 85 80 80 81 112 112 103 104 107 107 117 117 120 124 124 147 136 136
1 1 1 1 1 1 1 1 1 1 1 1 1 20 45 39 39 39 39 31 31 31 31 31 31 50 45 50 54 54 54 54 54 54 54 93 93 93 93 31 20 20 20 20 20 39 45 45 1 20 66 71 71 71 71 73 45 71 50 83 85 96 96 89 83 83 83 77 73 91 88 83 80 80 80 80 80 80 111 112 97 102 106 80 117 118 124 124 124 115 100 184
1 1 1 1 1 1 1 1 1 1 1 1 1 1 39 39 39 39 39 39 39 31 31 31 54 54 54 54 54 54 54 54 54 54 93 93 93 93 93 20 20 20 20 20 31 45 50 50 39 20 20 69 71 71 71 73 64 71 71 85 85 91 99 97 66 69 81 77 66 91 88 83 80 80 80 80 80 80 84 81 81 85 80 81 91 109 124 124 124 100 102 142
1 1 1 1 1 1 1 1 1 1 1 1 1 1 39 39 39 39 39 39 31 31 31 31 50 54 54 54 54 54 54 54 54 1 1 31 1 20 83 20 20 20 85 90 102 45 73 50 50 78 20 64 64 64 64 106 81 105 108 88 81 80 80 98 66 66 66 66 66 84 85 95 95 95 84 80 80 80 109 81 80 83 83 112 112 105 104 111 130 121 102 122
