Geospatial/Brazil_population_crop_mask.asc
NCOLS 392 
NROWS 390 
XLLCORNER -74 
YLLCORNER -33.7 
CELLSIZE 0.1 
NODATA_value -9999 
[rows 82 to 122 of 390, columns 276 to 367 of 392]
1 1 39 45 45 45 54 64 69 69 69 78 103 107 97 101 93 -9999 66 -9999 78 107 107 81 58 58 58 58 64 61 58 58 61 73 73 73 69 69 89 88 80 81 84 81 81 81 159 93 87 85 85 101 90 80 119 119 119 116 78 119 118 117 118 116 107 109 -9999 -9999 -9999 -9999 -9999 -9999 -9999 -9999 -9999 -9999 -9999 -9999 -9999 -9999 -9999 -9999 -9999 -9999 -9999 -9999 -9999 -9999 -9999 -9999 -9999 -9999
1 45 45 45 77 64 64 66 69 69 69 100 103 109 109 107 93 -9999 -9999 93 78 107 102 93 66 64 58 58 61 64 64 75 73 73 73 73 69 85 87 78 80 84 81 81 81 144 151 58 87 85 85 120 105 64 61 100 94 90 90 97 97 97 98 108 107 110 97 109 -9999 -9999 -9999 -9999 -9999 -9999 -9999 -9999 -9999 -9999 -9999 -9999 -9999 -9999 -9999 -9999 -9999 -9999 -9999 -9999 -9999 -9999 -9999 -9999
39 54 61 83 78 64 78 83 69 69 75 100 100 103 108 100 100 -9999 69 94 97 100 105 94 66 66 58 58 61 71 71 77 77 77 73 73 69 69 69 69 87 81 81 81 84 90 61 58 58 87 87 83 84 61 61 100 98 96 80 75 96 100 112 114 98 89 88 97 100 -9999 -9999 -9999 -9999 -9999 -9999 -9999 -9999 -9999 -9999 -9999 -9999 -9999 -9999 -9999 -9999 -9999 -9999 -9999 -9999 -9999 -9999 -9999
83 83 83 83 83 83 83 83 83 100 100 100 100 99 100 90 89 89 89 88 97 97 95 94 88 89 77 80 78 71 71 73 77 77 77 77 69 69 71 88 88 97 90 73 73 85 90 58 81 87 64 93 85 69 91 99 75 78 78 71 75 112 113 108 113 73 97 99 92 112 113 -9999 -9999 -9999 -9999 -9999 -9999 -9999 -9999 -9999 -9999 -9999 -9999 -9999 -9999 -9999 -9999 -9999 -9999 -9999 -9999 -9999
83 83 83 80 64 64 66 77 83 81 81 98 99 99 66 77 54 89 89 98 98 98 98 96 89 73 78 80 80 78 71 71 77 77 77 77 77 75 88 88 88 97 94 71 64 64 83 81 81 81 61 61 75 69 69 73 78 77 78 71 75 93 93 95 61 101 120 126 91 108 100 113 110 -9999 -9999 -9999 -9999 -9999 -9999 -9999 -9999 -9999 -9999 -9999 -9999 -9999 -9999 -9999 -9999 -9999 -9999 -9999
81 66 64 64 64 64 64 64 81 81 81 81 81 69 77 104 93 80 90 98 98 98 98 91 73 73 77 80 80 78 71 77 75 77 64 75 77 77 77 88 90 95 78 71 69 64 87 81 81 81 77 77 78 88 69 85 77 77 80 113 78 107 111 83 73 100 129 129 127 109 99 127 136 134 -9999 -9999 -9999 -9999 -9999 -9999 -9999 -9999 -9999 -9999 -9999 -9999 -9999 -9999 -9999 -9999 -9999 -9999
69 85 85 45 45 45 45 45 45 80 95 81 81 92 105 104 93 93 106 91 84 84 84 83 78 78 78 77 81 81 81 85 84 77 88 90 73 64 95 90 96 87 78 78 77 66 71 81 81 77 77 111 114 104 78 90 99 99 115 129 118 87 61 58 73 77 109 117 126 107 106 97 97 102 116 118 -9999 -9999 -9999 -9999 -9999 -9999 -9999 -9999 -9999 -9999 -9999 -9999 -9999 -9999 -9999 -9999
45 45 45 45 45 54 71 78 50 143 142 85 92 92 105 105 93 93 75 83 84 84 84 84 78 78 78 78 81 81 84 85 85 77 90 90 90 99 101 95 96 83 100 78 75 66 80 73 66 75 75 107 115 119 131 107 95 85 111 150 169 78 61 54 73 81 94 108 130 120 116 118 100 100 100 104 174 -9999 -9999 -9999 -9999 -9999 -9999 -9999 -9999 -9999 -9999 -9999 -9999 -9999 -9999 -9999
45 45 69 78 78 78 78 71 81 141 106 103 100 102 69 66 66 92 61 61 61 83 83 83 78 78 78 81 81 81 81 81 77 77 87 90 90 69 101 96 87 97 100 97 77 77 73 66 66 69 66 50 50 50 140 116 80 80 77 102 155 144 102 69 94 94 90 88 114 98 111 112 75 45 92 97 172 231 251 -9999 -9999 -9999 -9999 -9999 -9999 -9999 -9999 -9999 -9999 -9999 -9999 -9999
45 45 78 78 78 77 71 71 92 141 103 85 102 102 66 66 69 88 97 61 90 83 88 88 78 78 78 81 81 81 81 81 77 77 77 77 92 71 69 96 100 100 100 100 77 71 66 66 66 66 64 50 66 103 149 107 118 78 87 91 129 99 99 69 54 50 39 80 90 92 100 110 77 54 92 83 83 201 230 176 -9999 -9999 -9999 -9999 -9999 -9999 -9999 -9999 -9999 -9999 -9999 -9999
45 64 78 78 78 71 71 71 140 75 85 87 102 102 71 83 104 110 106 98 97 89 89 89 80 78 80 81 81 81 81 81 77 77 77 77 102 98 77 69 100 80 77 77 77 66 66 66 66 66 50 64 71 105 122 127 121 88 85 91 117 78 73 69 58 50 39 75 75 98 99 64 58 58 88 75 121 201 150 152 137 -9999 -9999 -9999 -9999 -9999 -9999 -9999 -9999 -9999 -9999 -9999
77 85 78 71 71 71 71 71 71 77 85 85 85 91 91 94 107 106 106 106 89 89 89 89 87 80 80 80 81 81 81 103 98 96 88 83 98 84 84 88 88 77 77 77 75 54 64 66 58 54 54 50 50 97 135 139 110 103 103 91 78 64 77 64 77 58 31 71 75 84 91 75 77 71 115 120 125 132 144 129 143 142 -9999 -9999 -9999 -9999 -9999 -9999 -9999 -9999 -9999 -9999
89 78 73 71 71 71 71 71 73 77 85 87 87 87 111 111 111 111 111 110 111 89 89 89 80 80 80 80 81 81 78 89 104 103 95 84 84 85 88 88 88 77 77 77 75 54 54 58 73 54 50 50 64 104 104 126 137 117 117 118 73 61 54 31 39 45 54 54 54 85 85 80 78 83 116 117 114 112 100 151 118 130 111 -9999 -9999 -9999 -9999 -9999 -9999 -9999 -9999 -9999
89 77 71 71 71 71 71 73 73 80 85 85 87 109 111 111 106 106 105 111 111 89 89 88 80 80 87 66 66 66 64 93 104 104 84 84 84 84 88 88 88 88 84 83 103 103 103 103 103 39 39 39 45 71 71 71 116 93 98 84 80 81 81 81 31 39 50 54 61 106 109 88 78 78 120 103 134 142 117 116 66 118 110 110 -9999 -9999 -9999 -9999 -9999 -9999 -9999 -9999
89 71 71 71 71 71 71 71 80 81 85 85 85 92 95 107 84 84 84 84 90 90 89 85 95 91 97 66 66 61 61 73 104 104 91 84 84 84 83 75 80 87 78 78 103 103 103 101 100 87 77 75 81 64 94 101 116 116 105 87 85 81 81 81 45 39 45 54 73 108 109 109 61 113 128 132 136 90 107 110 66 98 85 97 101 -9999 -9999 -9999 -9999 -9999 -9999 -9999
89 80 71 71 71 71 71 71 80 81 85 83 83 92 87 84 88 92 84 85 90 90 90 90 97 97 97 66 61 61 61 61 61 98 90 97 97 97 81 75 73 73 78 78 88 103 103 103 87 87 87 87 54 54 105 102 107 116 104 85 85 81 81 81 39 39 50 54 54 80 78 109 107 105 121 130 100 100 102 83 66 71 58 69 90 98 -9999 -9999 -9999 -9999 -9999 -9999
89 89 71 71 71 71 71 77 83 81 83 85 89 91 102 93 106 118 136 97 88 73 96 97 97 97 97 71 61 61 61 61 73 90 90 97 97 85 81 85 85 66 75 80 69 78 91 87 87 81 75 80 31 31 50 80 112 97 69 77 61 45 45 39 45 45 45 88 80 75 77 61 61 88 104 110 69 104 84 84 83 73 71 77 84 111 124 -9999 -9999 -9999 -9999 -9999
89 83 71 71 71 71 71 69 58 58 84 89 89 92 101 88 111 127 136 94 77 71 73 97 97 97 97 97 61 84 73 61 90 90 91 97 97 89 85 85 85 66 64 69 69 77 45 45 45 45 45 87 45 45 80 81 91 89 119 77 83 75 75 45 45 45 83 89 75 80 73 64 66 78 88 83 69 69 69 83 83 50 80 78 89 91 124 124 124 -9999 -9999 -9999
89 89 75 71 58 61 64 58 58 64 89 89 89 89 95 95 95 95 104 78 77 69 54 97 97 97 90 91 90 90 90 90 90 90 96 97 85 85 85 85 87 88 88 88 64 50 61 45 45 45 45 31 69 78 85 90 91 104 119 75 75 75 75 87 80 73 73 73 77 77 77 73 80 81 78 73 80 58 61 78 50 50 50 64 101 129 77 64 124 97 106 -9999
71 73 73 58 58 58 58 58 58 64 64 89 89 89 105 104 102 104 78 78 73 54 54 80 97 90 80 83 90 90 90 90 90 90 90 163 155 85 85 89 90 88 88 77 50 50 61 45 45 45 20 1 1 1 64 81 84 54 85 71 71 71 71 87 84 77 73 73 73 73 66 69 90 121 54 78 81 73 64 61 58 50 50 131 132 92 64 64 58 58 75 255
39 39 39 39 58 58 58 58 61 64 64 89 89 87 105 96 83 83 81 78 113 81 78 54 97 93 66 66 73 90 90 90 90 90 129 160 168 168 93 93 93 88 88 85 50 61 58 45 45 39 20 20 1 1 81 81 77 58 73 71 71 71 84 85 81 69 71 73 73 73 66 66 93 136 138 80 75 81 77 71 119 81 88 98 132 93 80 77 89 128 123 116
39 39 54 58 58 58 61 64 64 64 64 71 85 85 66 80 83 83 83 113 113 81 80 80 66 66 66 66 90 90 90 90 90 97 129 138 168 168 93 93 73 50 85 88 64 61 50 45 50 20 20 20 20 1 69 66 96 107 31 50 54 50 61 66 91 95 95 93 61 58 93 54 103 89 58 58 75 83 90 117 120 92 118 108 104 78 80 89 89 128 128 128
39 54 58 58 58 58 64 64 64 64 64 66 66 85 66 66 78 73 81 109 100 80 80 80 66 66 66 88 90 90 90 90 58 54 129 129 168 168 93 93 50 50 66 81 61 61 50 54 58 20 20 20 20 20 39 66 122 122 92 31 73 45 54 50 50 88 92 66 69 64 104 75 58 75 71 54 71 78 77 112 120 114 119 119 103 78 89 89 89 128 128 128
39 58 58 58 61 64 50 50 61 64 66 66 66 66 66 66 73 73 101 109 98 80 80 80 80 80 90 73 73 80 73 73 54 54 129 129 168 141 93 93 93 54 54 50 45 45 58 58 58 54 39 20 20 20 39 78 108 122 104 39 39 39 45 75 50 91 71 66 71 87 104 75 54 54 90 66 64 64 64 66 69 94 113 115 118 119 64 73 119 128 128 128
39 54 54 58 54 64 50 50 50 66 66 66 66 66 66 73 73 73 91 109 92 80 80 80 80 50 50 50 58 73 73 73 73 66 129 145 119 113 66 66 64 54 54 54 45 50 58 58 58 58 58 20 20 20 50 73 69 64 64 77 75 50 77 77 84 93 96 83 89 102 75 77 54 58 75 64 64 64 64 69 92 95 100 69 64 77 71 64 64 64 113 128
39 54 54 54 54 54 50 50 50 64 66 66 66 66 69 73 73 73 75 108 85 83 80 80 80 61 50 50 50 64 73 73 73 73 155 168 98 61 61 66 66 54 54 54 50 50 54 58 58 58 58 39 31 31 64 94 69 87 75 61 77 61 61 61 71 66 113 93 78 58 50 73 73 66 58 64 64 64 64 66 78 66 66 66 66 84 84 75 64 64 64 128
39 45 54 54 54 54 50 50 50 66 66 66 66 66 39 39 71 71 71 91 91 91 88 77 81 77 50 50 50 50 50 71 73 73 160 135 78 80 80 66 66 54 54 50 50 50 50 31 31 31 31 31 31 31 54 96 96 95 54 39 39 31 45 50 66 66 113 105 84 102 102 69 73 64 39 64 64 64 54 61 66 66 66 66 84 84 81 81 71 66 71 71
39 54 54 54 54 54 54 50 50 66 66 66 66 66 45 39 54 73 73 89 91 91 78 81 81 1 1 39 50 50 69 69 69 61 66 66 75 80 80 58 45 58 54 31 50 50 31 31 31 31 31 31 31 31 39 80 78 88 61 39 39 39 45 58 50 69 96 99 100 97 102 88 102 71 58 64 64 75 77 50 31 75 66 73 84 84 84 77 77 73 71 71
54 54 54 54 54 54 54 54 66 66 66 66 66 66 64 39 39 73 73 91 91 77 81 81 80 80 69 50 66 54 69 69 69 61 61 88 95 104 61 75 39 61 75 31 31 31 31 31 31 31 31 31 39 39 39 73 71 78 69 39 45 45 45 61 66 69 100 100 93 91 78 85 88 75 75 58 89 97 97 54 54 50 77 95 115 85 81 77 77 61 61 61
54 54 54 54 54 54 54 54 20 66 66 66 66 66 66 39 39 66 81 87 87 66 66 80 80 80 78 54 58 69 69 69 69 61 61 80 88 114 64 75 39 45 39 39 31 31 31 31 31 31 31 39 39 39 39 69 90 85 81 54 45 45 45 58 69 75 78 88 75 85 75 77 73 61 73 71 89 97 97 87 87 85 58 89 96 85 80 77 77 64 61 64
54 54 54 54 54 54 54 50 1 64 66 66 66 66 66 64 39 39 81 81 81 80 81 81 80 80 80 54 54 54 20 20 20 61 61 61 88 136 117 39 50 39 39 39 31 31 31 31 31 31 31 39 39 39 39 90 87 64 54 54 89 95 93 64 61 66 66 66 71 78 80 83 64 61 64 71 75 97 96 94 75 78 98 75 84 100 95 84 77 69 61 69
54 54 54 54 54 54 1 1 1 1 1 45 20 1 1 1 31 1 1 1 20 81 81 81 78 64 64 64 54 54 20 20 45 54 61 69 103 90 69 66 39 66 64 54 39 54 54 39 31 31 31 39 39 31 31 66 71 69 66 69 94 95 90 61 61 64 64 64 75 110 110 73 73 89 69 73 61 61 66 99 80 128 80 96 112 89 92 97 94 80 61 64
54 54 54 54 54 54 1 1 1 1 1 1 1 1 1 1 1 1 20 20 20 80 81 81 73 64 64 64 64 54 20 31 45 45 69 69 97 58 58 61 66 66 66 64 54 54 54 20 20 20 31 20 20 20 20 45 64 93 102 54 54 71 54 50 50 97 64 69 73 110 87 88 81 91 66 100 61 61 100 124 110 126 128 127 104 116 100 97 94 64 64 64
45 39 39 39 45 1 1 1 1 1 1 1 1 1 1 1 1 1 20 20 20 20 78 81 64 69 64 64 54 54 20 45 45 45 45 61 69 73 73 71 73 66 66 66 75 75 69 61 61 20 20 20 20 20 20 20 97 100 71 54 54 50 50 58 99 99 66 50 54 75 81 136 147 96 104 106 75 83 118 101 96 87 85 99 95 88 89 75 92 61 54 96
39 39 39 39 39 39 1 1 1 1 1 20 20 1 1 1 1 1 20 20 20 64 64 93 98 96 75 73 58 54 45 50 45 45 45 54 69 71 73 73 73 78 66 66 75 75 75 75 39 39 20 20 20 20 20 20 39 31 39 31 50 50 54 88 75 84 66 61 81 83 151 137 98 100 103 108 107 80 101 88 124 95 87 97 97 103 127 77 92 92 101 94
39 39 39 39 39 39 1 1 1 20 20 20 1 1 1 1 1 1 20 20 58 64 66 71 98 98 75 75 58 58 54 54 54 54 54 69 69 69 73 73 73 83 75 66 71 75 75 64 45 45 20 20 20 20 20 20 31 31 31 31 45 54 54 54 69 66 54 69 83 104 107 106 96 95 99 108 107 80 97 104 125 100 100 97 89 109 112 91 128 131 94 75
39 39 39 39 39 31 20 20 20 20 20 1 1 1 20 20 20 20 20 64 64 71 71 71 73 66 75 75 75 58 54 54 54 54 54 69 54 54 54 54 50 80 69 69 71 75 73 69 45 58 50 20 20 20 20 50 31 31 39 39 45 54 54 54 66 69 94 100 97 94 77 84 80 107 92 108 90 93 103 103 104 94 92 91 88 91 92 87 73 71 71 89
39 39 39 39 39 31 20 20 20 20 20 20 20 20 20 20 20 20 58 64 31 69 71 71 39 39 75 75 75 75 54 54 54 54 54 71 54 54 54 50 50 50 66 69 71 73 73 73 73 58 58 20 39 20 50 58 50 39 39 39 39 54 54 54 50 77 83 90 83 69 61 78 73 125 87 88 90 94 103 100 108 119 119 99 103 99 87 87 83 71 71 81
39 39 50 54 39 39 39 31 20 31 31 20 20 20 20 20 54 54 54 31 20 31 39 31 31 64 64 64 66 66 54 69 61 75 77 77 54 54 39 39 54 71 73 69 69 77 73 73 78 80 58 66 69 73 58 58 58 58 58 45 39 58 54 85 87 80 80 80 66 66 110 121 106 91 106 95 110 107 93 100 113 119 119 91 71 104 104 102 105 50 50 75
39 50 54 54 39 39 39 39 39 39 1 20 20 20 20 20 54 54 54 45 20 39 31 20 20 39 64 64 64 31 77 77 77 77 77 77 45 45 39 45 69 73 71 69 66 77 77 77 83 83 64 77 69 77 71 71 58 58 58 61 58 61 61 90 84 84 84 104 98 80 100 84 90 91 90 103 95 118 132 129 117 119 117 91 69 84 81 81 94 50 50 58
45 54 54 54 39 45 39 39 39 39 1 20 20 20 20 20 39 54 54 31 31 39 20 20 31 58 61 64 54 54 77 77 77 77 77 77 45 45 69 69 69 69 69 69 66 66 92 92 118 92 78 73 69 77 71 71 58 58 61 64 58 61 61 75 84 84 81 87 102 102 97 105 92 98 99 83 100 126 132 93 102 87 85 85 69 61 78 84 85 66 64 153
