Geospatial/Brazil_population_crop_mask.asc
NCOLS 392 
NROWS 390 
XLLCORNER -74 
YLLCORNER -33.7 
CELLSIZE 0.1 
NODATA_value -9999 
[rows 82 to 122 of 390, columns 184 to 275 of 392]
1 1 1 1 20 31 31 31 84 84 84 84 84 84 84 45 45 45 1 1 1 1 1 20 39 39 39 31 31 31 31 31 31 1 31 31 31 1 1 1 1 1 1 1 1 1 1 1 1 1 1 1 1 1 1 31 20 45 20 75 66 20 20 20 20 20 64 64 64 64 64 61 61 61 58 50 50 50 39 39 39 39 39 39 39 39 39 39 39 20 1 1
1 1 1 1 31 31 31 31 84 84 84 84 84 84 84 81 45 45 45 20 1 1 1 1 39 39 39 31 31 31 31 31 1 1 31 31 31 31 1 1 1 1 1 1 1 1 1 1 1 1 1 1 1 1 1 1 1 20 20 50 20 20 20 20 20 20 64 64 64 64 64 61 61 50 50 50 45 39 39 39 39 39 39 39 39 39 39 39 39 1 1 1
1 1 1 1 31 31 31 39 84 84 84 84 84 84 84 45 45 45 45 45 1 1 1 1 39 39 39 31 31 31 31 31 1 1 31 31 31 31 31 1 1 1 1 1 20 20 1 1 1 1 1 1 1 1 1 1 20 20 20 45 45 20 20 20 20 20 20 64 64 64 64 61 61 50 50 39 39 39 39 39 39 39 39 39 39 39 39 39 20 1 1 1
1 1 1 1 31 31 31 39 84 84 84 84 84 54 45 45 45 45 45 45 45 1 1 1 1 39 39 39 31 31 31 1 1 1 1 1 31 31 31 1 1 1 1 20 20 20 20 1 1 1 1 1 1 20 1 1 1 20 20 45 50 20 20 20 20 20 64 64 64 50 45 45 39 39 39 39 39 39 39 39 39 39 39 39 39 39 39 39 1 1 1 1
1 1 1 20 31 31 31 39 84 84 78 84 84 45 45 45 45 45 45 45 45 1 1 1 1 39 39 39 39 31 31 1 1 1 1 1 31 31 1 1 1 1 1 20 20 20 20 20 1 1 1 1 1 20 20 20 20 20 20 31 50 20 20 20 20 20 58 64 50 45 39 39 39 39 39 39 39 39 39 39 39 39 39 39 39 39 39 20 1 1 1 1
1 1 1 31 31 31 31 39 84 45 20 20 20 45 45 45 45 45 45 45 45 1 1 1 1 39 39 39 39 31 31 31 1 1 1 1 31 31 1 1 1 1 1 1 20 20 20 20 1 1 1 20 20 20 20 20 20 20 20 20 64 64 64 64 64 64 58 50 39 39 39 39 39 39 39 39 39 39 39 39 39 39 39 39 39 39 20 1 1 1 1 58
1 1 1 31 31 31 31 20 20 20 20 20 20 45 45 45 45 45 45 45 45 45 45 20 1 1 39 39 31 31 31 31 1 1 1 1 1 1 1 1 1 1 1 1 20 20 20 20 20 20 20 20 20 20 20 20 20 20 20 108 64 64 64 64 39 64 45 39 39 39 39 39 39 39 39 39 39 39 39 39 39 39 39 39 39 39 1 1 1 1 73 85
1 1 20 31 31 31 31 20 20 20 20 20 20 39 45 45 45 45 45 45 45 45 45 45 20 1 31 31 31 31 31 1 1 1 1 1 1 1 1 1 1 1 1 1 20 20 20 20 20 20 20 20 20 20 20 20 20 88 108 92 64 64 64 39 39 39 39 39 39 39 39 39 39 39 39 39 39 39 39 39 39 39 39 39 39 45 1 1 1 81 71 45
1 31 31 31 31 31 20 31 20 20 20 20 20 20 39 45 45 45 45 45 45 45 45 1 31 31 31 31 31 31 1 1 1 1 1 1 1 1 1 1 1 1 1 1 20 20 20 20 20 20 20 20 20 20 20 20 108 108 108 88 64 64 64 39 39 39 39 39 39 39 39 39 39 39 39 39 39 39 39 39 39 39 39 39 39 50 1 1 31 45 45 45
1 31 31 31 31 31 31 31 20 20 20 20 20 20 20 45 45 45 45 45 45 45 45 1 20 31 31 1 1 1 1 1 1 1 1 1 1 1 1 1 1 1 1 20 20 20 20 20 20 20 20 20 20 20 20 20 108 108 108 69 64 64 64 64 58 39 39 39 39 39 39 39 61 61 61 61 39 39 39 39 39 39 39 39 39 54 39 1 20 45 45 45
20 31 31 31 31 31 31 31 20 20 20 20 20 20 20 45 45 45 45 45 45 39 1 1 1 1 1 1 1 1 1 1 1 1 1 1 1 1 1 1 1 1 1 20 20 20 20 20 31 31 20 20 20 20 20 89 108 108 108 1 64 64 64 64 61 39 39 39 39 39 39 39 61 61 61 61 45 39 39 39 39 39 39 39 54 54 39 1 45 45 45 45
31 31 31 31 31 31 31 31 20 20 20 20 20 20 20 39 45 45 45 45 39 1 1 1 1 1 1 1 1 1 1 1 1 1 1 1 1 1 1 1 1 1 1 1 20 20 20 20 31 31 31 31 31 31 20 103 94 31 108 1 61 61 61 58 39 50 39 39 39 39 39 39 61 61 61 61 61 61 61 45 39 39 39 54 54 54 54 45 45 45 45 45
31 31 31 31 31 31 31 31 20 20 20 20 20 20 20 45 45 39 1 1 1 1 1 1 1 1 1 1 1 1 1 1 1 1 1 1 1 1 1 1 1 1 1 1 1 20 20 20 20 31 31 31 31 31 31 31 31 31 31 1 39 39 39 39 39 39 39 39 45 45 45 45 45 61 61 61 61 61 61 61 61 54 58 54 54 54 45 45 45 45 45 77
31 31 31 31 31 31 31 31 20 20 20 1 1 1 1 1 1 1 1 1 1 1 1 1 1 1 1 1 1 1 1 1 1 1 1 1 1 1 1 1 1 1 1 1 1 1 31 20 31 31 31 31 31 31 31 31 31 31 31 1 31 39 39 39 39 39 39 39 45 45 45 45 45 45 45 61 61 61 61 61 61 61 54 54 58 58 45 45 45 45 45 89
31 31 31 31 31 31 31 20 20 1 20 1 1 1 1 1 1 1 1 1 1 1 1 1 1 1 1 1 1 1 1 1 1 1 1 1 1 1 1 1 1 1 1 1 1 1 31 31 31 31 31 31 31 31 31 31 31 31 31 1 1 39 39 39 69 90 39 45 45 45 45 45 45 45 45 45 61 61 61 61 61 54 54 54 77 66 45 45 45 50 54 89
31 31 31 31 31 31 31 1 1 1 1 1 1 1 1 1 1 1 1 1 1 1 1 1 1 1 1 1 1 1 1 1 1 1 1 1 1 1 1 1 1 1 1 1 1 1 1 31 31 31 31 31 31 31 31 31 31 31 31 31 1 39 39 88 90 90 45 45 45 45 45 45 45 45 45 45 61 61 61 61 61 54 54 73 78 78 69 69 54 54 54 89
1 31 31 31 31 31 1 1 1 1 1 1 1 1 1 1 1 1 1 1 1 1 1 1 1 1 1 1 1 1 1 1 1 1 1 1 1 1 1 1 1 1 1 1 1 1 1 31 31 31 31 31 31 31 31 31 31 31 31 31 31 1 90 90 90 90 45 45 45 45 45 45 45 45 45 45 45 54 61 61 54 54 54 71 78 78 75 54 54 54 54 89
1 1 1 20 1 1 1 1 1 1 1 1 1 1 1 1 1 1 1 1 1 1 1 1 1 1 1 1 1 1 1 1 1 1 1 1 1 1 1 1 1 1 1 1 1 1 1 31 31 31 31 31 31 31 31 31 31 31 31 31 31 90 90 90 90 90 45 45 45 45 45 45 45 45 45 45 45 69 78 54 54 73 54 73 78 78 69 54 54 54 54 89
1 1 1 1 1 1 1 1 1 1 1 1 1 1 1 1 1 1 1 1 1 1 1 1 1 1 1 1 1 1 1 1 1 1 1 1 1 1 1 1 1 1 1 1 1 1 1 31 31 31 31 31 31 31 31 31 31 31 31 31 31 1 64 88 90 90 45 45 45 45 45 45 45 45 45 45 78 78 78 78 78 78 78 78 78 78 73 54 54 54 54 89
1 1 1 1 1 1 1 1 1 1 1 1 1 1 1 1 1 1 1 1 1 1 1 1 1 1 1 1 1 1 1 1 1 1 1 1 1 1 1 1 1 1 1 1 1 1 1 31 31 31 31 31 31 58 58 58 58 58 58 58 58 58 64 66 69 78 45 45 45 45 64 50 45 45 45 50 58 75 78 78 78 78 78 78 78 78 75 45 45 45 45 71
1 1 1 1 1 1 1 1 1 1 1 1 1 1 1 1 1 1 1 1 1 1 1 1 1 1 1 1 1 1 1 1 1 1 1 1 1 1 1 1 1 1 1 1 1 1 1 20 31 31 31 31 50 58 58 58 58 58 58 58 58 1 61 64 64 64 58 45 45 45 45 66 66 71 50 50 58 58 78 78 78 78 78 78 78 78 77 39 39 39 39 39
1 1 1 1 1 1 1 1 1 1 1 1 1 1 1 1 1 1 1 1 1 1 1 1 1 1 1 1 1 1 1 1 1 1 1 1 1 1 1 1 1 1 1 1 1 1 1 31 31 31 31 58 58 58 58 58 58 58 58 58 58 58 1 64 64 71 45 45 45 45 45 66 77 73 50 50 58 58 58 66 78 64 64 78 78 83 84 39 39 39 39 39
1 1 1 1 1 1 1 1 1 1 1 1 1 1 1 1 1 1 1 1 1 1 1 1 1 1 1 1 1 1 1 1 1 1 1 1 1 1 1 1 1 1 1 1 1 1 1 31 31 31 31 58 58 58 58 58 58 58 58 58 58 58 58 64 66 71 45 45 45 45 45 78 78 78 50 50 50 58 58 85 106 64 64 73 80 84 84 45 39 39 39 39
1 1 1 1 1 1 1 1 1 1 1 1 1 1 1 1 1 1 1 1 1 1 1 1 1 1 1 1 1 1 1 1 1 1 1 1 1 1 1 1 1 1 1 1 1 1 1 1 71 71 71 64 58 58 58 58 58 58 58 58 58 58 61 64 66 71 45 45 45 71 84 87 73 75 91 77 69 58 142 142 142 142 96 78 84 84 81 39 39 39 39 39
1 1 1 1 1 1 1 1 1 1 1 1 1 1 1 1 1 1 1 1 1 1 1 1 1 1 1 1 1 1 1 1 1 1 1 1 1 1 1 1 1 1 1 1 1 1 1 1 71 71 71 71 71 61 58 58 58 58 58 58 58 58 71 71 71 71 81 81 80 87 87 75 69 80 95 85 69 123 142 142 142 133 84 83 81 81 81 39 39 39 39 39
1 1 1 1 1 1 1 1 1 1 1 1 1 1 1 1 1 1 1 1 1 1 1 1 1 1 1 1 1 1 1 1 1 1 1 1 1 1 1 1 1 1 1 1 1 1 1 66 71 71 71 71 71 71 71 69 69 71 64 69 64 61 71 71 71 71 81 81 54 54 54 54 54 69 69 91 89 97 94 124 142 139 83 81 81 80 78 39 39 39 39 39
1 1 1 1 1 1 1 1 1 1 1 1 1 1 1 1 1 1 1 1 1 1 1 1 1 1 1 1 1 1 1 1 1 1 1 1 1 1 1 1 1 1 1 1 1 1 64 71 71 71 71 71 71 71 71 71 71 71 71 71 71 71 71 71 71 71 75 77 77 77 73 54 50 54 69 69 92 95 94 96 87 129 97 88 80 80 54 39 39 39 39 39
1 1 1 1 1 1 1 1 1 1 1 1 1 1 1 1 1 1 1 1 1 1 1 1 1 1 1 1 1 1 1 1 1 1 1 1 1 1 1 1 1 1 1 1 1 1 1 66 71 71 71 71 71 71 71 71 71 71 71 71 71 71 71 71 71 71 73 77 77 77 77 50 50 50 58 69 69 96 107 97 87 111 91 95 91 78 50 39 39 39 39 39
1 1 1 1 1 1 1 1 1 1 1 1 1 1 1 1 1 1 1 1 1 1 1 1 1 1 1 1 1 1 1 1 1 1 1 1 1 1 1 1 1 1 1 1 1 45 1 71 71 71 71 71 71 71 71 71 71 71 71 71 71 71 71 71 71 71 71 71 77 77 50 50 61 45 69 69 69 50 66 58 58 84 84 73 54 54 54 39 39 39 45 54
1 1 1 1 1 1 1 1 1 1 1 1 1 1 1 1 1 1 1 1 1 1 1 1 1 1 1 1 1 1 1 1 1 1 1 1 1 1 1 1 1 1 1 1 1 71 71 71 71 71 71 69 71 71 71 71 69 69 71 71 71 71 69 69 69 69 69 71 73 77 50 58 61 45 45 69 69 54 50 58 58 54 54 54 54 54 54 39 45 45 45 54
1 1 1 1 1 1 1 1 1 1 1 1 1 1 1 1 1 1 1 1 1 1 1 1 1 1 1 1 1 1 1 1 1 1 1 1 1 1 1 1 1 1 1 1 64 71 71 71 69 69 69 69 69 69 69 69 69 69 61 50 50 69 69 69 69 69 69 69 58 58 54 61 61 54 45 31 69 20 31 45 39 45 54 54 54 54 54 54 45 45 45 54
1 1 1 1 1 1 1 1 1 1 1 1 1 1 1 1 1 1 1 1 1 1 1 1 1 1 1 1 1 1 1 1 1 1 1 1 1 1 1 1 1 1 39 71 71 71 69 69 69 69 69 69 69 69 69 69 69 69 50 50 50 69 69 69 69 69 58 58 58 58 58 61 61 54 20 20 39 50 50 39 39 84 58 54 50 50 50 50 45 45 45 54
1 1 1 1 1 1 1 1 1 1 1 1 1 1 1 1 1 1 1 1 1 1 1 1 1 1 1 1 1 1 1 1 1 1 1 1 1 1 1 1 1 1 1 71 71 69 69 69 69 69 69 69 69 69 69 69 69 69 50 50 50 69 69 69 69 64 58 58 58 58 58 58 54 54 54 54 50 54 39 50 85 88 84 84 81 50 50 50 50 45 45 54
1 1 1 1 1 1 1 1 1 1 1 1 1 1 1 1 1 1 1 1 1 1 1 1 1 1 1 1 1 1 1 1 1 1 1 1 1 1 1 1 1 1 1 1 66 69 69 69 69 69 66 39 39 39 39 39 39 39 50 50 64 69 69 66 54 58 58 58 58 58 58 58 54 54 54 54 66 71 75 88 88 88 69 78 69 69 66 69 45 45 45 45
1 1 1 1 1 1 1 1 1 1 1 1 1 1 1 1 1 1 1 1 1 1 1 1 1 1 1 1 1 1 1 1 1 1 1 1 1 1 1 1 1 1 1 1 61 69 54 31 69 69 69 39 39 39 39 39 39 39 50 50 50 54 69 39 39 45 39 45 58 58 58 58 54 50 50 54 50 54 73 85 88 88 69 69 69 66 45 45 45 45 45 39
1 1 1 1 1 1 1 1 1 1 1 1 1 1 1 1 1 1 1 1 1 1 1 1 1 1 1 1 1 1 1 1 1 1 1 1 1 1 1 1 1 1 1 1 58 69 31 31 69 69 69 39 39 39 39 39 39 39 39 50 50 54 39 39 39 39 39 39 39 58 54 54 54 50 45 50 50 50 64 64 77 80 69 69 69 45 45 45 45 45 45 39
1 1 1 1 1 1 1 1 1 1 1 1 1 1 1 1 1 1 1 1 1 1 1 1 1 1 1 1 1 1 1 1 1 1 1 1 1 1 1 1 1 1 1 1 45 39 31 31 31 31 31 31 31 39 39 31 39 39 39 50 54 58 58 39 39 39 39 39 39 50 54 54 54 54 54 45 31 50 54 54 54 61 61 66 45 45 45 45 45 45 45 39
1 1 1 1 1 1 1 1 1 1 1 1 1 1 1 1 1 1 1 1 1 1 1 1 1 1 1 1 1 1 1 1 1 1 1 1 1 1 1 1 1 54 58 58 58 31 31 31 31 31 31 31 31 31 31 31 31 39 39 39 58 58 58 39 39 39 39 39 39 50 50 54 31 54 54 50 31 31 54 54 54 61 61 61 54 45 45 45 45 45 45 39
1 1 1 1 1 1 1 1 1 1 1 1 1 1 1 1 1 1 1 1 1 1 1 1 1 1 1 1 1 1 1 1 1 1 1 1 1 1 1 1 58 58 58 58 58 1 1 31 31 31 31 31 31 31 31 31 31 31 39 20 20 20 31 58 39 39 20 39 50 50 50 31 31 39 50 54 50 31 31 31 31 61 61 61 61 61 61 39 39 39 39 39
1 1 1 1 1 1 1 1 1 1 1 1 1 1 1 1 1 1 1 1 1 1 1 1 1 1 1 1 1 1 1 1 1 1 1 1 1 1 1 58 58 58 58 58 58 1 1 31 31 31 31 31 31 31 31 31 31 58 39 20 20 31 58 58 58 39 20 45 50 50 50 50 31 31 31 54 54 31 31 31 31 61 61 61 61 61 58 39 39 39 39 39
1 1 1 1 1 1 1 1 1 1 1 1 1 1 1 1 1 1 1 1 1 1 1 1 1 1 1 1 1 1 1 1 1 1 1 1 1 1 31 58 58 58 58 58 1 1 1 20 31 31 31 31 31 31 31 31 58 58 39 20 20 39 58 54 39 39 20 20 45 45 50 50 50 31 31 54 54 54 50 31 31 31 50 61 61 61 58 39 39 39 39 39
