Geospatial/Brazil_soil_moisture_AM.asc
NCOLS 484 
NROWS 482 
XLLCORNER -73.9762636472426 
YLLCORNER -33.7137726130056 
CELLSIZE 0.0808483755707569 
NODATA_value -9999 
[rows 144 to 167 of 482, columns 270 to 323 of 484]
0.203850463032722 0.192008525133133 0.197331294417381 0.209240987896919 0.211905285716057 0.199199005961418 0.199199005961418 0.187880262732506 0.173170179128647 0.169626072049141 0.171787574887276 0.175543576478958 0.202127248048782 0.202127248048782 0.233543291687965 0.339801579713821 0.37645411491394 0.368331640958786 0.387337565422058 0.404273986816406 0.404273986816406 0.373743802309036 0.295085668563843 0.252330034971237 0.230493783950806 0.212064579129219 0.201221853494644 0.201221853494644 0.189443245530128 0.182765603065491 0.174386590719223 0.174415081739426 0.173184305429459 0.173184305429459 0.181976541876793 0.183341145515442 0.185155376791954 0.183524325489998 0.179669246077538 0.17604798078537 0.17604798078537 0.170417875051498 0.164209648966789 0.157565355300903 0.149881690740585 0.150965541601181 0.152177035808563 0.152177035808563 0.152681559324265 0.150151520967484 0.145568743348122 0.140489876270294 0.137018516659737 0.136984273791313
0.188362300395966 0.187881633639336 0.192100122570992 0.200973585247993 0.209454983472824 0.21165706217289 0.21165706217289 0.203921124339104 0.187885925173759 0.18412834405899 0.181431770324707 0.175639659166336 0.195465445518494 0.195465445518494 0.224203273653984 0.291732460260391 0.439486712217331 0.409031301736832 0.42417374253273 0.333627700805664 0.333627700805664 0.266542255878448 0.208508834242821 0.179193884134293 0.167206108570099 0.16533799469471 0.166727438569069 0.166727438569069 0.166703224182129 0.16684727370739 0.163789793848991 0.1663458943367 0.168994814157486 0.168994814157486 0.178400695323944 0.181842446327209 0.185959443449974 0.181440979242325 0.177353590726852 0.170186817646027 0.170186817646027 0.163294121623039 0.160827338695526 0.154500722885132 0.149633422493935 0.15303872525692 0.155965700745583 0.155965700745583 0.156277716159821 0.15280094742775 0.147066876292229 0.139490947127342 0.139807805418968 0.144677385687828
0.202237650752068 0.259810388088226 0.198257818818092 0.197312861680984 0.202726662158966 0.207503855228424 0.207503855228424 0.200942173600197 0.191700920462608 0.188496351242065 0.185719162225723 0.18039482831955 0.194369733333588 0.194369733333588 0.213136032223701 0.235305845737457 0.302474647760391 0.305760264396667 0.329398572444916 0.287781119346619 0.287781119346619 0.23295371234417 0.195047318935394 0.174170389771461 0.162641629576683 0.16417783498764 0.164300143718719 0.164300143718719 0.163526386022568 0.16159251332283 0.159419327974319 0.163093730807304 0.169490188360214 0.169490188360214 0.17804990708828 0.183096706867218 0.186074420809746 0.177768021821976 0.173901006579399 0.164406195282936 0.164406195282936 0.159293204545975 0.158024102449417 0.153196483850479 0.1503044962883 0.151286542415619 0.155478119850159 0.155478119850159 0.159516528248787 0.156769156455994 0.150130853056908 0.140418991446495 0.141598522663116 0.147506043314934
0.232924059033394 0.220484539866447 0.206733629107475 0.193208009004593 0.197175219655037 0.197732731699944 0.197732731699944 0.197568133473396 0.193516686558723 0.190427139401436 0.18805168569088 0.182845458388329 0.188452512025833 0.188452512025833 0.19787934422493 0.209642574191093 0.247240737080574 0.247379302978516 0.261351525783539 0.232760518789291 0.232760518789291 0.208386614918709 0.187878489494324 0.174418091773987 0.161004468798637 0.160165354609489 0.159764736890793 0.159764736890793 0.15953716635704 0.158782616257668 0.157559543848038 0.162289634346962 0.171071738004684 0.171071738004684 0.179344221949577 0.182747334241867 0.182394281029701 0.170606628060341 0.167071774601936 0.159559398889542 0.159559398889542 0.156692773103714 0.155694708228111 0.152178198099136 0.150648176670074 0.151187092065811 0.155877023935318 0.155877023935318 0.159186184406281 0.156041383743286 0.149301528930664 0.140140414237976 0.142609775066376 0.14918240904808
0.299462735652924 0.256911247968674 0.227140232920647 0.200708031654358 0.204655393958092 0.202401489019394 0.202401489019394 0.203468337655067 0.197850242257118 0.194931015372276 0.191602528095245 0.188757792115211 0.19200411438942 0.19200411438942 0.193257465958595 0.197343364357948 0.207412093877792 0.205897897481918 0.216950461268425 0.209803715348244 0.209803715348244 0.19965124130249 0.185240805149078 0.174610316753387 0.160006627440453 0.156416416168213 0.155384987592697 0.155384987592697 0.155523866415024 0.156135842204094 0.15849344432354 0.163097828626633 0.175140768289566 0.175140768289566 0.181999623775482 0.181409597396851 0.177257835865021 0.163969695568085 0.161799669265747 0.157561734318733 0.157561734318733 0.155859798192978 0.154695108532906 0.152547717094421 0.152469083666801 0.152367651462555 0.157124668359756 0.157124668359756 0.159722611308098 0.156202614307404 0.149452105164528 0.141893178224564 0.144182398915291 0.149079114198685
0.268135875463486 0.244693636894226 0.240828812122345 0.225941881537437 0.223717331886292 0.215675443410873 0.215675443410873 0.210257470607758 0.201059699058533 0.197856903076172 0.195989549160004 0.19992071390152 0.206784725189209 0.206784725189209 0.209749683737755 0.212260544300079 0.200587660074234 0.19328860938549 0.194542124867439 0.189301520586014 0.189301520586014 0.185958296060562 0.179581537842751 0.171282708644867 0.160764470696449 0.155119776725769 0.154162347316742 0.154162347316742 0.153555691242218 0.154112249612808 0.155817538499832 0.160539478063583 0.172324076294899 0.172324076294899 0.175490245223045 0.175312638282776 0.170992329716682 0.231324285268784 0.159671634435654 0.155726596713066 0.155726596713066 0.154109552502632 0.153068408370018 0.151995420455933 0.151783108711243 0.152099296450615 0.155291646718979 0.155291646718979 0.15690752863884 0.154381528496742 0.147690564393997 0.142282292246819 0.144574210047722 0.147026523947716
0.232816815376282 0.222074165940285 0.232159823179245 0.242256447672844 0.256462395191193 0.241816848516464 0.241816848516464 0.225409731268883 0.206139340996742 0.205627098679543 0.206620544195175 0.220137879252434 0.242843642830849 0.242843642830849 0.24499000608921 0.236023664474487 0.207308918237686 0.19351390004158 0.190863609313965 0.183682233095169 0.183682233095169 0.181958928704262 0.176425531506538 0.168188080191612 0.161188989877701 0.154164269566536 0.152289286255836 0.152289286255836 0.151964887976646 0.152838170528412 0.157592877745628 0.16191554069519 0.173501223325729 0.173501223325729 0.173231393098831 0.171070098876953 0.244006186723709 0.160540208220482 0.165499806404114 0.160312950611115 0.160312950611115 0.158069148659706 0.154314041137695 0.148844972252846 0.150065675377846 0.152694180607796 0.156013458967209 0.156013458967209 0.155302777886391 0.151913642883301 0.146605387330055 0.142739489674568 0.14339092373848 0.143763735890388
0.232898786664009 0.237151488661766 0.265651017427444 0.306892514228821 0.324235737323761 0.298159807920456 0.298159807920456 0.266303479671478 0.235597014427185 0.235117956995964 0.236859709024429 0.262082546949387 0.313832819461823 0.313832819461823 0.32945328950882 0.277225971221924 0.221837729215622 0.201932817697525 0.190357267856598 0.184602722525597 0.184602722525597 0.182257488369942 0.174471810460091 0.167169690132141 0.162559896707535 0.155875116586685 0.152757823467255 0.152757823467255 0.151356443762779 0.152245581150055 0.15866830945015 0.162952050566673 0.17296028137207 0.17296028137207 0.171484753489494 0.171173602342606 0.166524052619934 0.161740854382515 0.168943971395493 0.161787047982216 0.161787047982216 0.1573466360569 0.153369948267937 0.14732663333416 0.149391457438469 0.154130384325981 0.157598122954369 0.157598122954369 0.156412541866302 0.152335464954376 0.14923332631588 0.145682856440544 0.143289864063263 0.141762956976891
0.270851075649261 0.269960880279541 0.294957339763641 0.34107494354248 0.363027602434158 0.364567339420319 0.364567339420319 0.320230394601822 0.281621217727661 0.285570859909058 0.300168365240097 0.346338242292404 0.440884739160538 0.440884739160538 0.446663677692413 0.310594439506531 0.234733909368515 0.209494441747665 0.194648578763008 0.193366378545761 0.193366378545761 0.189930409193039 0.17711141705513 0.167440161108971 0.162792608141899 0.157771408557892 0.155977889895439 0.155977889895439 0.153978556394577 0.155030325055122 0.162260338664055 0.164276376366615 0.173667266964912 0.173667266964912 0.172092393040657 0.171407774090767 0.165972128510475 0.160064965486526 0.16560223698616 0.158028140664101 0.158028140664101 0.154258847236633 0.151155337691307 0.14758725464344 0.150126442313194 0.155765637755394 0.158937573432922 0.158937573432922 0.157187700271606 0.154664307832718 0.152952253818512 0.149561792612076 0.146137297153473 0.142984330654144
0.412641406059265 0.423168480396271 0.426750481128693 0.452437281608582 0.472901344299316 0.487777650356293 0.487777650356293 0.488100796937943 0.483711570501328 0.483204513788223 0.470419228076935 0.458358615636826 0.450589835643768 0.450589835643768 0.466574162244797 0.325166285037994 0.243335545063019 0.217761248350143 0.195953756570816 0.201012969017029 0.201012969017029 0.197033748030663 0.177835792303085 0.16534498333931 0.15885291993618 0.157708078622818 0.15810751914978 0.15810751914978 0.158282816410065 0.162145152688026 0.167253628373146 0.170269027352333 0.177165970206261 0.177165970206261 0.172894731163979 0.165472120046616 0.163540422916412 0.162307724356651 0.162341937422752 0.160255268216133 0.160255268216133 0.153475403785706 0.147921532392502 0.149624899029732 0.153866901993752 0.160091176629066 0.16080529987812 0.16080529987812 0.159015312790871 0.159518092870712 0.158232837915421 0.1579400151968 0.157957538962364 0.26799064874649
0.389536917209625 0.375938773155212 0.384540528059006 0.416301816701889 0.443056493997574 0.45131853222847 0.45131853222847 0.449129015207291 0.440430551767349 0.436932682991028 0.440328806638718 0.444186151027679 0.455567568540573 0.455567568540573 0.468334704637527 0.322898387908936 0.244612127542496 0.21808098256588 0.199994340538979 0.202227890491486 0.202227890491486 0.194665402173996 0.174616113305092 0.160625129938126 0.156705379486084 0.158827900886536 0.159855797886848 0.159855797886848 0.161960765719414 0.167077392339706 0.174028113484383 0.176310360431671 0.176997750997543 0.176997750997543 0.173511937260628 0.164873361587524 0.164194956421852 0.165954783558846 0.161721110343933 0.162779316306114 0.162779316306114 0.155078306794167 0.149725735187531 0.153147056698799 0.155380889773369 0.160912796854973 0.16039602458477 0.16039602458477 0.158208176493645 0.158612638711929 0.158671826124191 0.161675646901131 0.165256544947624 0.161222830414772
0.363017320632935 0.360018581151962 0.365504443645477 0.399981945753098 0.430664122104645 0.438022911548615 0.438022911548615 0.427679926156998 0.409413576126099 0.398268610239029 0.420512527227402 0.438846617937088 0.468387842178345 0.468387842178345 0.444369465112686 0.303725838661194 0.242553561925888 0.213170006871223 0.194263190031052 0.186960980296135 0.186960980296135 0.17751832306385 0.164577573537827 0.157036483287811 0.156911715865135 0.15861339867115 0.163103193044662 0.163103193044662 0.168192222714424 0.173318207263947 0.180862948298454 0.176416903734207 0.180354043841362 0.180354043841362 0.17773063480854 0.17001286149025 0.16631805896759 0.16943484544754 0.162643939256668 0.163379549980164 0.163379549980164 0.153901815414429 0.149583473801613 0.153757691383362 0.156521081924438 0.160359859466553 0.158567488193512 0.158567488193512 0.156775668263435 0.15719698369503 0.158815205097198 0.162765100598335 0.167363226413727 0.165707752108574
0.360370188951492 0.367185592651367 0.368854999542236 0.394721657037735 0.426074147224426 0.436729967594147 0.436729967594147 0.433577716350555 0.405532658100128 0.400115072727203 0.425491094589233 0.441309183835983 0.473059475421906 0.473059475421906 0.414044588804245 0.288670539855957 0.244410991668701 0.213036850094795 0.196525663137436 0.187037289142609 0.187037289142609 0.172896176576614 0.163554906845093 0.156544357538223 0.15557649731636 0.155098974704742 0.160731300711632 0.160731300711632 0.169614493846893 0.179248794913292 0.182148665189743 0.180381119251251 0.182785987854004 0.182785987854004 0.180155783891678 0.172100111842155 0.16703887283802 0.168429121375084 0.160795405507088 0.160272806882858 0.160272806882858 0.152637809514999 0.149302095174789 0.155122250318527 0.157594233751297 0.159343376755714 0.155774354934692 0.155774354934692 0.154585421085358 0.156150832772255 0.159132227301598 0.163740485906601 0.169070720672607 0.170520916581154
0.365860879421234 0.363124877214432 0.371542125940323 0.409348905086517 0.442430168390274 0.450856894254684 0.450856894254684 0.4425890147686 0.413626790046692 0.409625768661499 0.427314043045044 0.444048196077347 0.477878630161285 0.477878630161285 0.381667166948318 0.273896545171738 0.240269631147385 0.209186404943466 0.19562104344368 0.182133719325066 0.182133719325066 0.169303461909294 0.161852702498436 0.155207768082619 0.154932588338852 0.152855694293976 0.161357522010803 0.161357522010803 0.170770943164825 0.180795148015022 0.182585194706917 0.180528193712234 0.183710932731628 0.183710932731628 0.182177662849426 0.173796623945236 0.167054697871208 0.167328536510468 0.159122973680496 0.157504469156265 0.157504469156265 0.15416032075882 0.151623591780663 0.157932311296463 0.158990427851677 0.158276230096817 0.15362374484539 0.15362374484539 0.152830526232719 0.154992893338203 0.159164115786552 0.165198266506195 0.170917510986328 0.175601422786713
0.366214036941528 0.37640517950058 0.393240511417389 0.405608266592026 0.414917379617691 0.434478640556335 0.434478640556335 0.420441001653671 0.442855536937714 0.445680916309357 0.450084418058395 0.460272461175919 0.479945957660675 0.479945957660675 0.382723361253738 0.292569875717163 0.245329439640045 0.21275894343853 0.198765650391579 0.181822061538696 0.181822061538696 0.176126599311829 0.168236464262009 0.165594145655632 0.168116480112076 0.159975484013557 0.170006841421127 0.170006841421127 0.173682868480682 0.181915402412415 0.183167934417725 0.181808918714523 0.184644028544426 0.184644028544426 0.179805606603622 0.170936584472656 0.165338590741158 0.163998499512672 0.159617558121681 0.155755609273911 0.155755609273911 0.152954146265984 0.15090000629425 0.15720371901989 0.1592997610569 0.157783433794975 0.153281509876251 0.153281509876251 0.151502430438995 0.152777597308159 0.157751232385635 0.163616210222244 0.168665006756783 0.174914330244064
0.384167402982712 0.401984989643097 0.432366877794266 0.379647105932236 0.344133108854294 0.350974649190903 0.350974649190903 0.343378633260727 0.420211374759674 0.466793537139893 0.464158922433853 0.423717379570007 0.449101954698563 0.449101954698563 0.38686129450798 0.318792223930359 0.261318385601044 0.221389919519424 0.200471013784409 0.181840598583221 0.181840598583221 0.17714811861515 0.172305434942245 0.170252770185471 0.173026904463768 0.164319291710854 0.169887542724609 0.169887542724609 0.171981856226921 0.179808855056763 0.181716084480286 0.184087097644806 0.183260872960091 0.183260872960091 0.17802032828331 0.169239342212677 0.165213122963905 0.164437904953957 0.161429971456528 0.158455669879913 0.158455669879913 0.157537281513214 0.155477747321129 0.159506067633629 0.160333856940269 0.158087357878685 0.15354023873806 0.15354023873806 0.1510019749403 0.151614025235176 0.15700101852417 0.162308722734451 0.166785627603531 0.17332062125206
0.417677372694016 0.439656108617783 0.461785584688187 0.400229454040527 0.357671707868576 0.358453780412674 0.358453780412674 0.339485913515091 0.396525740623474 0.446724563837051 0.467923313379288 0.431595623493195 0.460170567035675 0.460170567035675 0.445827573537827 0.371399343013763 0.280152589082718 0.229580134153366 0.200508311390877 0.181480377912521 0.181480377912521 0.179359659552574 0.172102198004723 0.173501327633858 0.175857588648796 0.169959083199501 0.175280258059502 0.175280258059502 0.175077185034752 0.180973455309868 0.183578550815582 0.184730738401413 0.184234797954559 0.184234797954559 0.176303297281265 0.167153805494308 0.162885561585426 0.160959616303444 0.161272838711739 0.160027787089348 0.160027787089348 0.158799394965172 0.158422589302063 0.160832151770592 0.16098864376545 0.157920747995377 0.153152883052826 0.153152883052826 0.150783255696297 0.151813089847565 0.156401067972183 0.159952774643898 0.162730067968369 0.167083472013474
0.444426208734512 0.453106433153152 0.454530090093613 0.407375484704971 0.389171153306961 0.372881561517715 0.372881561517715 0.365458399057388 0.40004375576973 0.454411447048187 0.48341178894043 0.484789043664932 0.498630583286285 0.498630583286285 0.461569458246231 0.342400223016739 0.258054167032242 0.215061470866203 0.192413777112961 0.181503713130951 0.181503713130951 0.176042169332504 0.17945808172226 0.17891626060009 0.178497061133385 0.170141741633415 0.174450308084488 0.174450308084488 0.180150821805 0.186345279216766 0.188743695616722 0.192927554249763 0.18318222463131 0.18318222463131 0.17227204144001 0.162549704313278 0.2112997174263 0.157850548624992 0.162121683359146 0.162719950079918 0.162719950079918 0.162565514445305 0.164115875959396 0.164513975381851 0.162890300154686 0.158213675022125 0.152741685509682 0.152741685509682 0.150843948125839 0.154116272926331 0.15908083319664 0.159382909536362 0.158288463950157 0.155279085040092
0.444579005241394 0.450190275907516 0.441545248031616 0.445062041282654 0.453326612710953 0.4558986723423 0.4558986723423 0.463397741317749 0.463270723819733 0.479835778474808 0.497754544019699 0.506828486919403 0.480999112129211 0.480999112129211 0.391895949840546 0.293996214866638 0.234576910734177 0.208055794239044 0.18872831761837 0.179181009531021 0.179181009531021 0.170972660183907 0.178117826581001 0.178927272558212 0.179947599768639 0.173499286174774 0.175825417041779 0.175825417041779 0.183649450540543 0.187680423259735 0.190258726477623 0.193040937185287 0.181034952402115 0.181034952402115 0.169476747512817 0.159934148192406 0.156793430447578 0.1567712277174 0.16086807847023 0.162461921572685 0.162461921572685 0.16196197271347 0.164651110768318 0.164846122264862 0.161707207560539 0.15676985681057 0.152171596884727 0.152171596884727 0.15059831738472 0.153499633073807 0.159211575984955 0.159602046012878 0.158359363675117 0.152756989002228
0.467301726341248 0.464515179395676 0.451136440038681 0.432203531265259 0.430105298757553 0.432585954666138 0.432585954666138 0.454874098300934 0.467568010091782 0.482997089624405 0.500558137893677 0.493498891592026 0.392998695373535 0.392998695373535 0.300988644361496 0.257333874702454 0.221705704927444 0.204888015985489 0.188241839408875 0.178111761808395 0.178111761808395 0.16943147778511 0.179031357169151 0.176434502005577 0.179014086723328 0.174672648310661 0.175570383667946 0.175570383667946 0.185051485896111 0.190795451402664 0.194152504205704 0.195081934332848 0.18064196407795 0.18064196407795 0.168417140841484 0.160064309835434 0.15751525759697 0.157748311758041 0.159839987754822 0.160736709833145 0.160736709833145 0.159833639860153 0.164061352610588 0.164357081055641 0.159383863210678 0.153221547603607 0.148999631404877 0.148999631404877 0.149803966283798 0.154521152377129 0.160202965140343 0.161311820149422 0.159257143735886 0.152141958475113
0.470072418451309 0.468902170658112 0.453334450721741 0.450255513191223 0.433903694152832 0.423124432563782 0.423124432563782 0.44628769159317 0.472078621387482 0.49609836935997 0.518714308738708 0.481654793024063 0.360837310552597 0.360837310552597 0.263204842805862 0.230934605002403 0.207466289401054 0.196189165115356 0.184200152754784 0.1773811429739 0.1773811429739 0.17010386288166 0.17411795258522 0.170222356915474 0.172392249107361 0.170909464359283 0.175057888031006 0.175057888031006 0.186204954981804 0.193082258105278 0.194034576416016 0.196793124079704 0.179859027266502 0.179859027266502 0.168326526880264 0.160047441720963 0.157541751861572 0.157053276896477 0.158341526985168 0.158341363072395 0.158341363072395 0.158886760473251 0.164245754480362 0.163551196455956 0.158150389790535 0.150579482316971 0.145769357681274 0.145769357681274 0.148397475481033 0.15518818795681 0.162235498428345 0.163567692041397 0.161345213651657 0.154233053326607
0.432095766067505 0.435138761997223 0.41306671500206 0.436398923397064 0.451584041118622 0.425720393657684 0.425720393657684 0.453676789999008 0.48105800151825 0.466862559318542 0.474940419197083 0.419747114181519 0.334196835756302 0.334196835756302 0.284397393465042 0.244118347764015 0.21438367664814 0.197496443986893 0.181353628635406 0.175444796681404 0.175444796681404 0.168909355998039 0.169462859630585 0.166018158197403 0.167176261544228 0.168000876903534 0.174346014857292 0.174346014857292 0.184938609600067 0.192148059606552 0.195078462362289 0.196706727147102 0.180046647787094 0.180046647787094 0.168260514736176 0.161603137850761 0.158359423279762 0.157188609242439 0.157832413911819 0.157217919826508 0.157217919826508 0.158708184957504 0.163061037659645 0.161316126585007 0.156135618686676 0.147903308272362 0.143156796693802 0.143156796693802 0.146606653928757 0.155529215931892 0.16488279402256 0.166624218225479 0.16352017223835 0.157091706991196
0.41592064499855 0.411876112222672 0.388791769742966 0.41002881526947 0.471830487251282 0.442553579807281 0.442553579807281 0.467484295368195 0.445118367671967 0.403171360492706 0.361723244190216 0.307584196329117 0.296419322490692 0.296419322490692 0.269251018762589 0.242563739418983 0.211334764957428 0.190315946936607 0.177066028118134 0.173207759857178 0.173207759857178 0.169612348079681 0.166989237070084 0.164661347866058 0.165871486067772 0.168541848659515 0.175725236535072 0.175725236535072 0.186575844883919 0.193160653114319 0.195160150527954 0.197079837322235 0.182069465517998 0.182069465517998 0.170521557331085 0.16459983587265 0.160286799073219 0.158702969551086 0.15844489634037 0.157285526394844 0.157285526394844 0.158250600099564 0.161221116781235 0.159107998013496 0.15403014421463 0.145913600921631 0.141741409897804 0.141741409897804 0.145718663930893 0.156099900603294 0.167146161198616 0.169422030448914 0.166518419981003 0.160708263516426
0.401646733283997 0.38824662566185 0.362639784812927 0.373832315206528 0.481953382492065 0.456844300031662 0.456844300031662 0.444741398096085 0.369732946157455 0.302781075239182 0.277386009693146 0.245787769556046 0.252425104379654 0.252425104379654 0.249713599681854 0.229491397738457 0.205467820167542 0.185176521539688 0.174873486161232 0.171025633811951 0.171025633811951 0.169452428817749 0.166607335209846 0.166783764958382 0.167712226510048 0.170309081673622 0.179317489266396 0.179317489266396 0.187894403934479 0.192264512181282 0.196265935897827 0.195667237043381 0.181906700134277 0.181906700134277 0.170466005802155 0.208492279052734 0.160416692495346 0.159403905272484 0.158669039607048 0.157389104366302 0.157389104366302 0.15784278512001 0.159908279776573 0.157443791627884 0.152112036943436 0.143996864557266 0.141483575105667 0.141483575105667 0.146354898810387 0.156485080718994 0.167494669556618 0.171306535601616 0.169389680027962 0.163374617695808
