Geospatial/Brazil_coffee_harvested_area.asc
NCOLS 470 
NROWS 468 
XLLCORNER -74.000000000006 
YLLCORNER -33.7500000000032 
CELLSIZE 0.0833333333333286 
NODATA_value -9999 
[rows 243 to 269 of 468, columns 240 to 299 of 470]
0.352103024721146 0.171704962849617 0.172783359885216 0.15819638967514 0.167599037289619 0.126628637313843 0.249434173107147 0.148042142391205 0.0411920286715031 0 0 0 0 0 0 0 0 0 0 0 0 0 0 0 0 0 0 0 0 0 0 0 0 0 0 0 0 0 0 0 0 0.0118512790650129 0 0 0 0.196448728442192 0.469039171934128 0.753765761852264 2.05834674835205 2.07146739959717 1.1318793296814 3.5137026309967 6.2581844329834 7.01196241378784 2.8653678894043 1.4799724817276 0.866687595844269 0 0 0
0.280373424291611 0.0861987620592117 0.138136848807335 0.117864884436131 0.0833741426467896 0.0958362743258476 0.182071298360825 0.110184349119663 0.0667408779263496 0 0 0 0 0 0 0 0 0 0 0 0 0 0 0 0 0 0 0 0 0 0 0 0 0 0 0 0 0 0 0 0 0.0284646730870008 0.0514224208891392 0 0 0 0.0467937812209129 0.402881294488907 1.54788196086884 1.59044218063354 3.70296120643616 6.12007999420166 9.80505847930908 4.33737134933472 0.686173439025879 0.71192467212677 0 0 0 0
0.346616864204407 0.0824248269200325 0.112668327987194 0.281798154115677 0.109019942581654 0.0416038073599339 0.0371046997606754 0.0332119651138783 0.0292247124016285 0.0170313790440559 0 0 0 0 0 0 0 0 0 0 0 0 0 0 0 0 0 0 0 0 0 0 0 0 0 0 0 0 0 0 0 0.341766268014908 0.369114607572556 0.299143373966217 0 0 0 1.81251811981201 1.40251970291138 1.67095541954041 3.16476702690125 0.944399893283844 2.274005651474 4.02710199356079 0.370293408632278 0.11600399762392 0 0 0 0
0.175416067242622 0.0682242885231972 0.0462732911109924 0.206034645438194 0.0858464613556862 0.0970526710152626 0.087240420281887 0.0855008810758591 0.0103921862319112 0.0343649089336395 0 0 0 0 0 0 0 0 0 0 0 0 0 0 0 0 0 0 0 0 0 0 0 0 0 0 0 0 0 0 0 0.304096102714539 0.41917073726654 0.292291939258575 0.382680833339691 0 0.451237499713898 1.14833295345306 0.8875692486763 0.379094213247299 0 0.386599332094193 2.90273571014404 2.26405549049377 0.0525312982499599 0.135517507791519 0 0 0 0
0.0689739063382149 0.0359348617494106 0.0726569816470146 0.131913736462593 0.0766570344567299 0.0794598385691643 0.202947452664375 0.110476359724998 0.0378690287470818 0.0443238914012909 0 0 0 0 0 0 0 0 0 0 0 0 0 0 0 0 0 0 0 0 0 0 0 0 0 0 0 0 0 0 0 0.33577498793602 0.449501484632492 0.925992786884308 0.980625331401825 1.03289186954498 1.67856740951538 1.63958775997162 0.866777718067169 0 0 0 3.03339576721191 1.64501559734344 0.943295419216156 0.0365229658782482 0.0332180298864841 0 0 0
0.031305056065321 0.00926611106842756 0.177535027265549 0.241219893097878 0.243552714586258 0.113609611988068 0.057198379188776 0.0328312553465366 0.0156236169859767 0.0179011784493923 0 0 0 0 0 0 0 0 0 0 0 0 0 0 0 0 0 0 0 0 0 0 0 0 0 0 0 0 0 0 0 0.729340434074402 0.448218286037445 2.46075773239136 2.00673723220825 1.31726944446564 6.33853626251221 2.26120090484619 4.29491329193115 5.04243803024292 4.64870119094849 0 4.65422344207764 4.14134740829468 3.6468677520752 3.61860251426697 0.282713711261749 0.0756236463785172 0 0
0.0169730912894011 0.0235847998410463 0.133935779333115 0.158043906092644 0.025203961879015 0.0109168514609337 0.0408809147775173 0.0281338896602392 0.0275561977177858 0.0122426217421889 0 0 0 0 0 0 0 0 0 0 0 0 0 0 0 0 0 0 0 0 0 0 0 0 0 0 0 0 0 0 0 0.713039040565491 1.2893158197403 2.93825030326843 1.74254202842712 2.4830846786499 2.70088696479797 2.44253182411194 6.5112133026123 4.56134366989136 7.09584665298462 5.44874000549316 5.63449001312256 8.7461519241333 6.52880764007568 0.993834495544434 0.115673199295998 0.82450807094574 0.255700409412384 0.0177363138645887
0.023309551179409 0.0159339290112257 0.045375756919384 0.0179243199527264 0.0197705924510956 0.0391842238605022 0.0180281884968281 0.00864258222281933 0.0661634281277657 0.0183958131819963 0 0 0 0 0 0 0 0 0 0 0 0 0 0 0 0 0 0 0 0 0 0 0 0 0 0 0 0 0 0 0 0.0893522500991821 0.351877987384796 0.606353759765625 1.93673491477966 2.43688178062439 1.17468738555908 7.03953218460083 6.08586835861206 3.29074835777283 5.45048999786377 5.25542306900024 14.00563621521 5.56975603103638 7.5586109161377 5.03058290481567 0.269728481769562 0.115284837782383 0.170708015561104 0.120184183120728
0.0176575891673565 0.0106847481802106 0.022327883169055 0.0343747548758984 0.0519142523407936 0.0463226325809956 0.0407293140888214 0.0312812253832817 0.0246091298758984 0.0222214944660664 0 0 0 0 0 0 0 0 0 0 0 0 0 0 0 0 0 0 0 0 0 0 0 0 0 0 0 0 0 0 0 0.430676698684692 0.505341410636902 1.59942626953125 0.746497929096222 1.1437166929245 3.14223885536194 3.78602528572083 5.51312160491943 3.21777820587158 3.33172583580017 10.8831377029419 16.9803676605225 2.65483140945435 5.08548450469971 0.162800133228302 0.164684221148491 0.134803727269173 0.118530742824078 0.0787459760904312
0.0141359083354473 0.0131134558469057 0.0363645069301128 0.0484283119440079 0.0262748450040817 0.017091041430831 0.0151905044913292 0.0237523429095745 0.0149696599692106 0.00328126363456249 0 0 0 0 0 0 0 0 0 0 0 0 0 0 0 0 0 0 0 0 0 0 0 0 0 0 0 0 0 0 0 0.275000303983688 0.738901615142822 0.60715639591217 0.919564783573151 0.754996061325073 1.72183978557587 2.99391841888428 3.5618257522583 2.70524740219116 4.16526794433594 9.98662948608398 20.1328239440918 12.5636386871338 1.52256417274475 0.873641669750214 0.186715394258499 0.13482266664505 0.36053067445755 0.80684357881546
0.0211526490747929 0.0302100498229265 0.0549443699419498 0.0498671121895313 0.0178528744727373 0.0054913479834795 0.0188473463058472 0.0326083153486252 0.00339840678498149 0.573160529136658 0.374745756387711 0 0 0 0 0 0 0 0 0 0 0 0 0 0 0 0 0 0 0 0 0 0 0 0 0 0 0 0 0.0483271069824696 0.175131425261497 0.0925818607211113 0.747305631637573 0.595157861709595 1.34249150753021 0.613792181015015 1.93969488143921 2.3412024974823 3.31883549690247 2.15833520889282 0.905033886432648 2.95479989051819 18.9746971130371 7.55745935440063 0.807540774345398 0.672133326530457 0.41192153096199 0.285202473402023 0.18855956196785 0.960469603538513
0.00643965695053339 0.00386289623565972 0.0327133052051067 0.020034683868289 0.0154718933627009 0.0156003143638372 0.360610365867615 0.628440618515015 0.140988558530807 0.857362449169159 2.76272583007812 0 0 0 0 0 0 0 0 0 0 0 0 0 0 0 0 0 0 0 0 0 0 0 0 0 0 0 0 1.1562694311142 1.00317049026489 0.385510951280594 0.300680786371231 1.06260883808136 0.433748930692673 0.157891198992729 2.06864953041077 1.73989582061768 1.50437355041504 1.29178822040558 1.57446038722992 3.03344082832336 3.89424180984497 5.79861211776733 1.11555993556976 1.38748049736023 0.360888987779617 0.719504117965698 1.11137437820435 0.51887184381485
0 0.00860525388270617 0.00559868849813938 0.0142098870128393 0.29614993929863 0.546741247177124 0.544636130332947 0.806097865104675 1.27268803119659 2.35662746429443 1.03863835334778 0 0 0 0 0 0 0 0 0 0 0 0 0 0 0 0 0 0 0 0 0 0.0104158874601126 0.00192445935681462 0.00338592729531229 0.00241407728753984 0 0 1.02262568473816 3.270911693573 3.40565705299377 1.42209541797638 1.40561199188232 2.60615634918213 0.527690529823303 0.823909938335419 0.658928215503693 1.33302807807922 1.85210382938385 1.81346523761749 1.99348402023315 3.70702934265137 5.19764471054077 4.81235551834106 1.59667134284973 0.396280765533447 0.54102087020874 1.33354318141937 0.463483214378357 0.177066192030907
0 1.3561589717865 8.25511837005615 2.25332164764404 1.36047828197479 0.837737023830414 1.43686604499817 0.514060378074646 1.01883208751678 0.580198407173157 0.564237058162689 0 0 0 0 0 0 0 0 0 0 0 0 0 0 0 0 0 0 0 0 0.0129784531891346 0.024213707074523 0.0015348206507042 0.00129161728546023 0 0 0 0 0.442240983247757 1.27856850624084 0.640471041202545 2.0684871673584 2.09093403816223 3.05012679100037 2.55537271499634 1.27991843223572 1.95913279056549 0.797997057437897 2.15635108947754 2.03152871131897 0.652846574783325 3.21895694732666 5.08992719650269 1.21978676319122 5.35370302200317 17.394811630249 11.9662141799927 0.360620975494385 0.188308954238892
0.449673414230347 1.36861383914948 3.66245412826538 1.48401284217834 0.967138767242432 2.22855997085571 6.22685384750366 9.56763172149658 4.48480796813965 1.42395484447479 1.34116542339325 0.00010201152326772 0 0 0 0 0 0 0 0 0 0 0 0 0 0 0.00518204271793365 0 0 0 0.00635592453181744 0.00868748873472214 0.0374307371675968 0.0400666296482086 0 0 0 0 0 0 0.988614857196808 3.96647834777832 5.6993465423584 4.21438407897949 5.88195133209229 3.54759192466736 3.4658305644989 2.90873980522156 0.432315498590469 1.39810299873352 4.83930683135986 9.65761756896973 13.5313720703125 39.8694114685059 6.48455619812012 6.09958219528198 22.0933971405029 31.834342956543 3.41307759284973 2.69021725654602
0.602863430976868 0.839992761611938 2.56069111824036 2.44515776634216 1.4398684501648 2.21476268768311 8.92985916137695 11.8641901016235 12.4596700668335 0.810515522956848 1.13244926929474 0.00135199609212577 0.000233992206631228 0 0 0 0 0 0 0 0 0 0 0.0143826734274626 0.0605600029230118 0.0597403384745121 0.052884366363287 0.0303248856216669 0.00811247248202562 0.0069539682008326 0.0134886521846056 0.091523289680481 0.138372465968132 0.110079519450665 0 0 0 0 0 0 0 2.11411213874817 2.23782777786255 3.23953318595886 3.9294331073761 3.53378081321716 3.08531975746155 10.1001253128052 9.83193492889404 2.67219758033752 1.97918486595154 45.3588447570801 28.6769981384277 41.2268981933594 17.8421440124512 12.9078969955444 12.5464210510254 38.1265602111816 26.0888004302979 22.287088394165
2.08309054374695 3.01399445533752 1.88408780097961 2.73334407806396 4.89805030822754 0.69112366437912 1.912837266922 9.06141376495361 8.07303237915039 5.76321935653687 0.205990225076675 0.0156506728380919 0.00783470924943686 0.00327858771197498 0 0 0 0 0.00636130245402455 0.0342454500496387 0.0447947010397911 0.220981255173683 0.0357165336608887 0.0463713780045509 0.0175925567746162 0.0525522865355015 0.0351759642362595 0.0063111181370914 0.0164723638445139 0.0399556010961533 0.0363040901720524 0.198648437857628 0.249355256557465 3.7852041721344 0 0 0 0 0 0 0 0 0.779350459575653 2.59508872032166 5.99134016036987 5.05405759811401 2.07224416732788 10.7495927810669 8.44766235351562 3.50732612609863 3.71567440032959 21.9996967315674 25.5757732391357 24.4669628143311 49.1791152954102 19.6123466491699 32.2249870300293 39.1785049438477 8.2858362197876 2.2134952545166
0.785500168800354 6.09810638427734 7.97726535797119 1.6629763841629 1.76339471340179 2.52094602584839 3.40993475914001 0.367358267307281 1.01169776916504 1.8263304233551 0.544139504432678 0.0505613349378109 0.0385923907160759 0.0246869120746851 0.00263736490160227 0 0 0.00482414150610566 0.0343534611165524 0.0142103852704167 0.0367797277867794 0.0159936882555485 0.0480143241584301 0.0522397980093956 0.0417985655367374 0.0323828123509884 0.0576096102595329 0.0134212719276547 0.0119478050619364 0.0190927777439356 0.089927576482296 0.0485149770975113 0.0893501490354538 6.31085586547852 6.39825391769409 0 0 0 0 0 0 0 0 4.04453229904175 4.44837856292725 8.0434627532959 4.03617382049561 5.10292911529541 9.84877014160156 2.74240303039551 16.1286869049072 45.6395111083984 23.0842533111572 50.9386787414551 75.15234375 16.6365795135498 14.0161876678467 13.0814342498779 19.6567497253418 4.54469203948975
1.96608626842499 2.08520293235779 3.72748184204102 3.51135015487671 1.93269562721252 1.56760108470917 0.756530284881592 2.53451299667358 2.03014588356018 1.40718817710876 0.449958294630051 0.0188620928674936 0.0213319510221481 0.00410090899094939 0.00197939015924931 0.00285660359077156 0.00733839115127921 0.0181243568658829 0.0291251130402088 0.0289553962647915 0.0204767473042011 0.0215728394687176 0.0412427559494972 0.038335993885994 0.00860998500138521 0.00859197415411472 0.0184257812798023 0.0142319472506642 0.00890613347291946 0.0153572903946042 0.0349186807870865 0.0558376312255859 0.069693960249424 0.396786659955978 2.3597092628479 0.349404573440552 0 0 0 0 0 0 0 2.2503833770752 4.58639478683472 2.73280668258667 7.20930767059326 7.15187644958496 3.95964789390564 8.8077507019043 6.50770378112793 7.13621473312378 2.6047351360321 4.90819644927979 5.7808256149292 22.0640602111816 6.8750147819519 3.35096645355225 9.00896644592285 4.46759510040283
2.12572073936462 3.24488592147827 4.13284015655518 6.4067907333374 1.0050790309906 4.46126651763916 4.18937587738037 1.02384066581726 0.628044903278351 0.851355195045471 0.603016257286072 0.0512128472328186 0.00837412383407354 0.00351674878038466 0.00609203148633242 0.00831176061183214 0.0240921191871166 0.0149631602689624 0.0323243290185928 0.0340860895812511 0.0160291809588671 0.011555821634829 0.0268237330019474 0.0193426590412855 0.0126441027969122 0.0136708626523614 0.0205222647637129 0.00528707029297948 0.0121700754389167 0.00494602834805846 0.0114774750545621 0.0122143318876624 0.0159731823951006 0.0393109694123268 0.246140643954277 0.574747681617737 0.398491352796555 0 0 0 0 0 0 1.39247906208038 3.4926164150238 6.28659296035767 2.13607358932495 3.9916672706604 2.51239705085754 5.50248908996582 10.2985544204712 4.04964923858643 3.86241579055786 4.43237543106079 6.21282768249512 2.80199027061462 0.967935740947723 2.44339466094971 3.36398410797119 5.22025108337402
10.8702363967896 21.4452610015869 11.3133563995361 12.2488737106323 22.655029296875 5.21048212051392 2.04706358909607 0.702052593231201 0.819051206111908 1.0604248046875 0.0178922098129988 0.0152409244328737 0.00220155622810125 0.00896953139454126 0.0129561526700854 0.0237293262034655 0.0091109573841095 0.0238442830741405 0.0067166700027883 0.00867280550301075 0.0175659861415625 0.0258023012429476 0.0145472520962358 0.00897806603461504 0.0081715602427721 0.0146252810955048 0.0131301209330559 0.00680879829451442 0.00839926302433014 0.00469870865345001 0.00243268860504031 0.00614925380796194 0.0037565971724689 0.0220418069511652 0.123372994363308 0.359104692935944 0.185585841536522 0.181967929005623 0 0 0 0 0.606533288955688 0.881959557533264 0.952450096607208 2.25121545791626 2.14444828033447 4.15815734863281 9.03257846832275 11.3899536132812 2.11357045173645 1.23268091678619 1.22638642787933 1.56045413017273 4.17593145370483 2.04721069335938 0.028300741687417 1.35187327861786 3.41879725456238 2.60547757148743
19.6342849731445 16.92746925354 17.5636749267578 10.0292406082153 14.3033323287964 5.86358690261841 1.39101934432983 0.693328499794006 0.653103947639465 0.337858289480209 0.00776789057999849 0.00908187031745911 0.00316320266574621 0.0128968115895987 0.0280960611999035 0.0190454535186291 0.0394488126039505 0.0321528427302837 0.0295839980244637 0.0415521338582039 0.0299767255783081 0.0224253702908754 0.00408646650612354 0.00296226446516812 0.00504110846668482 0.00604812242090702 0.00999525748193264 0.00576253421604633 0.00670695537701249 0.00284726871177554 0.00118762312922627 0.00699960347265005 0.00901231169700623 0.00648950878530741 0.00635914597660303 0.6607466340065 0.270289838314056 0.444173663854599 0.00957690551877022 0 0.0119635658338666 0.494826048612595 1.41972506046295 3.57925653457642 1.83760833740234 3.22236919403076 1.53531432151794 17.0369491577148 20.6014595031738 10.5976390838623 9.1673755645752 2.93233251571655 2.84609150886536 2.2762725353241 6.95694971084595 1.46892607212067 0 0 2.68839955329895 1.09214723110199
17.8449420928955 10.9163875579834 12.650637626648 9.09286880493164 13.9272317886353 11.9711217880249 2.92298150062561 0.428932666778564 0.381205707788467 0.274186253547668 0.00390810472890735 0.00273103313520551 0.00821782182902098 0.00935169775038958 0.00182669912464917 0.0371716134250164 0.0317368917167187 0.0606442950665951 0.0320522822439671 0.0453911498188972 0.0278892759233713 0.0107962200418115 0.00505616515874863 0.0066283168271184 0.004658960737288 0.00356430164538324 0.00359357381239533 0.0041760397143662 0.004837682005018 0.00275726174004376 0.00774279842153192 0.0166027173399925 0.0197387598454952 0.0163610726594925 0.125810161232948 2.07591342926025 1.39247131347656 0.132346734404564 0.278169691562653 0.125034108757973 0.622149765491486 1.18508756160736 3.23166012763977 6.14100027084351 3.84703588485718 4.91370916366577 3.38990592956543 3.56419563293457 14.8664207458496 12.4557943344116 17.8539123535156 4.49705266952515 5.44301319122314 5.6781153678894 10.4480257034302 2.77507019042969 0.710740804672241 6.66256237030029 0.665625989437103 1.59770119190216
6.73918724060059 10.1816501617432 12.0011405944824 4.80684089660645 4.55539703369141 6.58458232879639 5.00767135620117 1.90936887264252 0.995902001857758 0.131141602993011 0.00565570499747992 0.00377433584071696 0.00342171033844352 0.00815173331648111 0.00856322329491377 0.0231165736913681 0.0792709514498711 0.170392706990242 0.069766454398632 0.0299402512609959 0.0215574558824301 0.0153338285163045 0.00727973552420735 0.0070309885777533 0.00270813936367631 0.00229637883603573 0.0112548051401973 0.0158077292144299 0.0047556129284203 0.00749780796468258 0.00467993039637804 0.00923109706491232 0.00745832500979304 0.017760468646884 0.118121333420277 7.29065752029419 5.72817897796631 1.46486306190491 0.627100229263306 0.771471798419952 0.9925297498703 2.83872056007385 3.08721828460693 4.93814420700073 3.77321624755859 4.61594486236572 4.80032348632812 4.509840965271 22.783561706543 11.6875867843628 10.4229888916016 2.74900197982788 4.17862796783447 3.2968897819519 2.44903922080994 2.186115026474 3.62931394577026 5.66927194595337 0 2.07100796699524
3.87717819213867 6.54326868057251 4.47117948532104 3.0960636138916 3.11819005012512 4.18757343292236 4.87801790237427 1.41775929927826 0.629335403442383 0.197898611426353 0.00548668438568711 0.00600727275013924 0.00566172227263451 0.00559575483202934 0.0171880461275578 0.0169527009129524 0.0124917263165116 0.033028170466423 0.0439684242010117 0.0270646177232265 0.0184824578464031 0.017050651833415 0.00846490543335676 0.00611608847975731 0.00685131689533591 0.00878850650042295 0.0105423433706164 0.0120431315153837 0.00943235959857702 0.00793770980089903 0.01346031203866 0.0297696907073259 0.0258678458631039 0.0746012851595879 0.192621201276779 7.12493324279785 6.7519097328186 6.93683958053589 4.07868528366089 1.71632051467896 1.42842483520508 6.05418586730957 7.29151964187622 3.28573179244995 2.59356451034546 8.40108776092529 5.15368604660034 3.24770522117615 13.105110168457 12.253493309021 11.34543800354 1.07820951938629 2.39549517631531 5.08696746826172 1.99423134326935 4.06359386444092 5.16371393203735 4.359055519104 2.62259888648987 3.01562523841858
2.27823209762573 0.354114264249802 1.31943571567535 3.73905420303345 2.30338978767395 1.13612031936646 1.02763628959656 0.265636801719666 0.13762466609478 0.237046644091606 0.00643045408651233 0.0157274138182402 0.00677037285640836 0.00592456944286823 0.0121250161901116 0.0131917605176568 0.0359509214758873 0.0423686541616917 0.0345007553696632 0.0166959818452597 0.00782803725451231 0.0322994589805603 0.0271561946719885 0.00337633490562439 0.0129030039533973 0.00636227335780859 0.0167866908013821 0.0090152844786644 0.0299285408109426 0.00192642898764461 0.0357490181922913 0.0485163629055023 0.0651021152734756 0.376851558685303 0.877664983272552 7.80052185058594 2.34139108657837 6.22328615188599 8.06233024597168 3.19227242469788 3.67349123954773 5.08907270431519 5.483238697052 9.41665744781494 7.75018930435181 7.32768726348877 5.00766658782959 7.08371067047119 6.88879346847534 2.67629647254944 5.0958309173584 5.09789133071899 1.59021639823914 1.77679967880249 2.63571333885193 3.39218640327454 4.76886081695557 9.85375595092773 2.65515661239624 0.699942529201508
2.85046458244324 2.54141044616699 3.3423752784729 1.45506203174591 0.749840319156647 0.276124626398087 0.278457045555115 0.100336290895939 0.0845560282468796 0.20593050122261 0.0151044894009829 0.0175003614276648 0.0326714217662811 0.0527115203440189 0.0232791248708963 0.0225955042988062 0.0310186091810465 0.0268052853643894 0.0394822098314762 0.0132559705525637 0.030160078778863 0.0322269760072231 0.0100492304190993 0.011972688138485 0.0180491060018539 0.0135570429265499 0.0430988781154156 0.102685652673244 0.191768154501915 0.170724213123322 0.218423947691917 0.285488575696945 0.682279706001282 0.973410665988922 4.63335132598877 6.80591344833374 3.86360716819763 3.40554118156433 1.37300682067871 3.86492824554443 3.69483685493469 5.45918655395508 4.31714582443237 7.99877309799194 9.60923099517822 9.60856628417969 12.3138132095337 4.14260387420654 3.24266052246094 2.7383873462677 5.21244382858276 5.02253198623657 1.4221533536911 1.52375555038452 3.8461275100708 2.60884737968445 5.31562185287476 2.2434573173523 0.697807312011719 1.1655205488205
