Geospatial/Brazil_soil_moisture_AM.asc
NCOLS 484 
NROWS 482 
XLLCORNER -73.9762636472426 
YLLCORNER -33.7137726130056 
CELLSIZE 0.0808483755707569 
NODATA_value -9999 
[rows 240 to 263 of 482, columns 270 to 323 of 484]
0.174327209591866 0.187449872493744 0.193375512957573 0.206160485744476 0.219261914491653 0.2313551902771 0.2313551902771 0.24585323035717 0.2529336810112 0.265229791402817 0.25578510761261 0.251740425825119 0.259145230054855 0.259145230054855 0.263957917690277 0.255792260169983 0.237461626529694 0.198264628648758 0.1757952272892 0.160972014069557 0.160972014069557 0.155384302139282 0.152705535292625 0.153131186962128 0.15529291331768 0.15575784444809 0.156800776720047 0.156800776720047 0.158824324607849 0.160729110240936 0.164843797683716 0.169178172945976 0.178576126694679 0.178576126694679 0.183387979865074 0.189541727304459 0.200315997004509 0.211893200874329 0.22409576177597 0.324969619512558 0.324969619512558 0.239468410611153 0.248423188924789 0.261858940124512 0.284745246171951 0.292981654405594 0.29790934920311 0.29790934920311 0.283316284418106 0.259229719638824 0.244034349918365 0.228714808821678 0.21988782286644 0.218329265713692
0.180053278803825 0.193951219320297 0.198217391967773 0.208982989192009 0.221278071403503 0.231161072850227 0.231161072850227 0.245988130569458 0.252482235431671 0.260102897882462 0.255435407161713 0.251058608293533 0.256917774677277 0.256917774677277 0.254590094089508 0.247290447354317 0.228920549154282 0.194175109267235 0.176188781857491 0.161789998412132 0.161789998412132 0.156218484044075 0.153517693281174 0.152412846684456 0.154420495033264 0.155421286821365 0.156878113746643 0.156878113746643 0.15930163860321 0.162254676222801 0.168519929051399 0.172328010201454 0.180204927921295 0.180204927921295 0.185355588793755 0.194081425666809 0.206339105963707 0.220615729689598 0.308011382818222 0.238938108086586 0.238938108086586 0.242430046200752 0.247101753950119 0.260017693042755 0.279565393924713 0.288467317819595 0.288178741931915 0.288178741931915 0.276189416646957 0.261677801609039 0.249023407697678 0.231265932321548 0.220532670617104 0.21530544757843
0.182524278759956 0.195169895887375 0.199637234210968 0.206904575228691 0.218166530132294 0.230218410491943 0.230218410491943 0.245284467935562 0.254212260246277 0.25948691368103 0.257032543420792 0.249658852815628 0.253472566604614 0.253472566604614 0.246639013290405 0.240358412265778 0.222953602671623 0.192201882600784 0.174752041697502 0.162258356809616 0.162258356809616 0.156432911753654 0.153599292039871 0.152474537491798 0.153983771800995 0.155727535486221 0.158175736665726 0.158175736665726 0.160712167620659 0.163708925247192 0.170036777853966 0.173761755228043 0.181671887636185 0.181671887636185 0.18841689825058 0.199497431516647 0.211710914969444 0.225245416164398 0.235658213496208 0.235852688550949 0.235852688550949 0.235518231987953 0.23784539103508 0.246095389127731 0.262192159891129 0.272657930850983 0.274666279554367 0.274666279554367 0.265921294689178 0.257398217916489 0.247852772474289 0.230328947305679 0.220391750335693 0.215207636356354
0.182342723011971 0.1908278465271 0.194570854306221 0.1999771296978 0.214628607034683 0.231472328305244 0.231472328305244 0.246439933776855 0.255722194910049 0.259883552789688 0.256077140569687 0.246804803609848 0.250285297632217 0.250285297632217 0.242211163043976 0.235050067305565 0.218264207243919 0.190323323011398 0.173067718744278 0.163068071007729 0.163068071007729 0.157017588615417 0.153822630643845 0.153383448719978 0.15511517226696 0.157740712165833 0.159982696175575 0.159982696175575 0.161245033144951 0.164660513401031 0.16969221830368 0.173434540629387 0.181798368692398 0.181798368692398 0.189612403512001 0.202973037958145 0.215530261397362 0.230448067188263 0.237412139773369 0.232474967837334 0.232474967837334 0.228658407926559 0.227683186531067 0.232326552271843 0.244792923331261 0.255149185657501 0.257068395614624 0.257068395614624 0.253600150346756 0.248116463422775 0.238931834697723 0.222542554140091 0.215308770537376 0.211298495531082
0.180668890476227 0.18627442419529 0.190875083208084 0.196744069457054 0.214329227805138 0.233314722776413 0.233314722776413 0.247607380151749 0.257149815559387 0.259584814310074 0.25483027100563 0.247557431459427 0.250052630901337 0.250052630901337 0.239939332008362 0.232099577784538 0.211933568120003 0.188831031322479 0.172491073608398 0.163946330547333 0.163946330547333 0.157467797398567 0.153951540589333 0.154251605272293 0.155985474586487 0.159400552511215 0.162100583314896 0.162100583314896 0.163716524839401 0.167000815272331 0.172172889113426 0.176074340939522 0.182503655552864 0.182503655552864 0.189972847700119 0.203902348875999 0.218588933348656 0.231086790561676 0.234184086322784 0.226363405585289 0.226363405585289 0.219262763857841 0.215597033500671 0.219132661819458 0.228559836745262 0.240389823913574 0.240970179438591 0.240970179438591 0.239834725856781 0.237727090716362 0.229113206267357 0.217385277152061 0.212924495339394 0.209228411316872
0.179501190781593 0.185388892889023 0.193293839693069 0.200857400894165 0.216511815786362 0.233164250850677 0.233164250850677 0.246851086616516 0.259973973035812 0.260347902774811 0.254093676805496 0.245682284235954 0.248481497168541 0.248481497168541 0.234951078891754 0.229843124747276 0.206843554973602 0.187024757266045 0.171388655900955 0.163252934813499 0.163252934813499 0.157989054918289 0.155665278434753 0.156420812010765 0.158703744411469 0.162345916032791 0.16399222612381 0.16399222612381 0.165045708417892 0.168138161301613 0.173963651061058 0.179290801286697 0.182965785264969 0.182965785264969 0.190498024225235 0.204663440585136 0.220842182636261 0.231877163052559 0.232784435153008 0.223931938409805 0.223931938409805 0.214726865291595 0.208635658025742 0.210136219859123 0.218258365988731 0.230456367135048 0.231627449393272 0.231627449393272 0.231873482465744 0.229360908269882 0.223916426301003 0.216518238186836 0.212578147649765 0.209052175283432
0.180491581559181 0.185618251562119 0.191598281264305 0.199647754430771 0.217231556773186 0.234387472271919 0.234387472271919 0.246207937598228 0.258710473775864 0.260230660438538 0.250950008630753 0.24535721540451 0.244717612862587 0.244717612862587 0.231644436717033 0.22524556517601 0.202128052711487 0.183901727199554 0.169154673814774 0.162306606769562 0.162306606769562 0.158361613750458 0.158188030123711 0.159753277897835 0.161850690841675 0.165901675820351 0.166679531335831 0.166679531335831 0.167008057236671 0.170347228646278 0.176060512661934 0.182504072785378 0.183653548359871 0.183653548359871 0.188523024320602 0.200377032160759 0.218020513653755 0.228143304586411 0.230505034327507 0.223998382687569 0.223998382687569 0.213036820292473 0.20534136891365 0.206154629588127 0.211907550692558 0.223554134368896 0.225338697433472 0.225338697433472 0.232375457882881 0.229692056775093 0.225402131676674 0.217302098870277 0.211999133229256 0.209413036704063
0.174117341637611 0.177949175238609 0.185656204819679 0.197723358869553 0.218855753540993 0.237214207649231 0.237214207649231 0.247356653213501 0.259353697299957 0.258756965398788 0.24603359401226 0.243954852223396 0.240905702114105 0.240905702114105 0.2252267152071 0.216854527592659 0.194110706448555 0.17916302382946 0.167718634009361 0.162484377622604 0.162484377622604 0.159820705652237 0.160236358642578 0.161980733275414 0.164982721209526 0.169139474630356 0.17022193968296 0.17022193968296 0.17018623650074 0.173633977770805 0.178866058588028 0.18499992787838 0.183854341506958 0.183854341506958 0.185887858271599 0.194953978061676 0.211054071784019 0.222343534231186 0.228415369987488 0.225062370300293 0.225062370300293 0.212858438491821 0.204257935285568 0.203143149614334 0.209874480962753 0.22216123342514 0.227110996842384 0.227110996842384 0.234543472528458 0.230697318911552 0.227534756064415 0.219975888729095 0.212693676352501 0.209719210863113
0.16756708920002 0.17039991915226 0.179796397686005 0.195801094174385 0.217248901724815 0.23678095638752 0.23678095638752 0.24545182287693 0.252071440219879 0.247995018959045 0.240297630429268 0.241008296608925 0.232818394899368 0.232818394899368 0.220787853002548 0.206775993108749 0.186812117695808 0.174105003476143 0.165026858448982 0.162010535597801 0.162010535597801 0.161138847470284 0.162135228514671 0.164198607206345 0.166506424546242 0.170118987560272 0.172690391540527 0.172690391540527 0.174637869000435 0.179468780755997 0.182259917259216 0.185838520526886 0.181944161653519 0.181944161653519 0.181913658976555 0.187266737222672 0.200184270739555 0.212619826197624 0.224188849329948 0.224842861294746 0.224842861294746 0.213803917169571 0.205697655677795 0.202851042151451 0.21055693924427 0.223942577838898 0.232764899730682 0.232764899730682 0.239884942770004 0.236297950148582 0.230919778347015 0.225790396332741 0.215426996350288 0.209219142794609
0.162383779883385 0.165595680475235 0.176056236028671 0.193226516246796 0.214661777019501 0.232205107808113 0.232205107808113 0.24101822078228 0.242794185876846 0.240281268954277 0.2375308573246 0.238291963934898 0.223404571413994 0.223404571413994 0.214185476303101 0.197291284799576 0.181080222129822 0.169806882739067 0.16207580268383 0.161183893680573 0.161183893680573 0.161534830927849 0.162876531481743 0.165658101439476 0.168213024735451 0.171775296330452 0.175436317920685 0.175436317920685 0.178580567240715 0.183140337467194 0.184020414948463 0.184808537364006 0.179835796356201 0.179835796356201 0.178881734609604 0.181870758533478 0.192501455545425 0.206367284059525 0.220926284790039 0.222653597593307 0.222653597593307 0.211868464946747 0.205170720815659 0.201946303248405 0.210509344935417 0.222690716385841 0.231441661715508 0.231441661715508 0.23714879155159 0.234899893403053 0.228109583258629 0.22064745426178 0.211118102073669 0.204570814967155
0.145957991480827 0.151155784726143 0.165538549423218 0.183425694704056 0.204581826925278 0.220679596066475 0.220679596066475 0.228395864367485 0.223638951778412 0.212483704090118 0.213098362088203 0.212570175528526 0.203745409846306 0.203745409846306 0.1957036703825 0.179852098226547 0.167828798294067 0.160310700535774 0.157656311988831 0.157025396823883 0.157025396823883 0.159376844763756 0.162914171814919 0.16771636903286 0.17338564991951 0.176691606640816 0.179758325219154 0.179758325219154 0.181715950369835 0.182691752910614 0.181978568434715 0.181284740567207 0.179949954152107 0.179949954152107 0.180878326296806 0.18541793525219 0.195444017648697 0.205950230360031 0.213168978691101 0.211728349328041 0.211728349328041 0.203326657414436 0.200124695897102 0.199643418192863 0.207991793751717 0.211992934346199 0.217006146907806 0.217006146907806 0.220791459083557 0.225023567676544 0.222241252660751 0.218273267149925 0.207915380597115 0.195913568139076
0.141233503818512 0.144376039505005 0.157444924116135 0.176125630736351 0.195705220103264 0.208522170782089 0.208522170782089 0.214632123708725 0.205652251839638 0.191373363137245 0.194386288523674 0.195933938026428 0.189683526754379 0.189683526754379 0.186039537191391 0.173799380660057 0.162573397159576 0.156641289591789 0.155882090330124 0.155708536505699 0.155708536505699 0.15793277323246 0.161636754870415 0.166926071047783 0.17437219619751 0.17841611802578 0.182328954339027 0.182328954339027 0.18274137377739 0.182225301861763 0.182024329900742 0.183204427361488 0.184100225567818 0.184100225567818 0.186925277113914 0.192334055900574 0.201211541891098 0.207927197217941 0.209921568632126 0.205623403191566 0.205623403191566 0.197776913642883 0.195075333118439 0.197618648409843 0.203639432787895 0.205313369631767 0.209410294890404 0.209410294890404 0.212724879384041 0.219262883067131 0.216939270496368 0.212397798895836 0.204313531517982 0.193591594696045
0.137676566839218 0.139642998576164 0.152081832289696 0.170179963111877 0.190038561820984 0.199827134609222 0.199827134609222 0.196987181901932 0.178659960627556 0.165685385465622 0.167291507124901 0.173614740371704 0.17753367125988 0.17753367125988 0.176653474569321 0.1688492000103 0.159673571586609 0.154417753219604 0.153892055153847 0.15350429713726 0.15350429713726 0.157138645648956 0.161769434809685 0.167231336236 0.175182089209557 0.17854517698288 0.182251930236816 0.182251930236816 0.183481752872467 0.184474408626556 0.185841113328934 0.188905939459801 0.191331461071968 0.191331461071968 0.194725006818771 0.199820578098297 0.205901086330414 0.207005277276039 0.206040441989899 0.20073613524437 0.20073613524437 0.19451779127121 0.192152932286263 0.195799335837364 0.199718207120895 0.200993552803993 0.202051520347595 0.202051520347595 0.204462051391602 0.211636751890182 0.213875979185104 0.211742952466011 0.20495767891407 0.195041388273239
0.13612762093544 0.137429252266884 0.147788345813751 0.163036927580833 0.180504530668259 0.186086416244507 0.186086416244507 0.177484780550003 0.159212112426758 0.147607281804085 0.1525998711586 0.161406219005585 0.169500678777695 0.169500678777695 0.168903470039368 0.164182633161545 0.158133819699287 0.153690129518509 0.153059780597687 0.153416588902473 0.153416588902473 0.157229483127594 0.162133753299713 0.167276307940483 0.174575239419937 0.178160011768341 0.18205963075161 0.18205963075161 0.183576062321663 0.187426745891571 0.188730657100677 0.192604959011078 0.195653602480888 0.195653602480888 0.198224425315857 0.200484588742256 0.204023137688637 0.201442986726761 0.198224037885666 0.195806115865707 0.195806115865707 0.192352056503296 0.190579041838646 0.194348722696304 0.194334551692009 0.195380508899689 0.197182446718216 0.197182446718216 0.199849218130112 0.203844651579857 0.211732685565948 0.212403550744057 0.205757841467857 0.195594117045403
0.133381024003029 0.133842006325722 0.143448323011398 0.157984480261803 0.171303167939186 0.173065990209579 0.173065990209579 0.160477548837662 0.142950057983398 0.135502696037292 0.142498627305031 0.151586085557938 0.161245673894882 0.161245673894882 0.162749573588371 0.159484922885895 0.156131654977798 0.151834309101105 0.151275277137756 0.153193473815918 0.153193473815918 0.157464534044266 0.163324013352394 0.168220609426498 0.175307840108871 0.180739730596542 0.184107899665833 0.184107899665833 0.18667721748352 0.190606653690338 0.191227495670319 0.194412246346474 0.197012051939964 0.197012051939964 0.197381690144539 0.198022618889809 0.20025746524334 0.196997091174126 0.194183126091957 0.194555997848511 0.194555997848511 0.193224668502808 0.190850719809532 0.193874791264534 0.192176640033722 0.193529486656189 0.194807425141335 0.194807425141335 0.196610555052757 0.197655394673347 0.209576651453972 0.213417664170265 0.211126536130905 0.199715048074722
0.131035462021828 0.130396485328674 0.139580741524696 0.154443711042404 0.165446132421494 0.164306670427322 0.164306670427322 0.1522136926651 0.135782122612 0.130564793944359 0.137527719140053 0.145815595984459 0.154169335961342 0.154169335961342 0.156608194112778 0.156234130263329 0.154271170496941 0.15138304233551 0.151727557182312 0.15460416674614 0.15460416674614 0.159245997667313 0.165555611252785 0.170610681176186 0.176820561289787 0.182994022965431 0.185590207576752 0.185590207576752 0.188141599297523 0.190579637885094 0.190554797649384 0.192255198955536 0.194130659103394 0.194130659103394 0.194938242435455 0.195496514439583 0.196471810340881 0.194394513964653 0.193545982241631 0.19662669301033 0.19662669301033 0.19656153023243 0.193621098995209 0.195431977510452 0.192402303218842 0.194129139184952 0.19498535990715 0.19498535990715 0.196547031402588 0.193903312087059 0.20359417796135 0.206543624401093 0.206370502710342 0.199230447411537
0.128965124487877 0.127225905656815 0.135616734623909 0.149430304765701 0.159592658281326 0.158196911215782 0.158196911215782 0.146908551454544 0.13312903046608 0.128679484128952 0.134820938110352 0.142754852771759 0.150713264942169 0.150713264942169 0.153610825538635 0.152275681495667 0.150667950510979 0.150112733244896 0.152071103453636 0.15590389072895 0.15590389072895 0.160407558083534 0.166641920804977 0.174023643136024 0.180898681282997 0.186127424240112 0.187833473086357 0.187833473086357 0.189242780208588 0.189394921064377 0.189110487699509 0.189449608325958 0.191230416297913 0.191230416297913 0.192820847034454 0.193674772977829 0.194773271679878 0.196104288101196 0.196934029459953 0.200103417038918 0.200103417038918 0.198810532689095 0.19672480225563 0.197129800915718 0.194745004177094 0.195526868104935 0.197822496294975 0.197822496294975 0.199375882744789 0.193532824516296 0.199067503213882 0.202023357152939 0.202104419469833 0.198659539222717
0.126660153269768 0.12601213157177 0.133639365434647 0.146281525492668 0.155330985784531 0.154503688216209 0.154503688216209 0.143284276127815 0.132981091737747 0.130108416080475 0.134547039866447 0.141315907239914 0.147917479276657 0.147917479276657 0.150567099452019 0.148676916956902 0.147392004728317 0.148733571171761 0.151122182607651 0.155918434262276 0.155918434262276 0.161184266209602 0.167463883757591 0.176344871520996 0.182974055409431 0.18736070394516 0.18996174633503 0.18996174633503 0.191678240895271 0.189834132790565 0.189110025763512 0.18783688545227 0.190169408917427 0.190169408917427 0.194393500685692 0.198053851723671 0.200405925512314 0.202140137553215 0.203025430440903 0.203581109642982 0.203581109642982 0.202071070671082 0.200241059064865 0.197815418243408 0.197582885622978 0.200049370527267 0.201640143990517 0.201640143990517 0.201354637742043 0.196841523051262 0.198049992322922 0.198553740978241 0.198759958148003 0.197042390704155
0.12761677801609 0.126855239272118 0.132680907845497 0.14365054666996 0.150920361280441 0.148673340678215 0.148673340678215 0.140891894698143 0.133889228105545 0.1319310516119 0.135528266429901 0.141829386353493 0.14593443274498 0.14593443274498 0.148564010858536 0.146629169583321 0.145429730415344 0.147630125284195 0.150196731090546 0.155118495225906 0.155118495225906 0.161656409502029 0.166654661297798 0.177256479859352 0.184317886829376 0.188845664262772 0.192886531352997 0.192886531352997 0.192840710282326 0.189996391534805 0.18808276951313 0.188188701868057 0.192296251654625 0.192296251654625 0.196971848607063 0.200503826141357 0.202752351760864 0.204366251826286 0.206762731075287 0.207318142056465 0.207318142056465 0.206051841378212 0.20392356812954 0.202657625079155 0.203360378742218 0.204616904258728 0.203210845589638 0.203210845589638 0.200499206781387 0.197697401046753 0.198207139968872 0.197629228234291 0.194092780351639 0.192277356982231
0.129284799098969 0.128160670399666 0.133121982216835 0.140621021389961 0.146720945835114 0.145410284399986 0.145410284399986 0.139920100569725 0.13489893078804 0.1340371966362 0.137383416295052 0.144690498709679 0.147641077637672 0.147641077637672 0.148694291710854 0.14527802169323 0.143939778208733 0.145860433578491 0.148623645305634 0.152091920375824 0.152091920375824 0.159199520945549 0.164430305361748 0.175417989492416 0.183977484703064 0.188791826367378 0.193543538451195 0.193543538451195 0.192689433693886 0.191379144787788 0.189400091767311 0.189735278487206 0.192282482981682 0.192282482981682 0.197396576404572 0.201653897762299 0.203246608376503 0.20451620221138 0.208053067326546 0.210497677326202 0.210497677326202 0.209011524915695 0.209886968135834 0.207396045327187 0.207307323813438 0.208000659942627 0.204082235693932 0.204082235693932 0.199002519249916 0.197650507092476 0.198199674487114 0.196824416518211 0.193567916750908 0.190877303481102
0.132496267557144 0.131359979510307 0.134811341762543 0.13859024643898 0.143925741314888 0.141621649265289 0.141621649265289 0.138581365346909 0.134586870670319 0.13632544875145 0.139658227562904 0.145227521657944 0.147598057985306 0.147598057985306 0.14873631298542 0.144817396998405 0.143482148647308 0.144402638077736 0.146489769220352 0.149779856204987 0.149779856204987 0.156945168972015 0.163127020001411 0.173586398363113 0.182287350296974 0.188649609684944 0.194229632616043 0.194229632616043 0.192563027143478 0.192126110196114 0.190290480852127 0.190447598695755 0.190390050411224 0.190390050411224 0.193797215819359 0.198860913515091 0.201934695243835 0.205555453896523 0.210510611534119 0.213676080107689 0.213676080107689 0.213822185993195 0.217954114079475 0.21316334605217 0.214185759425163 0.21179361641407 0.204153642058372 0.204153642058372 0.195882439613342 0.196350485086441 0.198155432939529 0.200030952692032 0.215764224529266 0.191194295883179
0.13590544462204 0.132828325033188 0.134168073534966 0.13384573161602 0.137114867568016 0.135683998465538 0.135683998465538 0.13434986770153 0.135985761880875 0.138664245605469 0.143441006541252 0.148055359721184 0.147470682859421 0.147470682859421 0.147624418139458 0.144575402140617 0.141393110156059 0.140262335538864 0.140581071376801 0.144157886505127 0.144157886505127 0.152028769254684 0.160384610295296 0.171389400959015 0.181028842926025 0.187633976340294 0.191389948129654 0.191389948129654 0.189154833555222 0.188406467437744 0.187989801168442 0.188706308603287 0.187842816114426 0.187842816114426 0.188538804650307 0.191309869289398 0.196411728858948 0.205400228500366 0.211334034800529 0.215305909514427 0.215305909514427 0.21728852391243 0.222801730036736 0.224436104297638 0.226005673408508 0.222454413771629 0.211666494607925 0.211666494607925 0.199169933795929 0.197739705443382 0.196762442588806 0.198096632957458 0.198120668530464 0.20019893348217
0.13592341542244 0.131996333599091 0.133788734674454 0.132783651351929 0.133330270648003 0.132622703909874 0.132622703909874 0.132505103945732 0.136689156293869 0.140996187925339 0.144288316369057 0.149590134620667 0.148197665810585 0.148197665810585 0.148815676569939 0.145921960473061 0.142376303672791 0.140987247228622 0.140677943825722 0.143719658255577 0.143719658255577 0.151621833443642 0.160484835505486 0.171061679720879 0.181136921048164 0.188314110040665 0.190572962164879 0.190572962164879 0.188198983669281 0.186386153101921 0.185323715209961 0.186633810400963 0.187066808342934 0.187066808342934 0.187237083911896 0.189660638570786 0.195363357663155 0.203803062438965 0.209040328860283 0.214168533682823 0.214168533682823 0.217740342020988 0.222022265195847 0.226902365684509 0.230304852128029 0.229175731539726 0.220177099108696 0.220177099108696 0.208485096693039 0.2049590498209 0.200882524251938 0.200778052210808 0.200694516301155 0.203811794519424
0.133170261979103 0.130718916654587 0.132239446043968 0.132497519254684 0.131437107920647 0.131822630763054 0.131822630763054 0.133473351597786 0.139188632369041 0.144990250468254 0.146114945411682 0.149177968502045 0.149562865495682 0.149562865495682 0.149553239345551 0.146908313035965 0.143300801515579 0.141801461577415 0.141328737139702 0.144471436738968 0.144471436738968 0.152545973658562 0.161179333925247 0.170696333050728 0.180213391780853 0.187070280313492 0.188587442040443 0.188587442040443 0.18758362531662 0.185780704021454 0.18512549996376 0.18700809776783 0.189034044742584 0.189034044742584 0.188288897275925 0.190683022141457 0.194947987794876 0.200861677527428 0.205937311053276 0.210242331027985 0.210242331027985 0.216928780078888 0.220879465341568 0.229703858494759 0.235297873616219 0.239173725247383 0.234275609254837 0.234275609254837 0.225732401013374 0.21501612663269 0.20748470723629 0.202902361750603 0.203112214803696 0.207591891288757
