Human_population,Urban_&_built-up_areas,Elevation,Herbaceous_vegetation,Cultivated_managed_vegetation,Regularly_flooded_vegetation,Culex_q_map,Culicoides_map,A_aegypti,Soil_moisture_AM,Deciduous_broadleaf_trees,Evergreen_broadleaf_trees,Mixed_trees,Grasslands,Shrublands,Savannas,Woody_savannas,Cropland_&_natural_vegetation,Croplands_2019,Banana_harvested_area,Cassava_harvested_area,Cocoa_harvested_area,Coffee_harvested_area,Maize_harvested_area,Soybean_harvested_area,Sugarcane_harvested_area,Cattle_production,Forest_loss_2020-2023,Waterbodies,Precipitation_mean_2023,Annual_mean_temperature_2020
-49,0,50,0,0,0,-0.137104034423828,-0.449999988079071,-0.467971086502075,0.12644824385643,0,49,-49,0,0,-5,-1,0,0,-49.144775390625,-44.7976989746094,0,-57.1433181762695,-313.250122070312,0,-3.55810618400574,-9460.84872436523,-0.0286999996751547,0,1.18054723739624,-0.213333129882812
0,0,-12,0,0,0,0,0,0,0,0,0,0,0,0,0,0,0,0,0,0,0,0,0,0,0,0,0,0,-0.017613410949707,0
-49,0,-149,13,0,13,-0.0365648865699768,-0.0959999561309814,0.194388031959534,0.101102292537689,0,-12,-49,0,8,-5,-1,0,0,-12.2229843139648,-17.8944454193115,0.414032965898514,-54.0444691181183,-204.261756896973,0,-0.666631460189819,-9346.3903503418,-0.00919999927282333,93,3.61484336853027,0.201665878295898
0,15,2,-13,0,9,0,0,0,0,0,-39,0,0,-3,0,0,0,0,0,0,0,0,0,0,0,0,0,2,0,0.106668472290039
131,100,31,-13,0,-13,0.701376676559448,0.134999990463257,0.106170177459717,-0.108125120401382,0,-39,0,2.54999995231628,-8,1.70000004768372,0,2.54999995231628,0,-36.9217910766602,-26.9032535552979,23.5543183982372,-2.99031622707844,-108.98836517334,0,-2.89147472381592,-416.956329345703,-0.0180000003892928,-89,-2.22842788696289,1.13333511352539
0,0,-25,0,0,0,0,0,0,0,0,0,0,0,0,0,0,0,0,0,0,0,0,0,0,0,0,0.00040000001899898,11,0,-0.225000381469727
0,0,0,0,0,0,0,0,0,0,0,0,0,0,0,0,0,0,0,0,0,0,0,0,0,0,0,0,-21,0,0.029998779296875
0,0,0,0,0,0,0,0,0,0,0,0,0,0,0,0,0,0,0,0,0,0,0,0,0,0,0,0,22,0,0
0,0,-7,0,0,0,-0.0448211431503296,0,0.0338069498538971,0,0,0,0,0,0,0,0,0,0,0,0,0,0,0,0,0,0,0,0,-0.017613410949707,0
0,0,0,0,0,0,0,0,0,0,0,0,0,0,0,0,0,0,0,0,0,0,0,0,0,0,0,0,0,0,0
0,0,0,0,0,0,0,0,0,0,0,0,0,0,0,0,0,0,0,0,0,0,0,0,0,0,0,0,-96,0,0
0,7,35,0,33,-22,0.0614612698554993,-0.062000036239624,-0.111137390136719,0.0415131449699402,0,43,0,0,-5,0,1.12000000476837,0,0,-1.3374137878418,23.6364345550537,-0.414032965898514,-3.04236540570855,182.575172424316,0,63.4501695632935,668.812713623047,-0.00600000005215406,16,-2.87234163284302,-0.209999084472656
0,0,0,0,0,0,0,0,0,0,0,0,0,0,0,0,0,0,0,0,0,0,0,0,0,0,0,0,0,0,-0.110000610351562
0,0,0,0,0,0,0,0,0,0,0,0,0,0,0,0,0,0,0,0,0,0,0,0,0,0,0,0,0,0,0
0,0,5,0,0,0,0,0,0,0,0,0,0,0,0,0,0,0,0,0,0,0,0,0,0,0,0,0,0,0.017613410949707,0
0,-6,-3,0,-19,0,0.0421730279922485,0,0.105780065059662,0,10,-8,0,0,0,0,0,0,0,0,0,0,0,0,0,0,0,0,-3,0,0
0,0,2,0,0,0,0.0448211431503296,0,-0.0338069498538971,0,0,0,0,0,0,0,0,0,0,0,0,0,0,0,0,0,0,0,0,0,0.0283336639404297
0,0,-5,0,0,0,0.0448211431503296,0,-0.0338069498538971,0,0,0,0,0,0,0,0,0,0,0,0,0,0,0,0,0,0,0,0,0,0.0283336639404297
0,0,2,0,0,0,0.0448211431503296,0,-0.0338069498538971,0,0,0,0,0,0,0,0,0,0,0,0,0,0,0,0,0,0,0,0,0,0.0283336639404297
0,0,0,0,0,0,0,0,0,0,0,0,0,0,0,0,0,0,0,0,0,0,0,0,0,0,0,0,0,0,0
0,0,0,0,0,0,0,0,0,0,0,0,0,0,0,0,0,0,0,0,0,0,0,0,0,0,0,0,0,0,0
0,13,0,6,-15,0,0.0421730279922485,0,0.105780065059662,0,14,-25,0,0,6,0,0,0,0,0,0,0,0,0,0,0,0,0,-3,0,0
0,0,0,0,0,0,0,0,0,0,0,0,0,0,0,0,0,0,0,0,0,0,0,0,0,0,0,0,0,0,0
49,-22,109,0,0,0,-0.00887930393218994,0.175000011920929,-0.0442969799041748,-0.180277779698372,0,0,24,0,0,9,-1.12000000476837,0,0,21.3428077697754,2.78983306884766,0.508336544036865,109.97552928701,71.5325012207031,0,-60.0689234733582,9134.93017578125,0.0192999998107553,-90,-0.951967716217041,-0.201665878295898
0,0,0,0,0,0,0,0,0,0,0,0,0,0,0,0,0,0,0,0,0,0,0,0,0,0,0,0,-21,0,0
0,0,0,0,0,0,0,0,0,0,0,0,0,0,0,0,0,0,0,0,0,0,0,0,0,0,0,0,0,0,-0.0699996948242188
0,-19,-3,-6,-4,0,0,0,0,0,-4,17,0,0,-6,0,0,0,0,0,0,0,0,0,0,0,0,0,0,0,0.126667022705078
0,0,0,0,0,0,0,0,0,0,0,0,0,0,0,0,0,0,0,0,0,0,0,0,0,0,0,0,-22,0,-0.029998779296875
0,19,3,6,4,0,0,0,0,0,4,-17,0,0,6,0,0,0,0,0,0,0,0,0,0,0,0,0,0,0,-0.0150012969970703
0,0,0,0,0,0,0,0,0,0,0,0,0,0,0,0,0,0,0,0,0,0,0,0,0,0,0,0,0,0,0
0,0,0,0,0,0,0,0,0,0,0,0,0,0,0,0,0,0,0,0,0,0,0,0,0,0,0,0,-22,0,0
0,17,5,0,24,0,-0.0421730279922485,0,-0.105780065059662,0,-10,-27,0,0,22,0,0,0,0,0,0,0,0,0,0,0,0,0,-22,0,-0.126667022705078
0,0,2,1,-30,0,0,0,0,0,0,6,23,0,0,0,0,0,0,0,0,0,0,0,0,0,0,0,0,0,0
0,0,0,0,0,0,0,0,0,0,0,0,0,0,0,0,0,0,0,0,0,0,0,0,0,0,0,0,0,0,0
0,0,0,0,0,0,0,0,0,0,0,0,0,0,0,0,0,0,0,0,0,0,0,0,0,0,0,0,0,0,-0.0283336639404297
46,37,-36,11,26,0,0.361141324043274,-0.00700002908706665,0.230909824371338,-0.0134960412979126,0,-49,-47,1.00999999046326,22,2.10999965667725,0,3.02999997138977,0,16.519416809082,9.50069427490234,-0.508336544036865,-109.799508586526,-120.711471557617,0,-1.25693035125732,-6254.4951171875,-0.0322000001324341,69,0.0207834243774414,1.57833290100098
0,0,0,0,0,0,0,0,0,0,0,0,0,0,0,0,0,0,0,0,0,0,0,0,0,0,0,0,0,0,0.0283336639404297
0,0,-8,0,-5,0,0,0,0.0833262801170349,0,0,-5,9,0,0,0,0,0,0,0,0,0,0,0,0,0,0,0,0,0,0
21,31,248,0,-6,15,0.415042102336884,-0.300999999046326,0.0232389569282532,-0.0716994851827621,0,-28,-24,0,12,62,0,1,0,-48.8243036270142,5.05400848388672,2.65862774848938,-105.101727962494,814.265289306641,963.251770019531,1.02305507659912,6243.951171875,-0.0222000004723668,0,0.182029247283936,0.0966663360595703
0,0,-10,-1,25,0,0,0,0.0833262801170349,0,0,-11,-14,0,0,0,0,0,0,0,0,0,0,0,0,0,0,0,0,0,0
0,0,0,0,0,0,0,0,0,0,0,0,0,0,0,0,0,0,0,0,0,0,0,0,0,0,0,0,0,0,0
0,0,0,0,0,0,0,0,0,0,0,0,0,0,0,0,0,0,0,0,0,0,0,0,0,0,0,0,0,0,-0.0699996948242188
0,1,0,3,-6,0,0,0,0,0,0,0,0,0,2,0,0,0,0,0,0,0,0,0,0,0,0,0,5,0,-0.321666717529297
0,0,0,0,0,0,0,0,0,0,0,0,0,0,0,0,0,0,0,0,0,0,0,0,0,0,0,0,0,0,0.321666717529297
0,0,0,0,0,0,0,0,0,0,0,0,0,0,0,0,0,0,0,0,0,0,0,0,0,0,0,0,0,0,-0.0333328247070312
0,0,-12,0,0,0,0,0,0,0,0,0,0,0,0,0,0,0,0,0,0,0,0,0,0,0,0,0,0,-0.017613410949707,-0.0283336639404297
0,0,0,0,0,0,0,0,0,0,0,0,0,0,0,0,0,0,0,0,0,0,0,0,0,0,0,0,0,0,0
0,0,0,0,0,0,0,0,0,0,0,0,0,0,0,0,0,0,0,0,0,0,0,0,0,0,0,0,0,0,0
0,0,0,0,0,0,0,0,0,0,0,0,0,0,0,0,0,0,0,0,0,0,0,0,0,0,0,0,0,0,0
19,0,-47,0,18,0,0.24871826171875,0.337000012397766,0.519372701644897,-0.209563434123993,0,-37,19,0,0,3,0,0,0,4.2607855796814,77.9026336669922,12.6120510101318,126.224281311035,141.074783325195,0,0,14162.5840759277,0.0165999997407198,0,-1.3126654624939,0.441665649414062
0,-1,13,-15,22,0,0,0,0,0,0,0,0,0,-6,0,0,0,0,0,0,0,0,0,0,0,0,0,-74,0,0.406665802001953
0,0,0,0,0,0,0,0,0,0,0,0,0,0,0,0,0,0,0,0,0,0,0,0,0,0,0,0,0,0,0
0,0,-9,0,-2,0,0,0,0,0,0,-3,4,0,0,0,0,0,0,0,0,0,0,0,0,0,0,0.0966000016778708,0,0,0
0,0,0,0,0,0,0,0,0,0,0,0,0,0,0,0,0,0,0,0,0,0,0,0,0,0,0,0,0,0,0
0,0,30,0,-2,0,0.179661929607391,0,-0.122913718223572,0,0,26,-23,0,0,0,0,0,0,0,0,0,0,0,0,0,0,-0.0966000016778708,0,0,0
0,0,0,0,0,0,0,0,0,0,0,0,0,0,0,0,0,0,0,0,0,0,0,0,0,0,0,0,0,0,0.186666488647461
-57,-37,64,-12,-29,0,-0.144292056560516,-0.0409999489784241,-0.379226744174957,0.0164670050144196,0,31,53,-1.00999999046326,-5,0,0,-3.02999997138977,0,-53.5519561767578,9.15801239013672,0,6.11043407022953,374.076614379883,0,31.4163613319397,3578.296875,0.0234000001801178,-40,-0.0172724723815918,-1.24333381652832
-51,-5,-153,0,29,-15,-0.0975001454353333,-0.0910000056028366,-0.15887725353241,0.00259144604206085,0,-15,10,0,-3,-23,0,-1,5,-4.77792406082153,-12.2803497314453,-3.08900361508131,-4.08965754508972,8.2174072265625,-318.192993164062,-6.23360252380371,-2819.087890625,-0.0023999996483326,0,-0.137633800506592,0.139999389648438
0,0,0,0,0,0,0,0,0,0,0,0,0,0,0,0,0,0,0,0,0,0,0,0,0,0,0,0,0,0,0.108333587646484
0,0,0,0,0,0,0,0,0,0,0,0,0,0,0,0,0,0,0,0,0,0,0,0,0,0,0,0,0,0,0.0283336639404297
0,0,-34,2,28,0,-0.0720371305942535,-0.0880000293254852,0.0663740038871765,0.0966516882181168,0,11,-30,0,-12,-2.01999950408936,0,2.01999998092651,0,-6.34107875823975,-10.9485664367676,0,-3.89176106452942,-197.693023681641,0,-19.8606052398682,-1673.97900390625,0.00349999964237213,-18,0.188901424407959,-0.11833381652832
0,0,0,0,0,0,0,0,0,0,0,0,0,0,0,0,0,0,0,-0.704483985900879,-8.28429412841797,0,0,-251.197692871094,-136.673522949219,-1.06217336654663,0,0,0,0,0
0,0,-8,0,-5,0,0,0,0.0833262801170349,0,0,-5,9,0,0,0,0,0,0,0,0,0,0,0,0,0,0,0,0,0,0
-19,14,-33,0,74,0,0.0401272773742676,-0.22800001502037,0.23229306936264,-0.00828766822814941,0,-31,-53,0,-5,-3.10999965667725,0,0,0,-17.2293672561646,-37.8710136413574,0,-6.34293842315674,-118.499237060547,1.33847796916962,-26.2790622711182,-2084.11767578125,-0.0238000002136687,-29,0.158939838409424,0.690000534057617
0,16,5,11,-25,0,0,0,0,0,0,0,0,0,-3,0,0,0,0,0,0,0,0,0,0,0,0,0,0,0,-0.02166748046875
-19,18,-22,1,-74,3,-0.198709815740585,-0.0439999997615814,-0.0930801630020142,0.14366789162159,0,64,0,0,-12,-5.96000003814697,0,0,0,-2.66527843475342,-5.10522842407227,2.10190439224243,77.4044876098633,-396.11954498291,-1.33847796916962,-10.1530895233154,-811.49755859375,0.0122000003611902,0,-0.287222385406494,0.208333969116211
0,0,0,0,0,0,0,0,0,0,0,0,0,0,0,0,0,0,0,0,0,0,0,0,0,0,0,0,0,0,0
0,32,-8,0,44,0,0.244692206382751,0.00499999523162842,0.0808232426643372,-0.0190426111221313,0,-59,-18,0,2,11,0,0,0,35.3648400306702,-26.5221824645996,78.6085605621338,-94.222297668457,107.925888061523,0,0,-2267.63671875,-0.110500001348555,14,0.385579586029053,0.456666946411133
0,0,12,0,0,0,0,0,0,0,0,0,0,0,0,0,0,0,0,0,0,0,0,0,0,0,0,0,0,0.017613410949707,0.0283336639404297
0,0,12,0,0,0,0,0,0,0,0,0,0,0,0,0,0,0,0,0,0,0,0,0,0,0,0,0,0,0.017613410949707,0.0283336639404297
0,0,-2,0,0,0,-0.0448211431503296,0,0.0338069498538971,0,0,0,0,0,0,0,0,0,0,0,0,0,0,0,0,0,0,0,0,0,-0.0616664886474609
0,0,-25,0,0,0,0,0,0,0,0,0,0,0,0,0,0,0,0,0,0,0,0,0,0,0,0,0.00040000001899898,11,0,-0.225000381469727
0,22,-53,2,34,0,0.252692103385925,0.444000005722046,0.622530072927475,-0.0655514895915985,0,-74,0,0,9,0,0,0,0,29.9833583831787,90.3814239501953,0,0.113916322588921,877.715515136719,0,12.9179353713989,4619.66952514648,0.024100000038743,37,0.388343811035156,0.143333435058594
0,0,0,0,0,0,0,0,0,0,0,0,0,0,0,0,0,0,0,0,0,0,0,0,0,0,0,0,0,0,0
0,0,6,0,0,0,0,0,0,0,0,0,0,0,0,0,0,0,0,0,0,0,0,0,0,0,0,-0.00040000001899898,0,0,0.253332138061523
0,0,0,0,0,0,0,0,0,0,0,0,0,0,0,0,0,0,0,0,0,0,0,0,0,0,0,0,0,0,0
0,0,0,0,0,0,0,0,0,0,0,0,0,0,0,0,0,0,0,0,0,0,0,0,0,0,0,0,0,0,0
0,0,0,0,0,0,0,0,0,0,0,0,0,0,0,0,0,0,0,0,0,0,0,0,0,0,0,0,0,0,0
0,29,-78,0,31,0,0.322878152132034,0.505999982357025,0.454332232475281,-0.116624921560287,0,-60,0,0,0,2.09999990463257,0,0,0,3.25186800956726,64.5174255371094,0,53.750244140625,521.869262695312,0,25.7329196929932,2360.77352905273,0.0419000014662743,3,-0.60077714920044,0.508333206176758
0,-8,5,-2,4,0,0,0,0,0,0,6,10,0,-4,0,0,0,0,0,0,0,0,0,0,0,0,0,-37,0,-0.0366668701171875
0,0,0,0,0,0,0,0,0,0,0,0,0,0,0,0,0,0,0,0,0,0,0,0,0,0,0,0,-3,0,0
0,0,0,0,0,0,0,0,0,0,0,0,0,0,0,0,0,0,0,0,0,0,0,0,0,0,0,0,0,0,0
0,-12,5,0,18,0,0,0,0,0,0,-16,10,0,0,0,0,0,0,0,0,0,0,0,0,0,0,0,-3,0,0
0,0,0,0,0,0,0,0,0,0,0,0,0,0,0,0,0,0,0,0,0,0,0,0,0,0,0,0,0,0,0
5,0,-4,0,0,0,0,-0.062000036239624,0,0,0,0,0,0,0,0,0,0,0,0,0,0,0,0,0,0,0,0.00040000001899898,-15,-0.0274648666381836,-0.183332443237305
0,0,0,0,0,0,0,0,0,0,0,0,0,0,0,0,0,0,0,0,0,0,0,0,0,0,0,0,0,0,0
0,0,0,0,0,0,0,0,0,0,0,0,0,0,0,0,0,0,0,0,0,0,0,0,0,0,0,0,-11,0,0
0,1,-8,15,-22,0,0,0,0,0,0,0,0,0,6,0,0,0,0,0,0,0,0,0,0,0,0,0,0,0,-0.0849990844726562
0,-1,10,0,0,0,0,0,0,0,0,1,0,0,0,0,0,0,0,0,0,0,0,0,0,0,0,-0.00590000301599503,0,0,0
0,0,0,0,0,0,0,0,0,0,0,0,0,0,0,0,0,0,0,0,0,0,0,0,0,0,0,0,0,0,0
-76,-1,23,0,0,0,-0.263227730989456,-0.116999983787537,-0.178760766983032,0.0112572908401489,0,5,0,-1.00999999046326,-4,-9.10999965667725,0,-3.02999997138977,0,-63.100136756897,4.13056182861328,0,17.1426863819361,313.962356567383,0,-2.39814686775208,2281.2578125,0.0309999984456226,39,-0.122138738632202,-1.42000007629395
-5,0,4,0,0,0,0,0.062000036239624,0,0,0,0,0,0,0,0,0,0,0,0,0,0,0,0,0,0,0,-0.00040000001899898,15,0.0274648666381836,0.183332443237305
0,0,0,0,0,0,0,0,0,0,0,0,0,0,0,0,0,0,0,0,0,0,0,0,0,0,0,0,0,0,0
0,0,0,0,0,0,0,0,0,0,0,0,0,0,0,0,0,0,0,0,0,0,0,0,0,0,0,0,0,0,0
0,0,0,0,0,0,0,0,0,0,0,0,0,0,0,0,0,0,0,0,0,0,0,0,0,0,0,0,0,0,0
5,0,-4,0,0,0,0,-0.062000036239624,0,0,0,0,0,0,0,0,0,0,0,0,0,0,0,0,0,0,0,0,-4,-0.0274648666381836,0.0799999237060547
0,0,0,0,0,0,0,0,0,0,0,0,0,0,0,0,0,0,0,0,0,0,0,0,0,0,0,0.0434000045061111,0,0,0
0,0,0,0,0,0,0,0,0,0,0,0,0,0,0,0,0,0,0,0,0,0,0,0,0,0,0,0,0,0,0
5,0,-4,0,0,0,0,-0.062000036239624,0,0,0,0,0,0,0,0,0,0,0,0,0,0,0,0,0,0,0,0,-15,-0.0274648666381836,0.0799999237060547
-5,0,4,0,0,0,0,0.062000036239624,0,0,0,0,0,0,0,0,0,0,0,0,0,0,0,0,0,0,0,0,15,0.0274648666381836,-0.0799999237060547
0,0,-6,0,0,0,0,0,0,0,0,0,0,0,0,0,0,0,0,0,0,0,0,0,0,0,0,0,0,0,-0.253332138061523
0,0,0,0,0,0,0,0,0,0,0,0,0,0,0,0,0,0,0,0,0,0,0,0,0,0,0,0,0,0,0
0,0,0,0,0,0,0,0,0,0,0,0,0,0,0,0,0,0,0,0,0,0,0,0,0,0,0,0,0,0,0
0,0,0,0,0,0,0,0,0,0,0,0,0,0,0,0,0,0,0,0,0,0,0,0,0,0,0,0,0,0,0
5,0,-4,0,0,0,0,-0.062000036239624,0,0,0,0,0,0,0,0,0,0,0,0,0,0,0,0,0,0,0,0,-15,-0.0274648666381836,-0.253332138061523
0,0,0,0,0,0,0,0,0,0,0,0,0,0,0,0,0,0,0,0,0,0,0,0,0,0,0,0,0,0,0
-5,0,-2,0,0,0,0,0.062000036239624,0,0,0,0,0,0,0,0,0,0,0,0,0,0,0,0,0,0,0,-0.00040000001899898,15,0.0274648666381836,-0.0699996948242188
0,0,0,0,0,0,0,0,0,0,0,0,0,0,0,0,0,0,0,0,0,0,0,0,0,0,0,0,0,0,0
0,0,2,0,0,0,0.0448211431503296,0,-0.0338069498538971,0,0,0,0,0,0,0,0,0,0,0,0,0,0,0,0,0,0,0,0,0,0.0616664886474609
5,0,-4,0,0,0,0,-0.062000036239624,0,0,0,0,0,0,0,0,0,0,0,0,0,0,0,0,0,0,0,0,-15,-0.0274648666381836,0.0799999237060547
0,0,0,0,0,0,0,0,0,0,0,0,0,0,0,0,0,0,0,0,0,0,0,0,0,0,0,0,0,0,0
0,0,0,0,0,0,0,0,0,0,0,0,0,0,0,0,0,0,0,0,0,0,0,0,0,0,0,0,-11,0,0
5,0,-4,0,0,0,0,-0.062000036239624,0,0,0,0,0,0,0,0,0,0,0,0,0,0,0,0,0,0,0,0,-4,-0.0274648666381836,-0.183332443237305
0,0,0,0,0,0,0,0,0,0,0,0,0,0,0,0,0,0,0,0,0,0,0,0,0,0,0,0,0,0,0
0,0,0,0,0,0,0,0,0,0,0,0,0,0,0,0,0,0,0,0,0,0,0,0,0,0,0,0,0,0,0
0,0,0,0,0,0,0,0,0,0,0,0,0,0,0,0,0,0,0,0,0,0,0,0,0,0,0,0,0,0,0
0,0,0,0,0,0,0,0,0,0,0,0,0,0,0,0,0,0,0,0,0,0,0,0,0,0,0,0,0,0,-0.0283336639404297
0,0,0,0,0,0,0,0,0,0,0,0,0,0,0,0,0,0,0,0,0,0,0,0,0,0,0,0.00040000001899898,0,0,0
0,0,0,0,0,0,0,0,0,0,0,0,0,0,0,0,0,0,0,0,0,0,0,0,0,0,0,0,0,0,0
-5,0,4,0,0,0,0,0.062000036239624,0,0,0,0,0,0,0,0,0,0,0,0,0,0,0,0,0,0,0,0,15,0.0274648666381836,0.183332443237305
0,0,0,0,0,0,0,0,0,0,0,0,0,0,0,0,0,0,0,0,0,0,0,0,0,0,0,0,0,0,0
0,0,0,0,0,0,0,0,0,0,0,0,0,0,0,0,0,0,0,0,0,0,0,0,0,0,0,0,0,0,-0.0699996948242188
0,0,0,0,0,0,0,0,0,0,0,0,0,0,0,0,0,0,0,0,0,0,0,0,0,0,0,0,11,0,0
0,1,-8,15,-22,0,0,0,0,0,0,0,0,0,6,0,0,0,0,0,0,0,0,0,0,0,0,0,0,0,-0.0849990844726562
0,0,0,0,0,0,0,0,0,0,0,0,0,0,0,0,0,0,0,0,0,0,0,0,0,0,0,0,0,0,0
0,0,0,0,0,0,0,0,0,0,0,0,0,0,0,0,0,0,0,0,0,0,0,0,0,0,0,0,0,0,0.333332061767578
0,0,0,0,0,0,0,0,0,0,0,0,0,0,0,0,0,0,0,0,0,0,0,0,0,0,0,0,0,0,0
0,0,0,0,0,0,0,0,0,0,0,0,0,0,0,0,0,0,0,0,0,0,0,0,0,0,0,0,0,0,0
0,0,0,0,0,0,0,0,0,0,0,0,0,0,0,0,0,0,0,0,0,0,0,0,0,0,0,0,11,0,0
0,0,0,0,0,0,0,0,0,0,0,0,0,0,0,0,0,0,0,0,0,0,0,0,0,0,0,0.00040000001899898,0,0,0
0,0,0,0,0,0,0,0,0,0,0,0,0,0,0,0,0,0,0,0,0,0,0,0,0,0,0,0,0,0,0
0,0,0,0,0,0,0,0,0,0,0,0,0,0,0,0,0,0,0,0,0,0,0,0,0,0,0,0,0,0,0
0,0,0,0,0,0,0,0,0,0,0,0,0,0,0,0,0,0,0,0,0,0,0,0,0,0,0,0,0,0,0
0,0,0,0,0,0,0,0,0,0,0,0,0,0,0,0,0,0,0,0,0,0,0,0,0,0,0,0,0,0,0
0,0,0,0,0,0,0,0,0,0,0,0,0,0,0,0,0,0,0,0,0,0,0,0,0,0,0,0,0,0,0
0,0,0,0,0,0,0,0,0,0,0,0,0,0,0,0,0,0,0,0,0,0,0,0,0,0,0,0,0,0,0
0,0,0,0,0,0,0,0,0,0,0,0,0,0,0,0,0,0,0,0,0,0,0,0,0,0,0,0,0,0,0
0,-1,-5,-3,6,0,0,0,0,0,0,0,0,0,-2,0,0,0,0,0,0,0,0,0,0,0,0,0,74,0,0
0,0,-6,0,0,0,0,0,0,0,0,0,0,0,0,0,0,0,0,0,0,0,0,0,0,0,0,0.00040000001899898,0,0,-0.253332138061523
0,0,0,0,0,0,0,0,0,0,0,0,0,0,0,0,0,0,0,0,0,0,0,0,0,0,0,0,0,0,0
0,0,0,0,0,0,0,0,0,0,0,0,0,0,0,0,0,0,0,0,0,0,0,0,0,0,0,0,0,0,0
0,0,0,0,0,0,0,0,0,0,0,0,0,0,0,0,0,0,0,0,0,0,0,0,0,0,0,0,-5,0,0
0,0,0,0,0,0,0,0,0,0,0,0,0,0,0,0,0,0,0,0,0,0,0,0,0,0,0,0,-11,0,0
5,0,2,0,0,0,0,-0.062000036239624,0,0,0,0,0,0,0,0,0,0,0,0,0,0,0,0,0,0,0,0,-15,-0.0274648666381836,0.253332138061523
0,0,0,0,0,0,0,0,0,0,0,0,0,0,0,0,0,0,0,0,0,0,0,0,0,0,0,0,0,0,0
0,0,0,0,0,0,0,0,0,0,0,0,0,0,0,0,0,0,0,0,0,0,0,0,0,0,0,0,0,0,0
0,0,0,0,0,0,0,0,0,0,0,0,0,0,0,0,0,0,0,0,0,0,0,0,0,0,0,0,0,0,0
0,-14,3,0,-6,0,0,0.0199999809265137,-0.0385884046554565,0,0,22,0,0,-2,3,0,0,0,-2.9891037940979,-22.7817420959473,0,-11.9031229019165,-160.464813232422,0,-0.758272051811218,-1244.2587890625,0,17,0.0782666206359863,0
0,0,6,0,0,0,0,0,0,0,0,0,0,0,0,0,0,0,0,0,0,0,0,0,0,0,0,-0.00040000001899898,0,0,0.253332138061523
0,0,0,0,0,0,0,0,0,0,0,0,0,0,0,0,0,0,0,0,0,0,0,0,0,0,0,0,0,0,0
0,0,0,0,0,0,0,0,0,0,0,0,0,0,0,0,0,0,0,0,0,0,0,0,0,0,0,0,13,0,0.186668395996094
0,0,0,0,0,0,0,0,0,0,0,0,0,0,0,0,0,0,0,0,0,0,0,0,0,0,0,0,0,0,0
0,0,0,0,0,0,0,0,0,0,0,0,0,0,0,0,0,0,0,0,0,0,0,0,0,0,0,0,5,0,0
0,0,0,0,0,0,0,0,0,0,0,0,0,0,0,0,0,0,0,0,0,0,0,0,0,0,0,0,0,0,0
0,0,0,0,0,0,0,0,0,0,0,0,0,0,0,0,0,0,0,0,0,0,0,0,0,0,0,0,0,0,0
0,0,0,0,0,0,0,0,0,0,0,0,0,0,0,0,0,0,0,0,0,0,0,0,0,0,0,0,0,0,0
0,0,0,0,0,0,0,0,0,0,0,0,0,0,0,0,0,0,0,0,0,0,0,0,0,0,0,0.00040000001899898,0,0,0.0699996948242188
0,0,0,0,0,0,0,0,0,0,0,0,0,0,0,0,0,0,0,0,0,0,0,0,0,0,0,0,0,0,0
0,0,0,0,0,0,0,0,0,0,0,0,0,0,0,0,0,0,0,0,0,0,0,0,0,0,0,0,0,0,0
0,0,0,0,0,0,0,0,0,0,0,0,0,0,0,0,0,0,0,0,0,0,0,0,0,0,0,0,0,0,0
0,0,0,0,0,0,0,0,0,0,0,0,0,0,0,0,0,0,0,0,0,0,0,0,0,0,0,0,0,0,0
0,0,0,0,0,0,0,0,0,0,0,0,0,0,0,0,0,0,0,0,0,0,0,0,0,0,0,0,-5,0,0
0,0,0,0,0,0,0,0,0,0,0,0,0,0,0,0,0,0,0,0,0,0,0,0,0,0,0,0,0,0,0
0,0,6,0,0,0,0,0,0,0,0,0,0,0,0,0,0,0,0,0,0,0,0,0,0,0,0,0,0,0,0.253332138061523
0,0,0,0,0,0,0,0,0,0,0,0,0,0,0,0,0,0,0,0,0,0,0,0,0,0,0,0,0,0,0
0,0,0,0,0,0,0,0,0,0,0,0,0,0,0,0,0,0,0,0,0,0,0,0,0,0,0,0,0,0,0
5,0,-4,0,0,0,0,-0.062000036239624,0,0,0,0,0,0,0,0,0,0,0,0,0,0,0,0,0,0,0,0,-15,-0.0274648666381836,0
0,0,0,0,0,0,0,0,0,0,0,0,0,0,0,0,0,0,0,0,0,0,0,0,0,0,0,0,0,0,0
0,0,0,0,0,0,0,0,0,0,0,0,0,0,0,0,0,0,0,0,0,0,0,0,0,0,0,0,0,0,0
0,0,0,0,0,0,0,0,0,0,0,0,0,0,0,0,0,0,0,0,0,0,0,0,0,0,0,0,0,0,0
0,0,0,0,0,0,0,0,0,0,0,0,0,0,0,0,0,0,0,0,0,0,0,0,0,0,0,0,0,0,0
0,0,0,0,0,0,0,0,0,0,0,0,0,0,0,0,0,0,0,0,0,0,0,0,0,0,0,0,0,0,0
0,0,0,0,0,0,0,0,0,0,0,0,0,0,0,0,0,0,0,0,0,0,0,0,0,0,0,0,0,0,0
0,0,0,0,0,0,0,0,0,0,0,0,0,0,0,0,0,0,0,0,0,0,0,0,0,0,0,0,0,0,0
41,0,23,9,-3,0,0.0867915153503418,0.00999999046325684,0.141668617725372,0.0705839246511459,0,-5,0,0,-1,-2,0,1,0,1.06900501251221,-3.36327743530273,0,-10.0054535865784,-101.972198486328,0,1.03469347953796,-5020.59216308594,-0.0257999985478818,-52,1.81700682640076,0.0616664886474609
-5,0,4,0,0,0,0,0.062000036239624,0,0,0,0,0,0,0,0,0,0,0,0,0,0,0,0,0,0,0,0,15,0.0274648666381836,-0.0799999237060547
0,0,0,0,0,0,0,0,0,0,0,0,0,0,0,0,0,0,0,0,0,0,0,0,0,0,0,-0.00040000001899898,0,0,0
0,14,-3,0,6,0,0,-0.0199999809265137,0.0385884046554565,0,0,-22,0,0,2,-3,0,0,0,0,0,0,11.9031229019165,0,0,0,1244.2587890625,0,0,0,0
0,0,-2,0,0,0,-0.0448211431503296,0,0.0338069498538971,0,0,0,0,0,0,0,0,0,0,0,0,0,0,0,0,0,0,0,0,0,-0.0616664886474609
0,1,0,3,-6,0,0,0,0,0,0,0,0,0,2,0,0,0,0,0,0,0,0,0,0,0,0,0,0,0,0
0,0,0,0,0,0,0,0,0,0,0,0,0,0,0,0,0,0,0,0,0,0,0,0,0,0,0,0,0,0,0
0,0,0,0,0,0,0,0,0,0,0,0,0,0,0,0,0,0,0,0,0,0,0,0,0,0,0,0,0,0,0
0,0,0,0,0,0,0,0,0,0,0,0,0,0,0,0,0,0,0,0,0,0,0,0,0,0,0,0,0,0,0
0,0,-6,0,0,0,0,0,0,0,0,0,0,0,0,0,0,0,0,0,0,0,0,0,0,0,0,0.00040000001899898,0,0,-0.253332138061523
0,0,0,0,0,0,0,0,0,0,0,0,0,0,0,0,0,0,0,0,0,0,0,0,0,0,0,0,0,0,0
0,0,0,0,0,0,0,0,0,0,0,0,0,0,0,0,0,0,0,0,0,0,0,0,0,0,0,0,0,0,0
0,0,0,0,0,0,0,0,0,0,0,0,0,0,0,0,0,0,0,0,0,0,0,0,0,0,0,0,0,0,0
0,0,0,0,0,0,0,0,0,0,0,0,0,0,0,0,0,0,0,0,0,0,0,0,0,0,0,0,0,0,0
0,1,5,3,-6,0,0,0,0,0,0,0,0,0,2,0,0,0,0,0,0,0,0,0,0,0,0,0,5,0,0
0,0,0,0,0,0,0,0,0,0,0,0,0,0,0,0,0,0,0,0,0,0,0,0,0,0,0,0,0,0,0.0849990844726562
0,0,0,0,0,0,0,0,0,0,0,0,0,0,0,0,0,0,0,0,0,0,0,0,0,0,0,0,0,0,0
0,0,0,0,0,0,0,0,0,0,0,0,0,0,0,0,0,0,0,0,0,0,0,0,0,0,0,0,0,0,0
0,0,0,0,0,0,0,0,0,0,0,0,0,0,0,0,0,0,0,0,0,0,0,0,0,0,0,0,74,0,0
0,0,0,0,0,0,0,0,0,0,0,0,0,0,0,0,0,0,0,0,0,0,0,0,0,0,0,0,0,0,0
0,0,0,0,0,0,0,0,0,0,0,0,0,0,0,0,0,0,0,0,0,0,0,0,0,0,0,0,0,0,0
0,0,0,0,0,0,0,0,0,0,0,0,0,0,0,0,0,0,0,0,0,0,0,0,0,0,0,0,0,0,0
5,0,-4,0,0,0,0,-0.062000036239624,0,0,0,0,0,0,0,0,0,0,0,0,0,0,0,0,0,0,0,0,-15,-0.0274648666381836,0.0799999237060547
0,0,-6,0,0,0,0,0,0,0,0,0,0,0,0,0,0,0,0,0,0,0,0,0,0,0,0,0.00040000001899898,0,0,-0.253332138061523
0,14,-3,0,6,0,0,-0.0199999809265137,0.0385884046554565,0,0,-22,0,0,2,-3,0,0,0,2.9891037940979,22.7817420959473,0,11.9031229019165,160.464813232422,0,0.758272051811218,1244.2587890625,0.0434000045061111,-4,-0.0782666206359863,0.186668395996094
NA,NA,NA,NA,NA,NA,NA,NA,NA,0.0154361128807068,NA,NA,NA,NA,NA,NA,NA,NA,NA,NA,NA,NA,NA,NA,NA,NA,NA,NA,NA,NA,NA
0,0,0,0,0,0,0,0,0,0,0,0,0,0,0,0,0,0,0,0,0,0,0,0,0,0,0,0,0,0,0
0,0,0,0,0,0,0,0,0,0,0,0,0,0,0,0,0,0,0,0,0,0,0,0,0,0,0,0,0,0,0
0,0,0,0,0,0,0,0,0,0,0,0,0,0,0,0,0,0,0,0,0,0,0,0,0,0,0,0.00040000001899898,0,0,-0.263332366943359
0,0,0,0,0,0,0,0,0,0,0,0,0,0,0,0,0,0,0,0,0,0,0,0,0,0,0,0,0,0,0
-5,0,4,0,0,0,0,0.062000036239624,0,0,0,0,0,0,0,0,0,0,0,0,0,0,0,0,0,0,0,0,4,0.0274648666381836,-0.0799999237060547
0,0,0,0,0,0,0,0,0,0,0,0,0,0,0,0,0,0,0,0,0,0,0,0,0,0,0,0,0,0,0
0,0,0,0,0,0,0,0,0,0,0,0,0,0,0,0,0,0,0,0,0,0,0,0,0,0,0,0,0,0,0
0,0,0,0,0,0,0,0,0,0,0,0,0,0,0,0,0,0,0,0,0,0,0,0,0,0,0,-0.00040000001899898,0,0,0
0,0,0,0,0,0,0,0,0,0,0,0,0,0,0,0,0,0,0,0,0,0,0,0,0,0,0,0,0,0,0
0,0,0,0,0,0,0,0,0,0,0,0,0,0,0,0,0,0,0,0,0,0,0,0,0,0,0,0,-15,0,0
0,0,0,0,0,0,0,0,0,0,0,0,0,0,0,0,0,0,0,0,0,0,0,0,0,0,0,0,0,0,-0.263332366943359
0,0,0,0,0,0,0,0,0,0,0,0,0,0,0,0,0,0,0,0,0,0,0,0,0,0,0,0,-5,0,0
0,0,0,0,0,0,0,0,0,0,0,0,0,0,0,0,0,0,0,0,0,0,0,0,0,0,0,0,-11,0,0
0,0,0,0,0,0,0,0,0,0,0,0,0,0,0,0,0,0,0,0,0,0,0,0,0,0,0,0,-11,0,0
0,0,0,0,0,0,0,0,0,0,0,0,0,0,0,0,0,0,0,0,0,0,0,0,0,0,0,0,0,0,-0.263332366943359
0,0,0,0,0,0,0,0,0,0,0,0,0,0,0,0,0,0,0,0,0,0,0,0,0,0,0,0,0,0,0
0,-12,5,0,18,0,0,0,0,0,0,-16,10,0,0,0,0,0,0,0,0,0,0,0,0,0,0,0,3,0,-0.145000457763672
0,0,-6,0,0,0,0,0,0,0,0,0,0,0,0,0,0,0,0,0,0,0,0,0,0,0,0,0,0,0,0
-66,-67,-10,0,22,0,-0.468034774065018,-0.00999999046325684,-0.0386399030685425,0.228909522294998,0,42,0,-2.54999995231628,2,-1.70000004768372,0,-2.54999995231628,0,22.3665981292725,23.2170009613037,-23.8908029049635,-0.055859912186861,149.37451171875,0,5.56936168670654,76.8802032470703,0.0678000033367425,47,-1.10015153884888,-0.86833381652832
5,0,-4,0,0,0,0,-0.062000036239624,0,0,0,0,0,0,0,0,0,0,0,0,0,0,0,0,0,0,0,0,-15,-0.0274648666381836,0.0799999237060547
0,0,0,0,0,0,0,0,0,0,0,0,0,0,0,0,0,0,0,0,0,0,0,0,0,0,0,0,0,0,0
0,0,0,0,0,0,0,0,0,0,0,0,0,0,0,0,0,0,0,0,0,0,0,0,0,0,0,0,15,0,0
0,0,0,0,0,0,0,0,0,0,0,0,0,0,0,0,0,0,0,0,0,0,0,0,0,0,0,0,0,0,0
-5,0,4,0,0,0,0,0.062000036239624,0,0,0,0,0,0,0,0,0,0,0,0,0,0,0,0,0,0,0,0,15,0.0274648666381836,-0.0799999237060547
0,0,0,0,0,0,0,0,0,0,0,0,0,0,0,0,0,0,0,0,0,0,0,0,0,0,0,-0.00040000001899898,0,0,0
0,0,0,0,0,0,0,0,0,0,0,0,0,0,0,0,0,0,0,0,0,0,0,0,0,0,0,0,0,0,0
0,0,0,0,0,0,0,0,0,0,0,0,0,0,0,0,0,0,0,0,0,0,0,0,0,0,0,0,0,0,0
0,0,0,0,0,0,0,0,0,0,0,0,0,0,0,0,0,0,0,0,0,0,0,0,0,0,0,0,0,0,0
0,0,0,0,0,0,0,0,0,0,0,0,0,0,0,0,0,0,0,0,0,0,0,0,0,0,0,0,0,0,0
5,0,-4,0,0,0,0,-0.062000036239624,0,0,0,0,0,0,0,0,0,0,0,0,0,0,0,0,0,0,0,0,-4,-0.0274648666381836,0.0799999237060547
0,0,0,0,0,0,0,0,0,0,0,0,0,0,0,0,0,0,0,0,0,0,0,0,0,0,0,0,0,0,0
5,0,-4,0,0,0,0,-0.062000036239624,0,0,0,0,0,0,0,0,0,0,0,0,0,0,0,0,0,0,0,0,-15,-0.0274648666381836,0.0799999237060547
0,0,0,0,0,0,0,0,0,0,0,0,0,0,0,0,0,0,0,0,0,0,0,0,0,0,0,0,0,0,-0.253332138061523
0,0,0,0,0,0,0,0,0,0,0,0,0,0,0,0,0,0,0,0,0,0,0,0,0,0,0,0,0,0,0
0,0,0,0,0,0,0,0,0,0,0,0,0,0,0,0,0,0,0,0,0,0,0,0,0,0,0,0,0,0,0
0,0,0,0,0,0,0,0,0,0,0,0,0,0,0,0,0,0,0,0,0,0,0,0,0,0,0,0,-4,0,0
0,0,-7,0,0,0,0,0,0,0,0,-27,0,0,7,0,0,0,0,0,0,0,0,0,0,0,0,0,0,0,0
0,0,0,0,0,0,0,0,0,0,0,0,0,0,0,0,0,0,0,0,0,0,0,0,0,0,0,0,0,0,0
0,0,0,0,0,0,0,0,0,0,0,0,0,0,0,0,0,0,0,0,0,0,0,0,0,0,0,0,0,0,0
0,0,0,0,0,0,0,0,0,0,0,0,0,0,0,0,0,0,0,0,0,0,0,0,0,0,0,0,0,0,0
0,0,0,0,0,0,0,0,0,0,0,0,0,0,0,0,0,0,0,0,0,0,0,0,0,0,0,0,4,0,0
0,0,0,0,0,0,0,0,0,0,0,0,0,0,0,0,0,0,0,0,0,0,0,0,0,0,0,0,0,0,0
0,0,0,0,0,0,0,0,0,0,0,0,0,0,0,0,0,0,0,0,0,0,0,0,0,0,0,0,-4,0,0
0,0,0,0,0,0,0,0,0,0,0,0,0,0,0,0,0,0,0,0,0,0,0,0,0,0,0,0,0,0,0
0,0,0,0,0,0,0,0,0,0,0,0,0,0,0,0,0,0,0,0,0,0,0,0,0,0,0,-0.00040000001899898,15,0,0
0,0,0,0,0,0,0,0,0,0,0,0,0,0,0,0,0,0,0,0,0,0,0,0,0,0,0,-0.00040000001899898,0,0,0
0,0,0,0,0,0,0,0,0,0,0,0,0,0,0,0,0,0,0,0,0,0,0,0,0,0,0,0,0,0,0
0,0,0,0,0,0,0,0,0,0,0,0,0,0,0,0,0,0,0,0,0,0,0,0,0,0,0,0,0,0,0
0,0,-6,0,0,0,0,0,0,0,0,0,0,0,0,0,0,0,0,0,0,0,0,0,0,0,0,0.00040000001899898,0,0,-0.253332138061523
0,0,0,0,0,0,0,0,0,0,0,0,0,0,0,0,0,0,0,0,0,0,0,0,0,0,0,0,0,0,-0.253332138061523
0,0,0,0,0,0,0,0,0,0,0,0,0,0,0,0,0,0,0,0,0,0,0,0,0,0,0,0,0,0,0
0,0,0,0,0,0,0,0,0,0,0,0,0,0,0,0,0,0,0,0,0,0,0,0,0,0,0,0,-11,0,0
0,0,0,0,0,0,0,0,0,0,0,0,0,0,0,0,0,0,0,0,0,0,0,0,0,0,0,0,0,0,0
0,0,0,0,0,0,0,0,0,0,0,0,0,0,0,0,0,0,0,0,0,0,0,0,0,0,0,0,0,0,0
0,0,-7,0,0,0,0,0,0,0,0,-27,0,0,7,0,0,0,0,0,0,0,0,0,0,0,0,0,0,0,0
0,0,0,0,0,0,0,0,0,0,0,0,0,0,0,0,0,0,0,0,0,0,0,0,0,0,0,0,0,0,-0.0799999237060547
0,-4,10,0,4,0,0,0,0,0,0,23,0,0,-2,0,0,0,0,0,0,0,0,0,0,0,0,0,0,0,-0.0916671752929688
0,0,0,0,0,0,0,0,0,0,0,0,0,0,0,0,0,0,0,0,0,0,0,0,0,0,0,-0.00040000001899898,0,0,0
0,0,0,0,0,0,0,0,0,0,0,0,0,0,0,0,0,0,0,0,0,0,0,0,0,0,0,0,0,0,0
0,0,6,0,0,0,0,0,0,0,0,0,0,0,0,0,0,0,0,0,0,0,0,0,0,0,0,0,0,0,0.253332138061523
0,0,0,0,0,0,0,0,0,0,0,0,0,0,0,0,0,0,0,0,0,0,0,0,0,0,0,0,0,0,0
0,0,0,0,0,0,0,0,0,0,0,0,0,0,0,0,0,0,0,0,0,0,0,0,0,0,0,0,0,0,0
0,0,0,0,0,0,0,0,0,0,0,0,0,0,0,0,0,0,0,0,0,0,0,0,0,0,0,0,0,0,0
0,0,-6,0,0,0,0,0,0,0,0,0,0,0,0,0,0,0,0,0,0,0,0,0,0,0,0,0,0,0,-0.253332138061523
0,0,0,0,0,0,0,0,0,0,0,0,0,0,0,0,0,0,0,0,0,0,0,0,0,0,0,0,0,0,0
0,0,0,0,0,0,0,0,0,0,0,0,0,0,0,0,0,0,0,0,0,0,0,0,0,0,0,0,0,0,0.0799999237060547
5,0,2,0,0,0,0,-0.062000036239624,0,0,0,0,0,0,0,0,0,0,0,0,0,0,0,0,0,0,0,0,-15,-0.0274648666381836,0.333332061767578
0,0,0,0,0,0,0,0,0,0,0,0,0,0,0,0,0,0,0,0,0,0,0,0,0,0,0,0,0,0,0
0,0,0,0,0,0,0,0,0,0,0,0,0,0,0,0,0,0,0,0,0,0,0,0,0,0,0,0.00040000001899898,0,0,-0.263332366943359
0,0,0,0,0,0,0,0,0,0,0,0,0,0,0,0,0,0,0,0,0,0,0,0,0,0,0,0.00040000001899898,0,0,0
0,0,0,0,0,0,0,0,0,0,0,0,0,0,0,0,0,0,0,0,0,0,0,0,0,0,0,0,0,0,0
0,0,0,0,0,0,0,0,0,0,0,0,0,0,0,0,0,0,0,0,0,0,0,0,0,0,0,0,0,0,0
0,0,0,0,0,0,0,0,0,0,0,0,0,0,0,0,0,0,0,0,0,0,0,0,0,0,0,0.00040000001899898,0,0,-0.263332366943359
0,0,0,0,0,0,0,0,0,0,0,0,0,0,0,0,0,0,0,0,0,0,0,0,0,0,0,0,0,0,0
0,0,-6,0,0,0,0,0,0,0,0,0,0,0,0,0,0,0,0,0,0,0,0,0,0,0,0,0,0,0,-0.253332138061523
0,0,0,0,0,0,0,0,0,0,0,0,0,0,0,0,0,0,0,0,0,0,0,0,0,0,0,0,0,0,0
0,0,0,0,0,0,0,0,0,0,0,0,0,0,0,0,0,0,0,0,0,0,0,0,0,0,0,0,0,0,0
0,0,0,0,0,0,0,0,0,0,0,0,0,0,0,0,0,0,0,0,0,0,0,0,0,0,0,0.00040000001899898,0,0,0
0,0,0,0,0,0,0,0,0,0,0,0,0,0,0,0,0,0,0,0,0,0,0,0,0,0,0,0.00040000001899898,0,0,0
0,0,0,0,0,0,0,0,0,0,0,0,0,0,0,0,0,0,0,0,0,0,0,0,0,0,0,0,0,0,0
0,0,0,0,0,0,0,0,0,0,0,0,0,0,0,0,0,0,0,0,0,0,0,0,0,0,0,0.00040000001899898,0,0,0
0,0,0,0,0,0,0,0,0,0,0,0,0,0,0,0,0,0,0,0,0,0,0,0,0,0,0,0,11,0,0
0,0,0,0,0,0,0,0,0,0,0,0,0,0,0,0,0,0,0,0,0,0,0,0,0,0,0,0,0,0,0
0,0,0,0,0,0,0,0,0,0,0,0,0,0,0,0,0,0,0,0,0,0,0,0,0,0,0,0,0,0,0
0,0,0,0,0,0,0,0,0,0,0,0,0,0,0,0,0,0,0,0,0,0,0,0,0,0,0,0,0,0,0
0,0,0,0,0,0,0,0,0,0,0,0,0,0,0,0,0,0,0,0,0,0,0,0,0,0,0,0,0,0,0
-71,-68,-8,0,46,0,-0.291098833084106,0.0640000104904175,-0.0249393582344055,0.114466071128845,0,2,5,-2.54999995231628,9,-1.70000004768372,1.49000000953674,0.430000066757202,0,16.7798442840576,25.254243850708,-22.4252429008484,0.415526762604713,156.08772277832,0,75.3255386352539,236.016372680664,0.0128999997396022,80,-0.339564800262451,-1.17666625976562
0,0,7,0,0,0,0,0,0,0,0,27,0,0,-7,0,0,0,0,0,0,0,0,0,0,0,0,0,0,0,0
0,0,0,0,0,0,0,0,0,0,0,0,0,0,0,0,0,0,0,0,0,0,0,0,0,0,0,0,-11,0,0
0,0,6,0,0,0,0,0,0,0,0,0,0,0,0,0,0,0,0,0,0,0,0,0,0,0,0,-0.00040000001899898,0,0,0.253332138061523
0,0,1,0,0,0,0,0,0,0,0,7,0,0,-7,0,0,0,0,0,0,0,0,0,0,0,0,0,0,0,0
0,0,0,0,0,0,0,0,0,0,0,0,0,0,0,0,0,0,0,0,0,0,0,0,0,0,0,0,0,0,0
0,0,0,0,0,0,0,0,0,0,0,0,0,0,0,0,0,0,0,0,0,0,0,0,0,0,0,0,0,0,0
0,0,0,0,0,0,0,0,0,0,0,0,0,0,0,0,0,0,0,0,0,0,0,0,0,0,0,0,0,0,0.253332138061523
0,0,0,0,0,0,0,0,0,0,0,0,0,0,0,0,0,0,0,0,0,0,0,0,0,0,0,0,0,0,0
0,0,-1,0,0,0,0,0,0,0,0,-7,0,0,7,0,0,0,0,0,0,0,0,0,0,0,0,0,0,0,0
-5,0,-2,0,0,0,0,0.062000036239624,0,0,0,0,0,0,0,0,0,0,0,0,0,0,0,0,0,0,0,0.00040000001899898,0,0.0274648666381836,-0.333332061767578
0,0,0,0,0,0,0,0,0,0,0,0,0,0,0,0,0,0,0,0,0,0,0,0,0,0,0,0,0,0,0
5,0,-4,0,0,0,0,-0.062000036239624,0,0,0,0,0,0,0,0,0,0,0,0,0,0,0,0,0,0,0,0,-4,-0.0274648666381836,-0.183332443237305
0,0,6,0,0,0,0,0,0,0,0,0,0,0,0,0,0,0,0,0,0,0,0,0,0,0,0,-0.00040000001899898,0,0,0.253332138061523
0,0,0,0,0,0,0,0,0,0,0,0,0,0,0,0,0,0,0,0,0,0,0,0,0,0,0,0,0,0,0.0799999237060547
0,4,-10,0,-4,0,0,0,0,0,0,-23,0,0,2,0,0,0,0,0,0,0,0,0,0,0,0,0,0,0,0.0916671752929688
0,0,0,0,0,0,0,0,0,0,0,0,0,0,0,0,0,0,0,0,0,0,0,0,0,0,0,0,0,0,0
0,0,0,0,0,0,0,0,0,0,0,0,0,0,0,0,0,0,0,0,0,0,0,0,0,0,0,0,0,0,0
0,0,0,0,0,0,0,0,0,0,0,-7,0,0,7,0,0,0,0,0,0,0,0,0,0,0,0,0,0,0,0
0,0,0,0,0,0,0,0,0,0,0,0,0,0,0,0,0,0,0,0,0,0,0,0,0,0,0,0,0,0,0
0,0,0,0,0,0,0,0,0,0,0,0,0,0,0,0,0,0,0,0,0,0,0,0,0,0,0,0,0,0,0
0,0,0,0,0,0,0,0,0,0,0,0,0,0,0,0,0,0,0,0,0,0,0,0,0,0,0,0,0,0,0
0,0,0,0,0,0,0,0,0,0,0,0,0,0,0,0,0,0,0,0,0,0,0,0,0,0,0,0,0,0,0
0,0,0,0,0,0,0,0,0,0,0,0,0,0,0,0,0,0,0,0,0,0,0,0,0,0,0,0,0,0,0
0,0,0,0,0,0,0,0,0,0,0,0,0,0,0,0,0,0,0,0,0,0,0,0,0,0,0,0,15,0,0
0,0,6,0,0,0,0,0,0,0,0,0,0,0,0,0,0,0,0,0,0,0,0,0,0,0,0,0,-15,0,0
0,0,7,0,0,0,0,0,0,0,0,27,0,0,-7,0,0,0,0,0,0,0,0,0,0,0,0,0,29,0,0
0,0,0,0,0,0,0,0,0,0,0,0,0,0,0,0,0,0,0,0,0,0,0,0,0,0,0,0,0,0,0
0,0,6,0,0,0,0,0,0,0,0,0,0,0,0,0,0,0,0,0,0,0,0,0,0,0,0,-0.00040000001899898,0,0,0.253332138061523
0,0,0,0,0,0,0,0,0,0,0,0,0,0,0,0,0,0,0,0,0,0,0,0,0,0,0,0,0,0,0
0,0,0,0,0,0,0,0,0,0,0,0,0,0,0,0,0,0,0,0,0,0,0,0,0,0,0,0,0,0,0
0,0,0,0,0,0,0,0,0,0,0,0,0,0,0,0,0,0,0,0,0,0,0,0,0,0,0,0,0,0,0
0,0,0,0,0,0,0,0,0,0,0,0,0,0,0,0,0,0,0,0,0,0,0,0,0,0,0,0,0,0,0
5,0,-4,0,0,0,0,-0.062000036239624,0,0,0,0,0,0,0,0,0,0,0,0,0,0,0,0,0,0,0,0,-4,-0.0274648666381836,0.0799999237060547
0,0,0,0,0,0,0,0,0,0,0,0,0,0,0,0,0,0,0,0,0,0,0,0,0,0,0,0,0,0,0
5,0,-4,0,0,0,0,-0.062000036239624,0,0,0,0,0,0,0,0,0,0,0,0,0,0,0,0,0,0,0,0,-15,-0.0274648666381836,0
0,0,6,0,0,0,0,0,0,0,0,0,0,0,0,0,0,0,0,0,0,0,0,0,0,0,0,0,0,0,0
0,0,0,0,0,0,0,0,0,0,0,0,0,0,0,0,0,0,0,0,0,0,0,0,0,0,0,0,0,0,0
0,0,0,0,0,0,0,0,0,0,0,0,0,0,0,0,0,0,0,0,0,0,0,0,0,0,0,0,0,0,0
0,0,0,0,0,0,0,0,0,0,0,0,0,0,0,0,0,0,0,0,0,0,0,0,0,0,0,0,0,0,0
5,0,-4,0,0,0,0,-0.062000036239624,0,0,0,0,0,0,0,0,0,0,0,0,0,0,0,0,0,0,0,0,-15,-0.0274648666381836,0.0799999237060547
0,-4,11,0,4,0,0,0,0,0,0,30,0,0,-9,0,0,0,0,0,0,0,0,0,0,0,0,0,0,0,-0.0916671752929688
-5,0,4,0,0,0,0,0.062000036239624,0,0,0,0,0,0,0,0,0,0,0,0,0,0,0,0,0,0,0,0,15,0.0274648666381836,-0.0799999237060547
0,0,0,0,0,0,0,0,0,0,0,0,0,0,0,0,0,0,0,0,0,0,0,0,0,0,0,0,11,0,0
0,0,0,0,0,0,0,0,0,0,0,0,0,0,0,0,0,0,0,0,0,0,0,0,0,0,0,-0.00040000001899898,0,0,0
0,0,0,0,0,0,0,0,0,0,0,0,0,0,0,0,0,0,0,0,0,0,0,0,0,0,0,0,0,0,0
5,0,2,0,0,0,0,-0.062000036239624,0,0,0,0,0,0,0,0,0,0,0,0,0,0,0,0,0,0,0,0,-15,-0.0274648666381836,0.0699996948242188
0,0,2,0,0,0,0,0,0,0,0,0,0,0,0,0,0,0,0,0,0,0,0,0,0,0,0,0,-15,-0.0274648666381836,0
0,0,0,0,0,0,0,0,0,0,0,0,0,0,0,0,0,0,0,0,0,0,0,0,0,0,0,0,0,0,0
0,0,0,0,0,0,0,0,0,0,0,0,0,0,0,0,0,0,0,0,0,0,0,0,0,0,0,0,0,0,0
0,0,0,0,0,0,0,0,0,0,0,0,0,0,0,0,0,0,0,0,0,0,0,0,0,0,0,0,0,0,0
0,0,0,0,0,0,0,0,0,0,0,0,0,0,0,0,0,0,0,0,0,0,0,0,0,0,0,0,0,0,0
0,0,0,0,0,0,0,0,0,0,0,0,0,0,0,0,0,0,0,0,0,0,0,0,0,0,0,0,0,0,0
-52,-100,-12,0,30,0,-0.506541043519974,0.00400000810623169,-0.0253863334655762,0.0427052080631256,0,61,2,-2.54999995231628,0,-1.70000004768372,0,-1.4799998998642,0,11.9296188354492,6.65507078170776,-22.3858379125595,0.175264343619347,101.550262451172,7.89622354507446,41.9420738220215,238.601959228516,0.00770000019110739,-1,-0.610881805419922,-1.20999908447266
-5,0,4,0,0,0,0,0.062000036239624,0,0,0,0,0,0,0,0,0,0,0,0,0,0,0,0,0,0,0,0,15,0.0274648666381836,-0.0799999237060547
0,0,0,0,0,0,0,0,0,0,0,0,0,0,0,0,0,0,0,0,0,0,0,0,0,0,0,0,0,0,0
0,0,0,0,0,0,0,0,0,0,0,0,0,0,0,0,0,0,0,0,0,0,0,0,0,0,0,0,0,0,0
0,0,-6,0,0,0,0,0,0,0,0,0,0,0,0,0,0,0,0,0,0,0,0,0,0,0,0,0.00040000001899898,15,0,-0.253332138061523
0,1,2,0,-14,0,0,0,-0.0103920102119446,0,0,-2,0,0,7,0,0,0,0,0,0,0,0,0,0,0,0,-0.0111999998334795,-66,0,-0.248332977294922
0,0,0,0,0,0,0,0,0,0,0,0,0,0,0,0,0,0,0,0,0,0,0,0,0,0,0,0,0,0,0
0,0,0,0,0,0,0,0,0,0,0,0,0,0,0,0,0,0,0,0,0,0,0,0,0,0,0,0,0,0,0
0,0,7,0,0,0,0,0,0,0,0,27,0,0,-7,0,0,0,0,0,0,0,0,0,0,0,0,0,29,0,0
0,0,0,0,0,0,0,0,0,0,0,0,0,0,0,0,0,0,0,0,0,0,0,0,0,0,0,0,0,0,0
0,-4,4,0,4,0,0,0,0,0,0,3,0,0,-2,0,0,0,0,0,0,0,0,0,0,0,0,0,0,0,-0.0916671752929688
0,0,0,0,0,0,0,0,0,0,0,0,0,0,0,0,0,0,0,0,0,0,0,0,0,0,0,0,11,0,0
0,0,0,0,0,0,0,0,0,0,0,0,0,0,0,0,0,0,0,0,0,0,0,0,0,0,0,-0.00040000001899898,0,0,0.263332366943359
0,0,0,0,0,0,0,0,0,0,0,0,0,0,0,0,0,0,0,0,0,0,0,0,0,0,0,0,0,0,0
0,0,0,0,0,0,0,0,0,0,0,0,0,0,0,0,0,0,0,0,0,0,0,0,0,0,0,0,0,0,0
0,0,0,0,0,0,0,0,0,0,0,0,0,0,0,0,0,0,0,0,0,0,0,0,0,0,0,0,0,0,0
0,0,0,0,0,0,0,0,0,0,0,0,0,0,0,0,0,0,0,0,0,0,0,0,0,0,0,0,0,0,0
0,0,0,0,0,0,0,0,0,0,0,0,0,0,0,0,0,0,0,0,0,0,0,0,0,0,0,0,-46,0,-0.10999870300293
0,0,0,0,0,0,0,0,0,0,0,0,0,0,0,0,0,0,0,0,0,0,0,0,0,0,0,0,-29,0,0
0,0,0,0,0,0,0,0,0,0,0,0,0,0,0,0,0,0,0,0,0,0,0,0,0,0,0,0,0,0,0
0,0,0,0,0,0,0,0,0,0,0,0,0,0,0,0,0,0,0,0,0,0,0,0,0,0,0,0,0,0,0
0,0,0,0,0,0,0,0,0,0,0,0,0,0,0,0,0,0,0,0,0,0,0,0,0,0,0,0,0,0,0
0,0,6,0,0,0,0,0,0,0,0,0,0,0,0,0,0,0,0,0,0,0,0,0,0,0,0,0,0,0,0.253332138061523
0,0,-6,0,0,0,0,0,0,0,0,0,0,0,0,0,0,0,0,0,0,0,0,0,0,0,0,0,15,0,-0.253332138061523
0,0,0,0,0,0,0,0,0,0,0,0,0,0,0,0,0,0,0,0,0,0,0,0,0,0,0,0,0,0,0
0,0,0,0,0,0,0,0,0,0,0,0,0,0,0,0,0,0,0,0,0,0,0,0,0,0,0,0.00040000001899898,0,0,0
0,0,0,0,0,0,0,0,0,0,0,0,0,0,0,0,0,0,0,0,0,0,0,0,0,0,0,0,0,0,0
0,0,0,0,0,0,0,0,0,0,0,0,0,0,0,0,0,0,0,0,0,0,0,0,0,0,0,0,0,0,-0.0799999237060547
0,0,-7,0,0,0,0,0,0,0,0,-27,0,0,7,0,0,0,0,0,0,0,0,0,0,0,0,0,-29,0,0
0,0,0,0,0,0,0,0,0,0,0,0,0,0,0,0,0,0,0,0,0,0,0,0,0,0,0,0,0,0,0
5,0,2,0,0,0,0,-0.062000036239624,0,0,0,0,0,0,0,0,0,0,0,0,0,0,0,0,0,0,0,0,-15,-0.0274648666381836,0
0,0,1,0,0,0,0,0,0,0,0,7,0,0,-7,0,0,0,0,0,0,0,0,0,0,0,0,0,0,0,0
0,0,0,0,0,0,0,0,0,0,0,0,0,0,0,0,0,0,0,0,0,0,0,0,0,0,0,0,0,0,0
0,0,0,0,0,0,0,0,0,0,0,0,0,0,0,0,0,0,0,0,0,0,0,0,0,0,0,-0.00040000001899898,0,0,0
0,0,0,0,0,0,0,0,0,0,0,0,0,0,0,0,0,0,0,0,0,0,0,0,0,0,0,0,0,0,0
0,0,0,0,0,0,0,0,0,0,0,0,0,0,0,0,0,0,0,0,0,0,0,0,0,0,0,0,-15,0,0
0,0,0,0,0,0,0,0,0,0,0,0,0,0,0,0,0,0,0,0,0,0,0,0,0,0,0,0,0,0,0
0,0,0,0,0,0,0,0,0,0,0,0,0,0,0,0,0,0,0,0,0,0,0,0,0,0,0,0,20,0,0
0,0,-6,0,0,0,0,0,0,0,0,0,0,0,0,0,0,0,0,0,0,0,0,0,0,0,0,0.00040000001899898,0,0,-0.253332138061523
0,0,0,0,0,0,0,0,0,0,0,0,0,0,0,0,0,0,0,0,0,0,0,0,0,0,0,0.00040000001899898,-15,0,0
-21,-32,99,0,-46,0,-0.513809978961945,-0.299999982118607,-0.194575428962708,0.114324241876602,0,98,-5,0,-9,0,-1.49000000953674,-2.98000001907349,0,-0.230276107788086,-23.3159916400909,-1.54310846328735,-0.524059593677521,-151.895761489868,0,28.6116027832031,-168.190383911133,-0.0134999997681007,-80,0.649503231048584,-0.0833339691162109
0,0,0,0,0,0,0,0,0,0,0,0,0,0,0,0,0,0,0,0,0,0,0,0,0,0,0,0,0,0,-0.333332061767578
0,0,0,0,0,0,0,0,0,0,0,0,0,0,0,0,0,0,0,0,0,0,0,0,0,0,0,0,0,0,0
0,0,0,0,0,0,0,0,0,0,0,0,0,0,0,0,0,0,0,0,0,0,0,0,0,0,0,0,0,0,0
0,0,-6,0,0,0,0,0,0,0,0,0,0,0,0,0,0,0,0,0,0,0,0,0,0,0,0,0.00040000001899898,0,0,-0.253332138061523
0,0,0,0,0,0,0,0,0,0,0,0,0,0,0,0,0,0,0,0,0,0,0,0,0,0,0,0,0,0,0
0,0,0,0,0,0,0,0,0,0,0,0,0,0,0,0,0,0,0,0,0,0,0,0,0,0,0,0,0,0,0
0,0,0,0,0,0,0,0,0,0,0,0,0,0,0,0,0,0,0,0,0,0,0,0,0,0,0,0.00040000001899898,0,0,-0.183332443237305
0,0,-6,0,0,0,0,0,0,0,0,0,0,0,0,0,0,0,0,0,0,0,0,0,0,0,0,0.00040000001899898,0,0,-0.253332138061523
0,0,0,0,0,0,0,0,0,0,0,0,0,0,0,0,0,0,0,0,0,0,0,0,0,0,0,0,0,0,0
0,0,0,0,0,0,0,0,0,0,0,0,0,0,0,0,0,0,0,0,0,0,0,0,0,0,0,0,21,0,0.121665954589844
-5,0,4,0,0,0,0,0.062000036239624,0,0,0,0,0,0,0,0,0,0,0,0,0,0,0,0,0,0,0,0,0,0.0274648666381836,0
0,0,0,0,0,0,0,0,0,0,0,0,0,0,0,0,0,0,0,0,0,0,0,0,0,0,0,0.00040000001899898,0,0,0
0,0,0,0,0,0,0,0,0,0,0,0,0,0,0,0,0,0,0,0,0,0,0,0,0,0,0,0,0,0,0
0,0,0,0,0,0,0,0,0,0,0,0,0,0,0,0,0,0,0,0,0,0,0,0,0,0,0,-0.00040000001899898,0,0,0
5,0,2,0,0,0,0,-0.062000036239624,0,0,0,0,0,0,0,0,0,0,0,0,0,0,0,0,0,0,0,0,0,-0.0274648666381836,0.0699996948242188
0,0,0,0,0,0,0,0,0,0,0,0,0,0,0,0,0,0,0,0,0,0,0,0,0,0,0,0,0,0,0
0,0,24,10,7,0,0,0,0,0,0,-8,-2,0,0,0,0,0,0,0,0,0,0,0,0,0,0,0,0,0,0
0,0,0,0,0,0,0,0,0,0,0,0,0,0,0,0,0,0,0,0,0,0,0,0,0,0,0,0,0,0,0.0699996948242188
0,0,0,0,0,0,0,0,0,0,0,0,0,0,0,0,0,0,0,0,0,0,0,0,0,0,0,0,0,0,0
0,0,0,0,0,0,0,0,0,0,0,0,0,0,0,0,0,0,0,0,0,0,0,0,0,0,0,0,15,0,0
0,0,0,0,0,0,0,0,0,0,0,0,0,0,0,0,0,0,0,0,0,0,0,0,0,0,0,0,0,0,0
-5,0,4,0,0,0,0,0.062000036239624,0,0,0,0,0,0,0,0,0,0,0,0,0,0,0,0,0,0,0,0,15,0.0274648666381836,0.183332443237305
0,0,-7,0,0,0,0,0,0,0,0,-27,0,0,7,0,0,0,0,0,0,0,0,0,0,0,0,0,0,0,0
0,0,0,0,0,0,0,0,0,0,0,0,0,0,0,0,0,0,0,0,0,0,0,0,0,0,0,0,0,0,0
0,0,0,0,0,0,0,0,0,0,0,0,0,0,0,0,0,0,0,0,0,0,0,0,0,0,0,0,-11,0,0
0,0,-6,0,0,0,0,0,0,0,0,0,0,0,0,0,0,0,0,0,0,0,0,0,0,0,0,0,0,0,0
0,0,0,0,0,0,0,0,0,0,0,0,0,0,0,0,0,0,0,0,0,0,0,0,0,0,0,0,0,0,0
0,0,0,0,0,0,0,0,0,0,0,0,0,0,0,0,0,0,0,0,0,0,0,0,0,0,0,0,0,0,0
0,0,0,0,0,0,0,0,0,0,0,0,0,0,0,0,0,0,0,0,0,0,0,0,0,0,0,0,0,0,0
0,0,0,0,0,0,0,0,0,0,0,0,0,0,0,0,0,0,0,0,0,0,0,0,0,0,0,0,0,0,0
0,0,0,0,0,0,0,0,0,0,0,0,0,0,0,0,0,0,0,0,0,0,0,0,0,0,0,-0.00040000001899898,0,0,-0.0699996948242188
-5,0,4,0,0,0,0,0.062000036239624,0,0,0,0,0,0,0,0,0,0,0,0,0,0,0,0,0,0,0,0,15,0.0274648666381836,0
0,0,0,0,0,0,0,0,0,0,0,0,0,0,0,0,0,0,0,0,0,0,0,0,0,0,0,0,0,0,0
-5,0,4,0,0,0,0,0.062000036239624,0,0,0,0,0,0,0,0,0,0,0,0,0,0,0,0,0,0,0,0,0,0.0274648666381836,0
0,0,0,0,0,0,0,0,0,0,0,0,0,0,0,0,0,0,0,0,0,0,0,0,0,0,0,0,0,0,0
0,0,0,0,0,0,0,0,0,0,0,0,0,0,0,0,0,0,0,0,0,0,0,0,0,0,0,0,0,0,0
0,0,0,0,0,0,0,0,0,0,0,0,0,0,0,0,0,0,0,0,0,0,0,0,0,0,0,0.00040000001899898,0,0,-0.263332366943359
0,0,0,0,0,0,0,0,0,0,0,0,0,0,0,0,0,0,0,0,0,0,0,0,0,0,0,0,0,0,0
5,0,2,0,0,0,0,-0.062000036239624,0,0,0,0,0,0,0,0,0,0,0,0,0,0,0,0,0,0,0,0,-15,-0.0274648666381836,0.253332138061523
0,0,0,0,0,0,0,0,0,0,0,0,0,0,0,0,0,0,0,0,0,0,0,0,0,0,0,-0.00040000001899898,0,0,0
0,0,0,0,0,0,0,0,0,0,0,0,0,0,0,0,0,0,0,0,0,0,0,0,0,0,0,0,15,0,0
0,0,0,0,0,0,0,0,0,0,0,0,0,0,0,0,0,0,0,0,0,0,0,0,0,0,0,-0.00040000001899898,0,0,0
5,0,-4,0,0,0,0,-0.062000036239624,0,0,0,0,0,0,0,0,0,0,0,0,0,0,0,0,0,0,0,0,0,-0.0274648666381836,0.0799999237060547
0,0,0,0,0,0,0,0,0,0,0,0,0,0,0,0,0,0,0,0,0,0,0,0,0,0,0,-0.00040000001899898,0,0,0.183332443237305
-5,0,-2,0,0,0,0,0.062000036239624,0,0,0,0,0,0,0,0,0,0,0,0,0,0,0,0,0,0,0,0,15,0.0274648666381836,-0.0699996948242188
0,0,0,0,0,0,0,0,0,0,0,0,0,0,0,0,0,0,0,0,0,0,0,0,0,0,0,0,0,0,0
5,0,2,0,0,0,0,-0.062000036239624,0,0,0,0,0,0,0,0,0,0,0,0,0,0,0,0,0,0,0,-0.00040000001899898,-15,-0.0274648666381836,0.333332061767578
0,0,0,0,0,0,0,0,0,0,0,0,0,0,0,0,0,0,0,0,0,0,0,0,0,0,0,0,-15,0,0
-5,0,-2,0,0,0,0,0.062000036239624,0,0,0,0,0,0,0,0,0,0,0,0,0,0,0,0,0,0,0,0.00040000001899898,15,0.0274648666381836,0
0,0,0,0,0,0,0,0,0,0,0,0,0,0,0,0,0,0,0,0,0,0,0,0,0,0,0,0,0,0,0
0,0,0,0,0,0,0,0,0,0,0,0,0,0,0,0,0,0,0,0,0,0,0,0,0,0,0,0,0,0,0
0,0,0,0,0,0,0,0,0,0,0,0,0,0,0,0,0,0,0,0,0,0,0,0,0,0,0,0,0,0,0
0,0,0,0,0,0,0,0,0,0,0,0,0,0,0,0,0,0,0,0,0,0,0,0,0,0,0,0,0,0,0
0,0,0,0,0,0,0,0,0,0,0,0,0,0,0,0,0,0,0,0,0,0,0,0,0,0,0,0,15,0,0
0,0,0,0,0,0,0,0,0,0,0,0,0,0,0,0,0,0,0,0,0,0,0,0,0,0,0,0,0,0,0
0,0,0,0,0,0,0,0,0,0,0,0,0,0,0,0,0,0,0,0,0,0,0,0,0,0,0,0,0,0,0
0,0,0,0,0,0,0,0,0,0,0,0,0,0,0,0,0,0,0,0,0,0,0,0,0,0,0,0,0,0,0
5,0,2,0,0,0,0,-0.062000036239624,0,0,0,0,0,0,0,0,0,0,0,0,0,0,0,0,0,0,0,0,-15,-0.0274648666381836,0
0,0,-6,0,0,0,0,0,0,0,0,0,0,0,0,0,0,0,0,0,0,0,0,0,0,0,0,0.00040000001899898,0,0,-0.253332138061523
0,0,6,0,0,0,0,0,0,0,0,0,0,0,0,0,0,0,0,0,0,0,0,0,0,0,0,-0.00040000001899898,0,0,0.253332138061523
0,0,0,0,0,0,0,0,0,0,0,0,0,0,0,0,0,0,0,0,0,0,0,0,0,0,0,0,0,0,0
0,0,0,0,0,0,0,0,0,0,0,0,0,0,0,0,0,0,0,0,0,0,0,0,0,0,0,0,15,0,0
0,0,0,0,0,0,0,0,0,0,0,0,0,0,0,0,0,0,0,0,0,0,0,0,0,0,0,0,0,0,-0.0699996948242188
0,0,0,0,0,0,0,0,0,0,0,0,0,0,0,0,0,0,0,0,0,0,0,0,0,0,0,0,15,0,0
5,0,2,0,0,0,0,-0.062000036239624,0,0,0,0,0,0,0,0,0,0,0,0,0,0,0,0,0,0,0,-0.00040000001899898,-15,-0.0274648666381836,0
0,0,0,0,0,0,0,0,0,0,0,0,0,0,0,0,0,0,0,0,0,0,0,0,0,0,0,0,0,0,0
0,-1,-11,0,14,0,0,0,0.0103920102119446,0,0,2,0,0,-7,0,0,0,0,0,0,0,0,0,0,0,0,0.0111999998334795,46,0,0.143333435058594
0,0,0,0,0,0,0,0,0,0,0,0,0,0,0,0,0,0,0,0,0,0,0,0,0,0,0,0,0,0,0
0,0,0,0,0,0,0,0,0,0,0,0,0,0,0,0,0,0,0,0,0,0,0,0,0,0,0,0,0,0,0.0699996948242188
0,0,0,0,0,0,0,0,0,0,0,0,0,0,0,0,0,0,0,0,0,0,0,0,0,0,0,0,0,0,0
0,0,0,0,0,0,0,0,0,0,0,0,0,0,0,0,0,0,0,0,0,0,0,0,0,0,0,0,0,0,0
5,0,-4,0,0,0,0,-0.062000036239624,0,0,0,0,0,0,0,0,0,0,0,0,0,0,0,0,0,0,0,0,-15,-0.0274648666381836,0
0,0,-6,0,0,0,0,0,0,0,0,0,0,0,0,0,0,0,0,0,0,0,0,0,0,0,0,0,0,0,-0.253332138061523
0,0,0,0,0,0,0,0,0,0,0,0,0,0,0,0,0,0,0,0,0,0,0,0,0,0,0,0,-11,0,0
0,0,0,0,0,0,0,0,0,0,0,0,0,0,0,0,0,0,0,0,0,0,0,0,0,0,0,0,0,0,0
0,0,-24,-10,-7,0,0,0,0,0,0,8,2,0,0,0,0,0,0,0,0,0,0,0,0,0,0,0,0,0,0
-5,0,-2,0,0,0,0,0.062000036239624,0,0,0,0,0,0,0,0,0,0,0,0,0,0,0,0,0,0,0,0,15,0.0274648666381836,0
0,0,0,0,0,0,0,0,0,0,0,0,0,0,0,0,0,0,0,0,0,0,0,0,0,0,0,0,-15,0,0
0,0,0,0,0,0,0,0,0,0,0,0,0,0,0,0,0,0,0,0,0,0,0,0,0,0,0,0,0,0,0
0,0,-24,-10,-7,0,0,0,0,0,0,8,2,0,0,0,0,0,0,0,0,0,0,0,0,0,0,0,0,0,0.0283336639404297
0,0,0,0,0,0,0,0,0,0,0,0,0,0,0,0,0,0,0,0,0,0,0,0,0,0,0,0,0,0,-0.0283336639404297
0,0,0,0,0,0,0,0,0,0,0,0,0,0,0,0,0,0,0,0,0,0,0,0,0,0,0,0,0,0,0
0,0,0,0,0,0,0,0,0,0,0,0,0,0,0,0,0,0,0,0,0,0,0,0,0,0,0,0,11,0,0
0,0,0,0,0,0,0,0,0,0,0,0,0,0,0,0,0,0,0,0,0,0,0,0,0,0,0,0,0,0,0
0,0,0,0,0,0,0,0,0,0,0,0,0,0,0,0,0,0,0,0,0,0,0,0,0,0,0,0,0,0,0
0,0,0,0,0,0,0,0,0,0,0,0,0,0,0,0,0,0,0,0,0,0,0,0,0,0,0,0,0,0,-0.0699996948242188
0,0,0,0,0,0,0,0,0,0,0,0,0,0,0,0,0,0,0,0,0,0,0,0,0,0,0,0,-11,0,0
5,0,-4,0,0,0,0,-0.062000036239624,0,0,0,0,0,0,0,0,0,0,0,0,0,0,0,0,0,0,0,0,-15,-0.0274648666381836,0.0799999237060547
-95,-23,-34,-3,-11,0,-0.333582937717438,-0.113999962806702,-0.0393272042274475,0.182262673974037,0,28,10,-1.00999999046326,-7,-11.1099996566772,0,-1.98000001907349,0,5.16351318359375,-26.7832069396973,0,-0.178665958344936,-65.1320648193359,0,-1.41442060470581,-1883.18237304688,0.014799999888055,5,0.738264083862305,-1.38999938964844
0,0,0,0,0,0,0,0,0,0,0,0,0,0,0,0,0,0,0,0,0,0,0,0,0,0,0,0,0,0,0
0,0,-6,0,0,0,0,0,0,0,0,0,0,0,0,0,0,0,0,0,0,0,0,0,0,0,0,0,0,0,-0.253332138061523
0,0,0,0,0,0,0,0,0,0,0,0,0,0,0,0,0,0,0,0,0,0,0,0,0,0,0,0.00040000001899898,0,0,0
0,0,0,0,0,0,0,0,0,0,0,0,0,0,0,0,0,0,0,0,0,0,0,0,0,0,0,0,0,0,0
0,0,0,0,0,0,0,0,0,0,0,0,0,0,0,0,0,0,0,0,0,0,0,0,0,0,0,0,0,0,0.0283336639404297
0,0,-24,-10,-7,0,0,0,0,0,0,8,2,0,0,0,0,0,0,0,0,0,0,0,0,0,0,0,0,0,0
0,0,0,0,0,0,0,0,0,0,0,0,0,0,0,0,0,0,0,0,0,0,0,0,0,0,0,-0.00040000001899898,0,0,0
5,0,2,0,0,0,0,-0.062000036239624,0,0,0,0,0,0,0,0,0,0,0,0,0,0,0,0,0,0,0,0,-15,-0.0274648666381836,0.0699996948242188
0,0,-8,0,0,0,0,0,0,0,0,0,0,0,0,0,0,0,0,0,0,0,0,0,0,0,0,0,-7,0,0
5,0,2,0,0,0,0,-0.062000036239624,0,0,0,0,0,0,0,0,0,0,0,0,0,0,0,0,0,0,0,0,-15,-0.0274648666381836,0.333332061767578
0,0,-6,0,0,0,0,0,0,0,0,0,0,0,0,0,0,0,0,0,0,0,0,0,0,0,0,0,0,0,-0.253332138061523
0,0,6,0,0,0,0,0,0,0,0,0,0,0,0,0,0,0,0,0,0,0,0,0,0,0,0,0,0,0,0.253332138061523
0,0,0,0,0,0,0,0,0,0,0,0,0,0,0,0,0,0,0,0,0,0,0,0,0,0,0,0,15,0,0
0,0,0,0,0,0,0,0,0,0,0,0,0,0,0,0,0,0,0,0,0,0,0,0,0,0,0,0,-11,0,0
0,0,0,0,0,0,0,0,0,0,0,0,0,0,0,0,0,0,0,0,0,0,0,0,0,0,0,0,0,0,0.0799999237060547
0,0,0,0,0,0,0,0,0,0,0,0,0,0,0,0,0,0,0,0,0,0,0,0,0,0,0,0,0,0,0
0,0,0,0,0,0,0,0,0,0,0,0,0,0,0,0,0,0,0,0,0,0,0,0,0,0,0,0,0,0,0
0,0,0,0,0,0,0,0,0,0,0,0,0,0,0,0,0,0,0,0,0,0,0,0,0,0,0,0,0,0,0.333332061767578
-5,0,4,0,0,0,0,0.062000036239624,0,0,0,0,0,0,0,0,0,0,0,0,0,0,0,0,0,0,0,0,15,0.0274648666381836,0
0,0,0,0,0,0,0,0,0,0,0,0,0,0,0,0,0,0,0,0,0,0,0,0,0,0,0,0.00040000001899898,0,0,0
0,0,0,0,0,0,0,0,0,0,0,0,0,0,0,0,0,0,0,0,0,0,0,0,0,0,0,0,0,0,0
-5,0,-2,0,0,0,0,0.062000036239624,0,0,0,0,0,0,0,0,0,0,0,0,0,0,0,0,0,0,0,0,0,0.0274648666381836,-0.333332061767578
0,0,0,0,0,0,0,0,0,0,0,0,0,0,0,0,0,0,0,0,0,0,0,0,0,0,0,0,0,0,0
5,0,2,0,0,0,0,-0.062000036239624,0,0,0,0,0,0,0,0,0,0,0,0,0,0,0,0,0,0,0,0,-15,-0.0274648666381836,0
0,0,0,0,0,0,0,0,0,0,0,0,0,0,0,0,0,0,0,0,0,0,0,0,0,0,0,0,0,0,0
0,0,0,0,0,0,0,0,0,0,0,0,0,0,0,0,0,0,0,0,0,0,0,0,0,0,0,0,0,0,0
0,0,0,0,0,0,0,0,0,0,0,0,0,0,0,0,0,0,0,0,0,0,0,0,0,0,0,0,0,0,-0.263332366943359
0,0,0,0,0,0,0,0,0,0,0,0,0,0,0,0,0,0,0,0,0,0,0,0,0,0,0,0,0,0,0
-5,0,4,0,0,0,0,0.062000036239624,0,0,0,0,0,0,0,0,0,0,0,0,0,0,0,0,0,0,0,0,15,0.0274648666381836,0
0,0,0,0,0,0,0,0,0,0,0,0,0,0,0,0,0,0,0,0,0,0,0,0,0,0,0,0,0,0,0
0,0,0,0,0,0,0,0,0,0,0,0,0,0,0,0,0,0,0,0,0,0,0,0,0,0,0,0,0,0,0
0,0,0,0,0,0,0,0,0,0,0,0,0,0,0,0,0,0,0,0,0,0,0,0,0,0,0,0,11,0,0
5,0,2,0,0,0,0,-0.062000036239624,0,0,0,0,0,0,0,0,0,0,0,0,0,0,0,0,0,0,0,0,-15,-0.0274648666381836,0.0699996948242188
0,0,-6,0,0,0,0,0,0,0,0,0,0,0,0,0,0,0,0,0,0,0,0,0,0,0,0,0,0,0,-0.253332138061523
0,0,-6,0,0,0,0,0,0,0,0,0,0,0,0,0,0,0,0,0,0,0,0,0,0,0,0,0,0,0,0
0,0,0,0,0,0,0,0,0,0,0,0,0,0,0,0,0,0,0,0,0,0,0,0,0,0,0,0,0,0,0
-5,0,-2,0,0,0,0,0.062000036239624,0,0,0,0,0,0,0,0,0,0,0,0,0,0,0,0,0,0,0,0.00040000001899898,15,0.0274648666381836,0
0,0,0,0,0,0,0,0,0,0,0,0,0,0,0,0,0,0,0,0,0,0,0,0,0,0,0,0,0,0,0
0,0,0,0,0,0,0,0,0,0,0,0,0,0,0,0,0,0,0,0,0,0,0,0,0,0,0,0,11,0,0
0,0,0,0,0,0,0,0,0,0,0,0,0,0,0,0,0,0,0,0,0,0,0,0,0,0,0,0,0,0,0
0,0,16,10,7,0,0,0,0,0,0,-8,-2,0,0,0,0,0,0,0,0,0,0,0,0,0,0,0,-7,0,0
0,0,-6,0,0,0,0,0,0,0,0,0,0,0,0,0,0,0,0,0,0,0,0,0,0,0,0,0,0,0,-0.253332138061523
0,0,0,0,0,0,0,0,0,0,0,0,0,0,0,0,0,0,0,0,0,0,0,0,0,0,0,0,0,0,0
0,0,0,0,0,0,0,0,0,0,0,0,0,0,0,0,0,0,0,0,0,0,0,0,0,0,0,0,0,0,0.0699996948242188
0,0,0,0,0,0,0,0,0,0,0,0,0,0,0,0,0,0,0,0,0,0,0,0,0,0,0,0,0,0,0
0,0,0,0,0,0,0,0,0,0,0,0,0,0,0,0,0,0,0,0,0,0,0,0,0,0,0,0.00040000001899898,0,0,0
0,0,0,0,0,0,0,0,0,0,0,0,0,0,0,0,0,0,0,0,0,0,0,0,0,0,0,0,0,0,0
0,0,0,0,0,0,0,0,0,0,0,0,0,0,0,0,0,0,0,0,0,0,0,0,0,0,0,0,0,0,0
0,0,0,0,0,0,0,0,0,0,0,0,0,0,0,0,0,0,0,0,0,0,0,0,0,0,0,0,0,0,0
5,0,2,0,0,0,0,-0.062000036239624,0,0,0,0,0,0,0,0,0,0,0,0,0,0,0,0,0,0,0,0.00040000001899898,-15,-0.0274648666381836,0.0699996948242188
0,0,0,0,0,0,0,0,0,0,0,0,0,0,0,0,0,0,0,0,0,0,0,0,0,0,0,0,0,0,0
0,0,0,0,0,0,0,0,0,0,0,0,0,0,0,0,0,0,0,0,0,0,0,0,0,0,0,0,0,0,0
0,0,0,0,0,0,0,0,0,0,0,0,0,0,0,0,0,0,0,0,0,0,0,0,0,0,0,0,0,0,0
0,0,0,0,0,0,0,0,0,0,0,0,0,0,0,0,0,0,0,0,0,0,0,0,0,0,0,0,0,0,0
0,0,6,0,0,0,0,0,0,0,0,0,0,0,0,0,0,0,0,0,0,0,0,0,0,0,0,0,0,0,0.253332138061523
0,0,6,0,0,0,0,0,0,0,0,0,0,0,0,0,0,0,0,0,0,0,0,0,0,0,0,0,0,0,0
0,0,0,0,0,0,0,0,0,0,0,0,0,0,0,0,0,0,0,0,0,0,0,0,0,0,0,0,0,0,0
0,0,0,0,0,0,0,0,0,0,0,0,0,0,0,0,0,0,0,0,0,0,0,0,0,0,0,0,0,0,0
0,0,0,0,0,0,0,0,0,0,0,0,0,0,0,0,0,0,0,0,0,0,0,0,0,0,0,0,0,0,0
0,0,0,0,0,0,0,0,0,0,0,0,0,0,0,0,0,0,0,0,0,0,0,0,0,0,0,0,0,0,0
0,0,0,0,0,0,0,0,0,0,0,0,0,0,0,0,0,0,0,0,0,0,0,0,0,0,0,0,0,0,0.333332061767578
-5,0,-2,0,0,0,0,0.062000036239624,0,0,0,0,0,0,0,0,0,0,0,0,0,0,0,0,0,0,0,0,15,0.0274648666381836,-0.0699996948242188
0,0,0,0,0,0,0,0,0,0,0,0,0,0,0,0,0,0,0,0,0,0,0,0,0,0,0,0,0,0,0.253332138061523
0,0,0,0,0,0,0,0,0,0,0,0,0,0,0,0,0,0,0,0,0,0,0,0,0,0,0,0,0,0,0
0,0,0,0,0,0,0,0,0,0,0,0,0,0,0,0,0,0,0,0,0,0,0,0,0,0,0,0,0,-0.00706195831298828,0
0,-7,4,-2,24,0,-0.0384158790111542,0.101000010967255,-0.0176324844360352,0,0,8,-10,0,-7,0,0,-1.04999995231628,0,0,0,0,-0.00137403607368469,0,0,0,-237.392456054688,0,-74,0.051243782043457,0
0,0,0,0,0,0,0,0,0,0,0,0,0,0,0,0,0,0,0,0,0,0,0,0,0,0,0,0,0,0,0
0,0,0,0,0,0,0,0,0,0,0,0,0,0,0,0,0,0,0,0,0,0,0,0,0,0,0,0,0,0,0
0,0,0,0,0,0,0,0,0,0,0,0,0,0,0,0,0,0,0,0,0,0,0,0,0,0,0,0,0,0,0
0,0,0,0,0,0,0,0,0,0,0,0,0,0,0,0,0,0,0,0,0,0,0,0,0,0,0,0,0,0,0
0,0,0,0,0,0,0,0,0,0,0,0,0,0,0,0,0,0,0,0,0,0,0,0,0,0,0,0.00040000001899898,0,0,-0.253332138061523
0,0,0,0,0,0,0,0,0,0,0,0,0,0,0,0,0,0,0,0,0,0,0,0,0,0,0,0,-14,0,0.186666488647461
0,0,0,0,0,0,0,0,0,0,0,0,0,0,0,0,0,0,0,0,0,0,0,0,0,0,0,0,0,0,0
-5,0,4,0,0,0,0,0.062000036239624,0,0,0,0,0,0,0,0,0,0,0,0,0,0,0,0,0,0,0,-0.00040000001899898,15,0.0274648666381836,0.183332443237305
0,0,0,0,0,0,0,0,0,0,0,0,0,0,0,0,0,0,0,0,0,0,0,0,0,0,0,0,0,0,0
0,0,0,0,0,0,0,0,0,0,0,0,0,0,0,0,0,0,0,0,0,0,0,0,0,0,0,0,0,0,0
0,0,0,0,0,0,0,0,0,0,0,0,0,0,0,0,0,0,0,0,0,0,0,0,0,0,0,0,0,0,0
0,0,16,10,7,0,0,0,0,0,0,-8,-2,0,0,0,0,0,0,0,0,0,0,0,0,0,0,0,-7,0,0
0,0,0,0,0,0,0,0,0,0,0,0,0,0,0,0,0,0,0,0,0,0,0,0,0,0,0,0,-14,0,0
0,0,0,0,0,0,0,0,0,0,0,0,0,0,0,0,0,0,0,0,0,0,0,0,0,0,0,0,14,0,-0.186666488647461
0,0,0,0,0,0,0,0,0,0,0,0,0,0,0,0,0,0,0,0,0,0,0,0,0,0,0,0,0,0,0
0,0,0,0,0,0,0,0,0,0,0,0,0,0,0,0,0,0,0,0,0,0,0,0,0,0,0,0,0,0,0
0,0,0,0,0,0,0,0,0,0,0,0,0,0,0,0,0,0,0,0,0,0,0,0,0,0,0,0,0,0,0
0,0,0,0,0,0,0,0,0,0,0,0,0,0,0,0,0,0,0,0,0,0,0,0,0,0,0,0,0,0,0
0,0,16,10,7,0,0,0,0,0,0,-8,-2,0,0,0,0,0,0,0,0,0,0,0,0,0,0,0,-14,0,0.251667022705078
0,0,8,0,0,0,0,0,0,0,0,0,0,0,0,0,0,0,0,0,0,0,0,0,0,0,0,0,7,0,0
0,0,-14,-10,-3,0,0,0,0,0,0,8,0,0,0,0,0,0,0,0,0,0,0,0,0,0,0,0,0,0,0
5,0,2,0,0,0,0,-0.062000036239624,0,0,0,0,0,0,0,0,0,0,0,0,0,0,0,0,0,0,0,0,-15,-0.0274648666381836,0.0699996948242188
0,0,0,0,0,0,0,0,0,0,0,0,0,0,0,0,0,0,0,0,0,0,0,0,0,0,0,0,0,0,-0.186666488647461
5,0,2,0,0,0,0,-0.062000036239624,0,0,0,0,0,0,0,0,0,0,0,0,0,0,0,0,0,0,0,0,-15,-0.0274648666381836,0.333332061767578
0,0,0,0,0,0,0,0,0,0,0,0,0,0,0,0,0,0,0,0,0,0,0,0,0,0,0,0,0,0,0.263332366943359
0,-1,3,1,7,0,0,0,0,0,0,-5,2,0,2,0,0,0,0,0,0,0,0,0,0,0,0,0,-28,0,-0.0933341979980469
-5,0,-2,0,0,0,0,0.062000036239624,0,0,0,0,0,0,0,0,0,0,0,0,0,0,0,0,0,0,0,0,15,0.0274648666381836,0.253332138061523
0,0,-6,0,0,0,0,0,0,0,0,0,0,0,0,0,0,0,0,0,0,0,0,0,0,0,0,0,0,0,-0.253332138061523
0,0,0,0,0,0,0,0,0,0,0,0,0,0,0,0,0,0,0,0,0,0,0,0,0,0,0,0,0,0,0
0,1,-3,-1,-7,0,0,0,0,0,0,5,-2,0,-2,0,0,0,0,0,0,0,0,0,0,0,0,0,0,0,0.0933341979980469
0,0,0,0,0,0,0,0,0,0,0,0,0,0,0,0,0,0,0,0,0,0,0,0,0,0,0,0,0,0,0
0,0,0,0,0,0,0,0,0,0,0,0,0,0,0,0,0,0,0,0,0,0,0,0,0,0,0,0,0,0,-0.263332366943359
0,0,-6,0,0,0,0,0,0,0,0,0,0,0,0,0,0,0,0,0,0,0,0,0,0,0,0,0.00040000001899898,0,0,-0.253332138061523
0,0,7,0,0,0,0,0,0,0,0,27,0,0,-7,0,0,0,0,0,0,0,0,0,0,0,0,0,0,0,0
0,0,0,0,0,0,0,0,0,0,0,0,0,0,0,0,0,0,0,0,0,0,0,0,0,0,0,0,0,0,0.0933341979980469
0,-1,3,1,7,0,0,0,0,0,0,-5,2,0,2,0,0,0,0,0,0,0,0,0,0,0,0,0,0,0,0
0,0,0,0,0,0,0,0,0,0,0,0,0,0,0,0,0,0,0,0,0,0,0,0,0,0,0,0,0,0,0
0,0,0,0,0,0,0,0,0,0,0,0,0,0,0,0,0,0,0,0,0,0,0,0,0,0,0,0,0,0,0
0,0,0,0,0,0,0,0,0,0,0,0,0,0,0,0,0,0,0,0,0,0,0,0,0,0,0,0,0,0,0
0,0,0,0,0,0,0,0,0,0,0,0,0,0,0,0,0,0,0,0,0,0,0,0,0,0,0,0,0,0,0
0,0,-27,0,0,0,0,0,0,0,0,0,0,0,0,0,0,0,0,0,0,0,0,0,0,0,0,0,0,0,-0.0583324432373047
5,0,-4,0,0,0,0,-0.062000036239624,0,0,0,0,0,0,0,0,0,0,0,0,0,0,0,0,0,0,0,0,-15,-0.0274648666381836,0
0,0,0,0,0,0,0,0,0,0,0,0,0,0,0,0,0,0,0,0,0,0,0,0,0,0,0,0,0,0,0
-136,-72,15,0,7,0,-0.462300717830658,0.0530000329017639,-0.0479304194450378,NA,0,56,10,-2.54999995231628,0,-1.70000004768372,0,-2.54999995231628,0,32.2658233642578,6.95262861251831,-23.571561217308,-0.108532831072807,6.04518890380859,0,0,215.548965454102,0.00269999983720481,48,0.674352645874023,-0.76500129699707
0,0,3,0,0,0,0,0,0,0,0,-27,0,0,7,0,0,0,0,0,0,0,0,0,0,0,0,0,0,0,-0.0916671752929688
-65,6,12,0,-38,0,-0.17892724275589,0.00300002098083496,-0.0789694786071777,-0.0111109614372253,0,1,-5,0,13,0,-1.49000000953674,-1.8400000333786,0,51.5073947906494,-1.27981567382812,3.63816452026367,-0.524059593677521,-86.6473159790039,0,250.198112487793,-218.886165618896,-0.0143999997526407,-21,0.326087474822998,0.190000534057617
-5,0,-2,0,0,0,0,0.062000036239624,0,0,0,0,0,0,0,0,0,0,0,0,0,0,0,0,0,0,0,0.00040000001899898,15,0.0274648666381836,-0.0699996948242188
0,0,0,0,0,0,0,0,0,0,0,0,0,0,0,0,0,0,0,0,0,0,0,0,0,0,0,0,0,0,0
0,0,0,0,0,0,0,0,0,0,0,0,0,0,0,0,0,0,0,0,0,0,0,0,0,0,0,0,-11,0,0
0,0,0,0,0,0,0,0,0,0,0,0,0,0,0,0,0,0,0,0,0,0,0,0,0,0,0,0,0,0,0
0,0,0,0,0,0,0,0,0,0,0,0,0,0,0,0,0,0,0,0,0,0,0,0,0,0,0,0.00040000001899898,0,0,-0.333332061767578
0,0,0,0,0,0,0,0,0,0,0,0,0,0,0,0,0,0,0,0,0,0,0,0,0,0,0,0,0,0,0
0,0,0,0,0,0,0,0,0,0,0,0,0,0,0,0,0,0,0,0,0,0,0,0,0,0,0,0,0,0,0
0,0,0,0,0,0,0,0,0,0,0,0,0,0,0,0,0,0,0,0,0,0,0,0,0,0,0,0,0,0,0
0,0,0,0,0,0,0,0,0,0,0,0,0,0,0,0,0,0,0,0,0,0,0,0,0,0,0,0,0,0,0
-5,0,4,0,0,0,0,0.062000036239624,0,0,0,0,0,0,0,0,0,0,0,0,0,0,0,0,0,0,0,0,15,0.0274648666381836,0.183332443237305
0,0,0,0,0,0,0,0,0,0,0,0,0,0,0,0,0,0,0,0,0,0,0,0,0,0,0,0,0,0,0
0,0,0,0,0,0,0,0,0,0,0,0,0,0,0,0,0,0,0,0,0,0,0,0,0,0,0,0,0,0,0
0,0,0,0,0,0,0,0,0,0,0,0,0,0,0,0,0,0,0,0,0,0,0,0,0,0,0,0,0,0,0
21,11,-3,9,-22,0,0.228576451539993,-0.0370000004768372,0.0479137301445007,-0.0740218162536621,0,-42,23,0,20,0,1.00999999046326,6.07999992370605,0,-7.64734649658203,-13.1777486801147,-0.0775484591722488,-0.0526729188859463,-121.706159591675,0,8.2268648147583,937.797286987305,-0.0689000033598859,-62,-0.228856563568115,0.443334579467773
0,0,-6,0,0,0,0,0,0,0,0,0,0,0,0,0,0,0,0,0,0,0,0,0,0,0,0,0,0,0,0
-93,-70,-12,0,25,15,-0.673458695411682,-0.176000028848648,-0.0180622935295105,0.233521074056625,0,1,20,-2.54999995231628,9,-1.70000004768372,0,-2.54999995231628,0,7.13359594345093,9.40512180328369,-21.7025046348572,0.311200335621834,43.7530364990234,0,1.29526960849762,257.251770019531,0.0261999994982034,57,0.466895580291748,-1.05499839782715
-8,-30,48,0,15,-15,-0.0936525464057922,0.0290000140666962,-0.0229426622390747,-0.0391654670238495,0,59,-20,0,-9,0,0,0,0,118.639879703522,71.4479894638062,5.64613008499146,1.01973617076874,-28.8894290924072,0,161.257876753807,-183.097961425781,0.00129999965429306,-72,-0.130533695220947,-0.0483341217041016
0,0,0,0,0,0,0,0,0,0,0,0,0,0,0,0,0,0,0,0,0,0,0,0,0,0,0,0,0,0,0.0249996185302734
0,0,0,0,0,0,0,0,0,0,0,0,0,0,0,0,0,0,0,0,0,0,0,0,0,0,0,0,0,0,-0.248332977294922
0,0,0,0,0,0,0,0,0,0,0,0,0,0,0,0,0,0,0,0,0,0,0,0,0,0,0,0,0,0,0
0,0,0,0,0,0,0,0,0,0,0,0,0,0,0,0,0,0,0,0,0,0,0,0,0,0,0,0,0,0,0
0,-2,4,-4,0,0,0,0,0,0,0,5,0,0,1,0,0,0,0,0,0,0,0,0,0,0,0,0,0,0,-0.263334274291992
0,0,0,0,0,0,0,0,0,NA,0,0,0,0,0,0,0,0,0,0,0,0,0,0,0,0,0,0,0,0,0
0,0,0,0,0,0,0,0,0,0,0,0,0,0,0,0,0,0,0,0,0,0,0,0,0,0,0,0,0,0,0
0,0,0,0,0,0,0,0,0,NA,0,0,0,0,0,0,0,0,0,0,0,0,0,0,0,0,0,0,0,0,0
0,-15,2,0,-7,0,0,0,0,NA,0,31,-10,0,0,0,0,0,0,0,0,0,0,0,0,0,0,0,0,0,-0.176666259765625
0,0,0,0,0,0,0,0,0,0,0,0,0,0,0,0,0,0,0,0,0,0,0,0,0,0,0,0.0240000005578622,0,0,0.00500106811523438
0,0,0,0,0,0,0,0,0,0,0,0,0,0,0,0,0,0,0,0,0,0,0,0,0,0,0,0,0,0,0
0,0,0,0,0,0,0,0,0,0,0,0,0,0,0,0,0,0,0,0,0,0,0,0,0,0,0,0,0,0,0
0,0,0,0,0,0,0,0,0,0,0,0,0,0,0,0,0,0,0,0,0,0,0,0,0,0,0,0,29,0,0
0,0,0,0,0,0,0,0,0,0,0,0,0,0,0,0,0,0,0,0,0,0,0,0,0,0,0,0,0,0,0
0,0,-1,0,-3,0,0,0,0,0,0,0,0,0,-2,0,0,0,0,0,0,0,0,0,0,0,0,0,0,0,0
0,-24,-13,0,-5,18,0,0,0.0287854075431824,0,0,-3,0,0,-11,0,0,0,0,-68.287239074707,-23.9744281768799,9.12220907211304,0,-68.1744947433472,0,-325.523651123047,-17.1302070617676,0,0,0,0
0,0,0,0,0,0,0,0,0,0,0,0,0,0,0,0,0,0,0,0,0,0,0,0,0,0,0,0,-56,0,0
0,0,0,0,0,0,0,0,0,0,0,0,0,0,0,0,0,0,0,0,0,0,0,0,0,0,0,0,0,0,0
0,0,0,0,0,0,0,0,0,0,0,0,0,0,0,0,0,0,0,0,0,0,0,0,0,0,0,0,-62,0,0
0,0,0,0,0,0,0,0,0,NA,0,0,0,0,0,0,0,0,0,0,0,0,0,0,0,0,0,0,0,0,0
0,0,0,0,0,0,0,0,0,0,0,0,0,0,0,0,0,0,0,0,0,0,0,0,0,0,0,0,0,0,0
0,-38,-14,0,-5,0,0,0,0.0287854075431824,-0.0122740268707275,0,-3,0,0,-12,0,0,0,0,0,0,9.12220907211304,0,0,0,0,-17.1302070617676,0,0,0,0.114999771118164
0,0,0,0,0,0,0,0,0,0,0,0,0,0,0,0,0,0,0,0,0,0,0,0,0,0,0,0,-14,0,0.223333358764648
0,0,0,0,0,0,0,0,0,0,0,0,0,0,0,0,0,0,0,0,0,0,0,0,0,0,0,0,0,0,-0.0333347320556641
0,0,0,0,0,0,0,0,0,0,0,0,0,0,0,0,0,0,0,0,0,0,0,0,0,0,0,0,0,0,0
0,0,-1,0,-3,0,0,0,0,0,0,0,0,0,-2,0,0,0,0,0,0,0,0,0,0,0,0,0,0,0,0
0,0,-16,0,0,0,0,0,0,0,0,0,0,0,0,0,0,0,0,0,0,0,0,0,0,0,0,0,0,0,0
0,0,0,0,0,0,0,0,0,0,0,0,0,0,0,0,0,0,0,0,0,0,0,0,0,0,0,-0.0240000005578622,0,0,0
0,0,-1,0,-3,0,0,0,0,-0.0122740268707275,0,0,0,0,-2,0,0,0,0,0,0,0,0,0,0,0,0,0,-56,0,-0.0333328247070312
0,0,0,0,0,0,0,0,0,0,0,0,0,0,0,0,0,0,0,0,0,0,0,0,0,0,0,0,0,0,-0.0333347320556641
0,0,0,0,0,0,0,0,0,0,0,0,0,0,0,0,0,0,0,0,0,0,0,0,0,0,0,0,5,0,0
0,0,0,0,0,0,0,0,0,0,0,0,0,0,0,0,0,0,0,0,0,0,0,0,0,0,0,0,0,0,0
0,0,0,0,0,0,0,0,0,0,0,0,0,0,0,0,0,0,0,0,0,0,0,0,0,0,0,0,0,0,0
0,-14,-4,3,16,5,0,0,0,0,0,0,-3,0,-6,0,0,0,0,0,0,0,0,0,0,0,0,0,62,0,0.215000152587891
0,0,0,0,0,0,0,0,0,NA,0,0,0,0,0,0,0,0,0,0,0,0,0,0,0,0,0,0,0,0,0
-46,-11,36,0,-30,6,-0.449065819382668,-0.197999984025955,-0.258079707622528,-0.0549847483634949,0,52,-5,0,-9,0,-0.409999966621399,-2.98000001907349,0,16.8942241668701,-5.11235809326172,-1.54310846328735,-0.524059593677521,-134.886383056641,0,-75.3255386352539,-193.725933074951,0.0372000019997358,-6,2.71570873260498,0.263334274291992
0,0,0,0,0,0,0,0,0,NA,0,0,0,0,0,0,0,0,0,0,0,0,0,0,0,0,0,0,0,0,0
0,0,0,0,0,0,0,0,0,0,0,0,0,0,0,0,0,0,0,0,0,0,0,0,0,0,0,0,-57,0,0
0,2,1,-5,-12,-1,0,0,0,0,5,0,2,0,10,0,0,0,0,0,0,0,0,0,0,0,0,0,-17,0,0
0,0,0,0,0,0,0,0,0,0,0,0,0,0,0,0,0,0,0,0,0,0,0,0,0,0,0,0,0,0,0
0,0,0,0,0,0,0,0,0,0,0,0,0,0,0,0,0,0,0,0,0,0,0,0,0,0,0,0,0,0,0
0,0,0,0,0,0,0,0,0,0,0,0,0,0,0,0,0,0,0,0,0,0,0,0,0,0,0,0,0,0,-0.181665420532227
-14,32,-24,-10,9,0,0.215442210435867,-0.00200003385543823,0.000446975231170654,0.0717608630657196,0,-51,5,0,9,0,1.49000000953674,1.9099999666214,0,4.8502254486084,18.5991730690002,-0.0394049882888794,0.240262418985367,54.5374603271484,-7.89622354507446,33.3834648132324,-2.58558654785156,0.00519999954849482,14,0.243852138519287,-0.386667251586914
0,0,0,0,0,0,0,0,0,0,0,0,0,0,0,0,0,0,0,0,0,0,0,0,0,0,0,0,0,0,0.215000152587891
0,0,0,0,0,0,0,0,0,0,0,0,0,0,0,0,0,0,0,0,0,0,0,0,0,0,0,0,0,0,-0.248332977294922
0,38,14,0,5,0,0,0,-0.0287854075431824,0,0,3,0,0,12,0,0,0,0,0,0,-9.12220907211304,0,0,0,0,17.1302070617676,0,0,0,0
0,0,0,0,0,0,0,0,0,NA,0,0,0,0,0,0,0,0,0,0,0,0,0,0,0,0,0,0,0,0,0
0,0,-24,-10,-7,0,0,0,0,0,0,8,2,0,0,0,0,0,0,0,0,0,0,0,0,0,0,0,0,0,-0.0283336639404297
0,0,0,0,0,0,0,0,0,0,0,0,0,0,0,0,0,0,0,0,0,0,0,0,0,0,0,0,0,0,0
0,0,0,0,0,0,0,0,0,0,0,0,0,0,0,0,0,0,0,0,0,0,0,0,0,0,0,0,0,0,0
0,0,0,0,0,0,0,0,0,0,0,0,0,0,0,0,0,0,0,0,0,0,0,0,0,0,0,0,0,0,0
0,0,0,0,0,0,0,0,0,0,0,0,0,0,0,0,0,0,0,0,0,0,0,0,0,0,0,0,0,0,0.248332977294922
0,0,0,0,0,0,0,0,0,NA,0,0,0,0,0,0,0,0,0,0,0,0,0,0,0,0,0,0,0,0,0
0,0,-14,0,0,0,0,0,0.0287854075431824,0,0,0,0,0,0,0,0,0,0,0,0,0,0,0,0,0,0,0,0,0,0
0,0,0,0,0,0,0,0,0,NA,0,0,0,0,0,0,0,0,0,0,0,0,0,0,0,0,0,0,-48,0,0
0,0,0,0,0,0,0,0,0,-0.0122740268707275,0,0,0,0,0,0,0,0,0,0,0,0,0,0,0,0,0,0,0,0,0.114999771118164
0,0,0,0,0,0,0,0,0,0,0,0,0,0,0,0,0,0,0,0,0,0,0,0,0,0,0,0,0,0,-0.0283336639404297
0,-2,0,0,21,-15,0,0,0,0,0,25,-20,0,-9,0,0,0,0,0,0,0,0,0,0,0,0,0,-28,0,0.0816650390625
0,11,11,0,0,0,0,0,0.00326961278915405,0,0,-2,-5,0,2,0,0,0,0,0,0,0,0,0,0,0,0,0,0,0,0
0,0,-6,0,0,0,0,0,0,0,0,0,0,0,0,0,0,0,0,0,0,0,0,0,0,0,0,0,0,0,-0.253332138061523
0,0,0,0,0,0,0,0,0,0,0,0,0,0,0,0,0,0,0,0,0,0,0,0,0,0,0,0,0,0,0
0,0,0,0,0,0,0,0,0,0,0,0,0,0,0,0,0,0,0,0,0,0,0,0,0,0,0,0,-46,0,0
0,0,1,0,3,0,0,0,0,0.0122740268707275,0,0,0,0,2,0,0,0,0,0,0,0,0,0,0,0,0,0,0,0,-0.114999771118164
0,-20,-1,0,-12,17,0,0,0,0,0,-6,20,0,0,0,0,0,0,0,0,0,0,0,0,0,0,0.0455999970436096,-29,0,-0.118331909179688
0,0,0,0,0,0,0,0,0,0,0,0,0,0,0,0,0,0,0,0,0,0,0,0,0,0,0,0,0,0,0
0,-11,-11,0,0,0,0,0,-0.00326961278915405,0,0,2,5,0,-2,0,0,0,0,0,0,0,0,0,0,0,0,0,0,0,0
0,14,4,-3,-16,-5,0,0,0,0,0,0,3,0,6,0,0,0,0,0,0,0,0,0,0,0,0,0,-62,0,0
0,0,0,0,0,0,0,0,0,0,0,0,0,0,0,0,0,0,0,0,0,0,0,0,0,0,0,0,0,0,0
0,0,0,0,0,0,0,0,0,0,0,0,0,0,0,0,0,0,0,0,0,0,0,0,0,0,0,0,0,0,0
0,0,0,0,0,0,0,0,0,0,0,0,0,0,0,0,0,0,0,0,0,0,0,0,0,0,0,0,0,0,0
5,0,-4,0,0,0,0,-0.062000036239624,0,0,0,0,0,0,0,0,0,0,0,0,0,0,0,0,0,0,0,0,-15,-0.0274648666381836,0.0799999237060547
0,0,0,0,0,0,0,0,0,0,0,0,0,0,0,0,0,0,0,0,0,0,0,0,0,0,0,0,0,0,0.215000152587891
0,0,0,0,0,0,0,0,0,0,0,0,0,0,0,0,0,0,0,0,0,0,0,0,0,0,0,0.00040000001899898,0,0,0
0,0,0,0,0,0,0,0,0,0,0,0,0,0,0,0,0,0,0,0,0,0,0,0,0,0,0,0,0,0,0
0,-10,-10,1,-4,-4,0,0,-0.0796467661857605,0,-5,0,-18,0,-3,0,0,0,0,0,0,0,0,0,0,0,0,0,52,0,0
0,0,27,0,0,0,0,0,0,0,0,0,0,0,0,0,0,0,0,0,0,0,0,0,0,0,0,0,0,0,0.0583324432373047
0,0,0,0,0,0,0,0,0,0,0,0,0,0,0,0,0,0,0,0,0,0,0,0,0,0,0,0,5,0,0
0,38,14,0,5,0,0,0,-0.0287854075431824,0,0,3,0,0,12,0,0,0,0,0,0,-9.12220907211304,0,0,0,0,17.1302070617676,0,0,0,0
0,0,0,0,0,0,0,0,0,0,0,0,0,0,0,0,0,0,0,0,0,0,0,0,0,0,0,0,0,0,0
0,0,0,0,0,0,0,0,0,0,0,0,0,0,0,0,0,0,0,0,0,0,0,0,0,0,0,0,-66,0,0
0,0,0,0,0,0,0,0,0,0,0,0,0,0,0,0,0,0,0,0,0,0,0,0,0,0,0,0,0,0,0
0,0,0,0,0,0,0,0,0,0,0,0,0,0,0,0,0,0,0,0,0,0,0,0,0,0,0,0,0,0,0
0,0,0,0,0,0,0,0,0,0,0,0,0,0,0,0,0,0,0,0,0,0,0,0,0,0,0,0,0,0,0
0,0,0,0,0,0,0,0,0,0.0122740268707275,0,0,0,0,0,0,0,0,0,0,0,0,0,0,0,0,0,0,0,0,-0.114999771118164
0,0,0,0,0,0,0,0,0,0,0,0,0,0,0,0,0,0,0,0,0,0,0,0,0,0,0,0,0,0,0.0283336639404297
0,0,0,0,0,0,0,0,0,0,0,0,0,0,0,0,0,0,0,0,0,0,0,0,0,0,0,0,0,0,0
0,0,0,0,0,0,0,0,0,0,0,0,0,0,0,0,0,0,0,0,0,0,0,0,0,0,0,0,0,0,0
0,-12,-3,-2,4,4,0,0,0,0,5,0,-1,0,4,0,0,0,0,0,0,0,0,0,0,0,0,0,0,0,-0.181665420532227
0,0,0,0,0,0,0,0,0,0,0,0,0,0,0,0,0,0,0,0,0,0,0,0,0,0,0,0,0,0,0
0,0,0,0,0,0,0,0,0,0,0,0,0,0,0,0,0,0,0,0,0,0,0,0,0,0,0,0,0,0,0
0,0,0,0,0,0,0,0,0,0,0,0,0,0,0,0,0,0,0,0,0,0,0,0,0,0,0,0,0,0,0
0,0,0,0,0,0,0,0,0,0,0,0,0,0,0,0,0,0,0,0,0,0,0,0,0,0,0,0,-14,0,0
0,0,0,0,0,0,0,0,0,0,0,0,0,0,0,0,0,0,0,0,0,0,0,0,0,0,0,0,0,0,0
-35,-32,-1,0,-46,21,-0.217920690774918,-0.0489999651908875,-0.0112776160240173,0.0285546481609344,0,77,-5,0,-9,0,-1.49000000953674,-1.62000000476837,0,7.00960159301758,-0.83256721496582,-0.848757743835449,-0.395435690879822,-23.6327667236328,0,-0.6187744140625,152.367416381836,0.0182999987155199,33,0.0968179702758789,0.258333206176758
0,0,0,0,0,0,0,0,0,0,0,0,0,0,0,0,0,0,0,0,0,0,0,0,0,0,0,0,0,0,0
0,0,0,0,0,0,0,0,0,0,0,0,0,0,0,0,0,0,0,0,0,0,0,0,0,0,0,0,0,0,0
0,0,0,0,0,0,0,0,0,0,0,0,0,0,0,0,0,0,0,0,0,0,0,0,0,0,0,0,0,0,0
0,0,0,0,0,0,0,0,0,0,0,0,0,0,0,0,0,0,0,0,0,0,0,0,0,0,0,0,0,0,0
0,0,0,0,0,0,0,0,0,0,0,0,0,0,0,0,0,0,0,0,0,0,0,0,0,0,0,0,0,0,0
0,0,0,0,0,0,0,0,0,0,0,0,0,0,0,0,0,0,0,0,0,0,0,0,0,0,0,0,0,0,-0.215000152587891
0,0,0,0,0,0,0,0,0,0,0,0,0,0,0,0,0,0,0,0,0,0,0,0,0,0,0,0,0,0,0
0,0,0,0,0,0,0,0,0,0,0,0,0,0,0,0,0,0,0,0,0,0,0,0,0,0,0,0,0,0,0
0,0,0,0,0,0,0,0,0,0,0,0,0,0,0,0,0,0,0,0,0,0,0,0,0,0,0,0.00319999968633056,0,0,0
0,0,0,0,0,0,0,0,0,0,0,0,0,0,0,0,0,0,0,0,0,0,0,0,0,0,0,0,0,0,0
0,0,0,0,0,0,0,0,0,0,0,0,0,0,0,0,0,0,0,0,0,0,0,0,0,0,0,0,0,0,-0.0799999237060547
0,0,0,0,0,0,0,0,0,0,0,0,0,0,0,0,0,0,0,0,0,0,0,0,0,0,0,-0.00040000001899898,0,0,0.253332138061523
0,0,0,0,0,0,0,0,0,0,0,0,0,0,0,0,0,0,0,0,0,0,0,0,0,0,0,0,0,0,0
0,0,0,0,0,0,0,0,0,0,0,0,0,0,0,0,0,0,0,0,0,0,0,0,0,0,0,0.00319999968633056,4,0,0
0,0,0,0,0,0,0,0,0,0,0,0,0,0,0,0,0,0,0,0,0,0,0,0,0,0,0,0,-15,0,0
0,12,3,2,-4,-4,0,0,0,0,-5,0,1,0,-4,0,0,0,0,0,0,0,0,0,0,0,0,0,-45,0,-0.110000610351562
0,0,6,0,0,0,0,0,0,0,0,0,0,0,0,0,0,0,0,0,0,0,0,0,0,0,0,0,0,0,0.253332138061523
0,-12,-3,-2,4,4,0,0,0,0,5,0,-1,0,4,0,0,0,0,0,0,0,0,0,0,0,0,0,45,0,-0.181665420532227
0,0,0,0,0,0,0,0,0,0,0,0,0,0,0,0,0,0,0,0,0,0,0,0,0,0,0,0,0,0,0
0,0,0,0,0,0,0,0,0,0,0,0,0,0,0,0,0,0,0,0,0,0,0,0,0,0,0,0,0,0,-0.263332366943359
0,0,0,0,0,0,0,0,0,0,0,0,0,0,0,0,0,0,0,0,0,0,0,0,0,0,0,0,0,0,0
-5,0,4,0,0,0,0,0.062000036239624,0,0,0,0,0,0,0,0,0,0,0,0,0,0,0,0,0,0,0,0,15,0.0274648666381836,-0.0799999237060547
0,0,0,0,0,0,0,0,0,0,0,0,0,0,0,0,0,0,0,0,0,0,0,0,0,0,0,0,0,0,0
-5,0,-2,0,0,0,0,0.062000036239624,0,0,0,0,0,0,0,0,0,0,0,0,0,0,0,0,0,0,0,0,0,0.0274648666381836,-0.253332138061523
0,0,0,0,0,0,0,0,0,0,0,0,0,0,0,0,0,0,0,0,0,0,0,0,0,0,0,0.00040000001899898,-15,0,-0.253332138061523
0,0,0,0,0,0,0,0,0,0,0,0,0,0,0,0,0,0,0,0,0,0,0,0,0,0,0,0,0,0,0
0,0,0,0,0,0,0,0,0,0,0,0,0,0,0,0,0,0,0,0,0,0,0,0,0,0,0,0,0,0,0
0,0,0,0,0,0,0,0,0,0,0,0,0,0,0,0,0,0,0,0,0,0,0,0,0,0,0,0.00040000001899898,0,0,0
0,0,0,0,0,0,0,0,0,0,0,0,0,0,0,0,0,0,0,0,0,0,0,0,0,0,0,0,0,0,0
0,0,0,0,0,0,0,0,0,0,0,0,0,0,0,0,0,0,0,0,0,0,0,0,0,0,0,0,0,0,0
0,0,0,0,0,0,0,0,0,0,0,0,0,0,0,0,0,0,0,0,0,0,0,0,0,0,0,0,0,0,-0.181665420532227
0,0,0,0,0,0,0,0,0,0,0,0,0,0,0,0,0,0,0,0,0,0,0,0,0,0,0,0,-97,0,0
0,0,0,0,0,0,0,0,0,0,0,0,0,0,0,0,0,0,0,0,0,0,0,0,0,0,0,0,0,0,-0.215000152587891
0,-12,-3,-2,4,4,0,0,0,0,5,0,-1,0,4,0,0,0,0,0,0,0,0,0,0,0,0,0,45,0,0
0,0,0,0,0,0,0,0,0,0,0,0,0,0,0,0,0,0,0,0,0,0,0,0,0,0,0,0,0,0,0
0,0,0,0,0,0,0,0,0,0,0,0,0,0,0,0,0,0,0,0,0,0,0,0,0,0,0,0,0,0,0.0333347320556641
0,0,0,0,0,0,0,0,0,0,0,0,0,0,0,0,0,0,0,0,0,0,0,0,0,0,0,0,0,0,0.0333347320556641
0,0,0,0,0,0,0,0,0,0,0,0,0,0,0,0,0,0,0,0,0,0,0,0,0,0,0,0,0,0,0
0,0,0,0,0,0,0,0,0,0,0,0,0,0,0,0,0,0,0,0,0,0,0,0,0,0,0,0.00040000001899898,0,0,-0.253332138061523
0,0,0,0,0,0,0,0,0,0,0,0,0,0,0,0,0,0,0,0,0,0,0,0,0,0,0,0,0,0,0
0,0,6,0,0,0,0,0,0,0,0,0,0,0,0,0,0,0,0,0,0,0,0,0,0,0,0,0,0,0,0
0,0,0,0,0,0,0,0,0,0,0,0,0,0,0,0,0,0,0,0,0,0,0,0,0,0,0,0,0,0,-0.253332138061523
0,0,0,0,0,0,0,0,0,0,0,0,0,0,0,0,0,0,0,0,0,0,0,0,0,0,0,0,0,0,0
0,0,-6,0,0,0,0,0,0,0,0,0,0,0,0,0,0,0,0,0,0,0,0,0,0,0,0,0,0,0,0
0,0,0,0,0,0,0,0,0,0,0,0,0,0,0,0,0,0,0,0,0,0,0,0,0,0,0,0,0,0,0
5,0,-4,0,0,0,0,-0.062000036239624,0,0,0,0,0,0,0,0,0,0,0,0,0,0,0,0,0,0,0,0,-15,-0.0274648666381836,0.0799999237060547
0,0,0,0,0,0,0,0,0,0,0,0,0,0,0,0,0,0,0,0,0,0,0,0,0,0,0,0,0,0,0
5,0,2,0,0,0,0,-0.062000036239624,0,0,0,0,0,0,0,0,0,0,0,0,0,0,0,0,0,0,0,-0.00040000001899898,-15,-0.0274648666381836,0.0699996948242188
0,2,-4,4,0,0,0,0,0,0,0,-5,0,0,-1,0,0,0,0,0,0,0,0,0,0,0,0,-0.00319999968633056,0,0,0
-66,-71,-11,0,13,1,-0.242671191692352,-0.164000004529953,-0.0101321935653687,0.0962702929973602,0,42,4,-2.54999995231628,8,-1.70000004768372,1.30999994277954,10.599999666214,1,2.64947867393494,8.55434608459473,-8.81562519073486,0.26985402405262,151.129867553711,102.58430480957,28.4700164794922,606.345764160156,-0.00130000000353903,-15,-1.87360453605652,-0.680000305175781
111,32,90,-9,-42,0,0.189212471246719,-0.248999983072281,-0.0352762341499329,-0.0401071012020111,9,0,0,0,10,24,8,15,0,-7.7795934677124,-48.0622406005859,0,-7.36973714828491,-364.610801696777,0,48.5374822616577,-433.239807128906,-0.00229999981820583,0,-2.65352344512939,-3.22999954223633
-29,-31,-277,0,45,0,0.00875753164291382,0.238000005483627,0.0403919219970703,0.0640677809715271,-9,0,0,0,-5,-24,-8,-16,0,-1.57694959640503,-3.13585472106934,193.524505615234,11.9971332550049,-84.2632608413696,0,-41.8333435058594,-603.822906494141,-0.000900000100955367,11,2.70489740371704,1.77166748046875
0,0,0,0,0,0,0,0,0,0,0,0,0,0,0,0,0,0,0,0,0,0,0,0,0,0,0,0,0,0,0.263334274291992
0,-8,12,0,9,0,0,0,0,0,0,0,0,0,-1,0,0,0,0,0,0,0,0,0,0,0,0,0.00749999959953129,59,0,-0.233333587646484
-40,-29,188,0,14,0,0.105519473552704,0.027999997138977,-0.321129262447357,-0.119882851839066,0,21,0,0,-6,0.97000002861023,0,1.94000005722046,0,154.233370304108,56.9012088775635,1273.52346801758,65.1518993377686,12.7570180892944,0,38.9040985107422,493.377044677734,0.015599999576807,-70,-3.31367754936218,-1.0716667175293
0,0,0,0,0,0,0,0,0,0,0,0,0,0,0,0,0,0,0,0,0,0,0,0,0,0,0,0,0,0,0
0,0,-15,0,-1,0,0,0,0,0,0,-10,0,0,11,0,0,0,0,0,0,0,0,0,0,0,0,-0.0128999995067716,0,0,-0.00500106811523438
0,0,0,0,0,0,0,0,0,0,0,0,0,0,0,0,0,0,0,0,0,0,0,0,0,0,0,0,0,0,0
0,0,2,0,21,0,0,0,0,0,0,-20,-2,0,3,0,0,0,0,0,0,0,0,0,0,0,0,0,0,0,-0.146665573120117
0,-8,12,0,9,0,0,0,0,0,0,0,0,0,-1,0,0,0,0,0,0,0,0,0,0,0,0,0,0,0,0
0,0,0,0,0,0,0,0,0,0,0,0,0,0,0,0,0,0,0,0,0,0,0,0,0,0,0,0,-70,0,0
0,0,-15,0,-1,0,0,0,0,0,0,-10,0,0,11,0,0,0,0,0,0,0,0,0,0,0,0,-0.0128999995067716,0,0,-0.0300006866455078
0,2,2,0,6,-1,0,0,0,0,0,-6,-2,0,4,0,0,0,0,0,0,0,0,0,0,0,0,0.00119999994058162,0,0,-0.123332977294922
1,0,27,0,23,0,0.0330736637115479,0.0239999890327454,0.0437777638435364,-0.0452320575714111,0,-11,10,8.90999984741211,-22,0.0199999809265137,0,18.8500008583069,1,-135.482091903687,-14.1125602722168,-1402.53622436523,-51.2565498352051,-4.71048259735107,0,113.200836181641,3062.734375,-0.00179999973624945,0,0.441015720367432,0.260000228881836
0,0,0,0,0,0,0,0,0,0,0,0,0,0,0,0,0,0,0,0,0,0,0,0,0,0,0,0,0,0,0
0,0,0,0,0,0,0,0,0,0,0,0,0,0,0,0,0,0,0,11.4929065704346,5.61216354370117,0,0,6.0393590927124,0,-146.42791557312,0,0,0,0,0
0,0,0,0,0,0,0,0,0,0,0,0,0,0,0,0,0,0,0,0,0,0,0,0,0,0,0,0,0,0,-0.0249996185302734
0,0,0,0,0,0,0,0,0,0,0,0,0,0,0,0,0,0,0,11.4929065704346,5.61216354370117,0,0,6.0393590927124,0,-146.42791557312,0,0,0,0,0
0,4,-6,0,-5,0,0,0,-0.0118119120597839,0,0,15,0,0,-13,0,0,0,0,0,0,0,0,0,0,0,0,0,11,0,0
0,0,0,0,0,0,0,0,0,0,0,0,0,0,0,0,0,0,0,0,0,0,0,0,0,0,0,0,0,0,0
0,0,0,0,0,0,0,0,0,0,0,0,0,0,0,0,0,0,0,0,0,0,0,0,0,0,0,0,0,0,0.0966663360595703
0,0,0,0,0,0,0,0,0,0,0,0,0,0,0,0,0,0,0,0,0,0,0,0,0,0,0,0,0,0,0
0,8,-12,0,-9,0,0,0,0,0,0,0,0,0,1,0,0,0,0,0,0,0,0,0,0,0,0,0,59,0,0
0,0,6,0,0,0,0,0,0.0118119120597839,0,0,0,0,0,0,0,0,0,0,0,0,0,0,0,0,0,0,0,0,0,0
0,0,0,0,0,0,0,0,0,0,0,0,0,0,0,0,0,0,0,0,0,0,0,0,0,0,0,0,0,0,0
0,0,0,0,0,0,0,0,0,0,0,0,0,0,0,0,0,0,0,0,0,0,0,0,0,0,0,0,0,0,0
0,0,15,0,1,0,0,0,0,0,0,10,0,0,-11,0,0,0,0,0,0,0,0,0,0,0,0,0.0128999995067716,0,0,0.0300006866455078
0,0,0,0,0,0,0,0,0,0,0,0,0,0,0,0,0,0,0,0,0,0,0,0,0,0,0,0,0,0,0
0,0,0,0,0,0,0,0,0,0,0,0,0,0,0,0,0,0,0,0,0,0,0,0,0,0,0,0,0,0,0
0,0,0,0,0,0,0,0,0,0,0,0,0,0,0,0,0,0,0,0,0,0,0,0,0,0,0,0,0,0,0
0,0,15,0,1,0,0,0,0,0,0,10,0,0,-11,0,0,0,0,0,0,0,0,0,0,0,0,0.0128999995067716,0,0,0.0300006866455078
0,0,0,0,0,0,0,0,0,0,0,0,0,0,0,0,0,0,0,0,0,0,0,0,0,0,0,0,0,0,0
0,0,15,0,1,0,0,0,0,0,0,10,0,0,-11,0,0,0,0,0,0,0,0,0,0,0,0,0.0128999995067716,0,0,0.00500106811523438
0,0,15,0,1,0,0,0,0,0,0,10,0,0,-11,0,0,0,0,0,0,0,0,0,0,0,0,0,0,0,0.0300006866455078
0,0,0,0,0,0,0,0,0,0,0,0,0,0,0,0,0,0,0,0,0,0,0,0,0,0,0,0,0,0,0
0,-4,6,0,5,0,0,0,0.0118119120597839,0,0,-15,0,0,13,0,0,0,0,0,0,0,0,0,0,0,0,-0.00749999959953129,0,0,0.233333587646484
0,0,8,0,10,0,0,0,0.0590598583221436,0,0,0,-10,0,0,0,0,0,0,0,0,560.469573974609,-21.4858727455139,0,0,0,-613.8828125,-0.0105999999505002,0,0,0
0,0,0,0,0,0,0,0,0,0,0,0,0,0,0,0,0,0,0,0,0,0,0,0,0,0,0,0,0,0,0
0,0,15,0,1,0,0,0,0,0,0,10,0,0,-11,0,0,0,0,0,0,0,0,0,0,0,0,0.0128999995067716,0,0,0.0300006866455078
1,0,12,0,22,0,0.0330736637115479,0.0239999890327454,0.0437777638435364,-0.0452320575714111,0,-21,10,8.90999984741211,-11,0.0199999809265137,0,18.8500008583069,1,-135.482091903687,-14.1125602722168,-1402.53622436523,-51.2565498352051,-4.71048259735107,0,113.200836181641,3062.734375,-0.014699999243021,0,0.441015720367432,0.254999160766602
0,0,35,0,-10,0,0,0,0,0,0,0,10,0,0,0,0,0,0,0,0,0,0,0,0,0,0,0,4,0,0.0450000762939453
0,0,10,0,0,0,0,0,0,0,0,9,0,0,-10,0,0,0,0,0,0,0,0,0,0,0,0,0,0,0,0
0,0,-15,0,-1,0,0,0,0,0,0,-10,0,0,11,0,0,0,0,0,0,0,0,0,0,0,0,-0.0128999995067716,0,0,-0.0300006866455078
0,0,-5,0,-1,0,0,0,0,0,0,-1,0,0,1,0,0,0,0,0,0,0,0,0,0,0,0,-0.0128999995067716,0,0,-0.0300006866455078
0,0,0,0,0,0,0,0,0,0,0,0,0,0,0,0,0,0,0,0,0,0,0,0,0,0,0,0,0,0,0
0,0,0,0,0,0,0,0,0,0,0,0,0,0,0,0,0,0,0,0,0,0,0,0,0,0,0,0,0,0,0
0,0,0,0,0,0,0,0,0,0,0,0,0,0,0,0,0,0,0,0,0,0,0,0,0,0,0,0.0128999995067716,0,0,0
0,0,0,0,0,0,0,0,0,0,0,0,0,0,0,0,0,0,0,0,0,0,0,0,0,0,0,0,0,0,0.0450000762939453
0,-1,-19,0,4,0,0,0,0,0,-9,0,0,0,6,0,0,0,0,0,0,0,0,0,0,0,0,0,0,0,0.0466651916503906
10,27,48,0,6,0,0.0330736637115479,-0.0339999794960022,0.0785861015319824,-0.0412993282079697,0,-11,0,10,-22,5.02999997138977,0,17.0599999427795,0,-132.192001342773,-25.6173934936523,-603.380126953125,-67.8865242004395,-4.87148666381836,0,-20.2802219390869,1975.85400390625,-0.00969999958761036,18,-0.336478471755981,0.0783329010009766
0,0,0,0,0,0,0,0,0,0,0,0,0,0,0,0,0,0,0,0,0,0,0,0,0,0,0,0,0,0,0
0,0,-9,0,33,0,0,0,0,0,0,-11,0,0,-22,0,0,0,0,0,0,0,0,0,0,0,0,0,0,0,0.0249996185302734
0,0,-15,0,-1,0,0,0,0,0,0,-10,0,0,11,0,0,0,0,0,0,0,0,0,0,0,0,-0.0128999995067716,0,0,-0.0300006866455078
0,0,0,0,0,0,0,0,0,0,0,0,0,0,0,0,0,0,0,0,0,0,0,0,0,0,0,0.0128999995067716,0,0,0
0,0,0,0,0,0,0,0,0,0,0,0,0,0,0,0,0,0,0,0,0,0,0,0,0,0,0,0,0,0,0
0,30,-3,0,-32,0,0,0,0,0,0,-1,0,0,4,0,0,0,0,0,0,0,0,0,0,0,0,0.0128999995067716,0,0,0.00166702270507812
-4,0,-159,0,0,0,-0.219746649265289,0.100000023841858,0.330393552780151,0.146701604127884,5,7,10,0,-22,-0.97000002861023,0,-1.94000005722046,0,-122.19930267334,-41.8356914520264,-1279.13389587402,-73.5341641902924,-11.9309887886047,0,169.435806274414,-548.451675415039,-0.00441750977188349,0,2.50310683250427,NA
0,0,0,0,0,0,0,0,0,0,0,0,0,0,0,0,0,0,0,0,0,0,0,0,0,0,0,0,0,0,0
-82,-67,122,0,38,0,0.00844240188598633,0.0929999947547913,0.00172930955886841,-0.0343506038188934,0,0,45,0,-16,36,-7,12,0,3.52308130264282,57.9250984191895,0,27.4450244903564,337.984336853027,0,26.9096527099609,4315.35052490234,-0.00350000010803342,0,-0.239837884902954,-0.926666259765625
0,0,0,0,0,0,0,0,0,0,0,0,0,0,0,0,0,0,0,0,0,0,0,0,0,0,0,0.00209999969229102,0,0,0
0,0,-15,0,-1,0,0,0,0,0,0,-10,0,0,11,0,0,0,0,0,0,0,0,0,0,0,0,-0.0128999995067716,0,0,0
0,0,0,0,0,0,0,0,0,0,0,0,0,0,0,0,0,0,0,0,0,0,0,0,0,0,0,0,0,0,0
0,0,0,0,0,0,0,0,0,0,0,0,0,0,0,0,0,0,0,0,0,0,0,0,0,0,0,0,0,0,0.19666862487793
0,0,0,0,0,0,0,0,0,0,0,0,0,0,0,0,0,0,0,0,0,0,0,0,0,0,0,-0.00209999969229102,0,0,0
9,0,41,0,10,0,0,-0.0399999618530273,-0.0438873171806335,0.00393272936344147,0,0,-10,0,0,0,0,0,-1,0,0,560.469573974609,-21.4858727455139,0,0,0,-613.8828125,-0.00789999985136092,18,-0.220044136047363,-0.206666946411133
0,0,0,0,0,0,0,0,0,0,0,0,0,0,0,0,0,0,0,0,0,0,0,0,0,0,0,0,0,0,0.0133323669433594
0,0,0,0,0,0,0,0,0,0,0,0,0,0,0,0,0,0,0,0,0,0,0,0,0,0,0,0,0,0,0
0,0,-10,0,0,0,0,0,0,0,0,-9,0,0,10,0,0,0,0,0,0,0,0,0,0,0,0,0,0,0,0
0,-28,160,0,14,0,0.0548475980758667,-0.559000015258789,-0.114745199680328,NA,17,-34,21,1,9,40,20,31,0,-32.2658233642578,-4.58237624168396,-0.396790146827698,0.0737229064106941,2.80606555938721,194.292541503906,320.822204589844,2967.93589782715,0.0282000009901822,-48,-3.029221534729,-0.248332977294922
0,0,0,0,0,0,0,0,0,0,0,0,0,0,0,0,0,0,0,0,0,0,0,0,0,0,0,0,0,0,0
0,0,0,0,0,0,0,0,0,0,0,0,0,0,0,0,0,0,0,0,0,0,0,0,0,0,0,0,0,0,0
0,0,0,0,0,0,0,0,0,0,0,0,0,0,0,0,0,0,0,0,0,0,0,0,0,0,0,0,0,0,0
0,0,5,0,23,0,0,0,0,0,0,0,-13,0,-9,0,0,0,0,0,0,0,0,0,0,0,0,0,0,0,0
0,0,0,0,0,0,0,0,0,0,0,0,0,0,0,0,0,0,0,0,0,0,0,0,0,0,0,0,0,0,0
0,0,0,0,0,0,0,0,0,0,0,0,0,0,0,0,0,0,0,0,0,0,0,0,0,0,0,0,0,0,-0.19666862487793
0,0,0,0,0,0,0,0,0,0,0,0,0,0,0,0,0,0,0,0,0,0,0,0,0,0,0,0,0,0,0
0,0,5,0,3,0,0,0,0,0,0,0,1,0,-4,0,0,0,0,0,0,0,0,0,0,0,0,0,1,0,0
0,0,0,0,0,0,0,0,0,0,0,0,0,0,0,0,0,0,0,0,0,0,0,0,0,0,0,0,0,0,0
0,0,0,0,0,0,0,0,0,0,0,0,0,0,0,0,0,0,0,0,0,0,0,0,0,0,0,0,0,0,0
0,0,0,0,0,0,0,0,0,0,0,0,0,0,0,0,0,0,0,0,0,0,0,0,0,0,0,0,0,0,0
0,-39,149,0,40,0,0,0,0.073501467704773,-0.000755935907363892,7,7,10,0,-25,0,0,0,0,0,0,0,0,0,0,0,0,0.000699999742209911,0,0.090228796005249,-0.958333969116211
0,0,0,0,0,0,0,0,0,0,0,0,0,0,0,0,0,0,0,0,0,0,0,0,0,0,0,0,0,0,0
0,3,9,0,-4,0,0,0,0.0386998057365417,0,0,0,0,0,1,0,0,0,0,0,0,0,0,0,0,0,0,-0.00250000006053597,0,0,-0.451667785644531
0,0,-5,0,-23,0,0,0,0,0,0,0,13,0,9,0,0,0,0,0,0,0,0,0,0,0,0,0,0,0,0
0,0,0,0,0,0,0,0,0,0,0,0,0,0,0,0,0,0,0,0,0,0,0,0,0,0,0,0,0,0,0
0,0,-18,0,0,0,0,0,0,0,0,0,0,0,0,0,0,0,0,0,0,0,0,0,0,0,0,0.0165999992750585,0,0,0
0,0,0,0,0,0,0,0,0,0,0,0,0,0,0,0,0,0,0,0,0,0,0,0,0,0,0,0,0,0,0
0,0,-18,0,0,0,0,0,0,0,0,0,0,0,0,0,0,0,0,0,0,0,0,0,0,0,0,0.0165999992750585,0,0,0
0,0,0,0,0,0,0,0,0,0,0,0,0,0,0,0,0,0,0,0,0,0,0,0,0,0,0,0,0,0,0
0,0,0,0,0,0,0,0,0,0,0,0,0,0,0,0,0,0,0,0,0,0,0,0,0,0,0,0,0,0,0
0,0,0,0,0,0,0,0,0,0,0,0,0,0,0,0,0,0,0,0,0,0,0,0,0,0,0,0.0190999993355945,0,0,0
0,0,0,0,0,0,0,0,0,0,0,0,0,0,0,0,0,0,0,0,0,0,0,0,0,0,0,0,0,0,0
0,0,0,0,0,0,0,0,0,0,0,0,0,0,0,0,0,0,0,0,0,0,0,0,0,0,0,0,0,0,-0.0183334350585938
0,0,0,0,0,0,0,0,0,0,0,0,0,0,0,0,0,0,0,0,0,0,0,0,0,0,0,0,0,0,0
0,0,5,0,23,0,0,0,0,0,0,0,-13,0,-9,0,0,0,0,0,0,0,0,0,0,0,0,0,0,0,0
0,0,0,0,0,0,0,0,0,0,0,0,0,0,0,0,0,0,0,0,0,0,0,0,0,0,0,0,0,0,0
0,-37,18,10,22,0,0,0,0,0,6,0,6,0,-8,0,0,0,0,0,0,0,0,0,0,0,0,0,0,0,0
0,0,0,0,0,0,0,0,0,0,0,0,0,0,0,0,0,0,0,0,0,0,0,0,0,0,0,0,0,0,-0.19666862487793
0,0,0,0,0,0,0,0,0,0,0,0,0,0,0,0,0,0,0,0,0,0,0,0,0,0,0,0,0,0,0
0,0,0,0,0,0,0,0,0,0,0,0,0,0,0,0,0,0,0,0,0,0,0,0,0,0,0,0,0,0,0
0,39,-92,0,-39,0,0,0,0,0,-7,-7,-10,0,24,0,0,0,0,0,0,0,0,0,0,0,0,0,0,0,0
0,0,0,0,0,0,0,0,0,0,0,0,0,0,0,0,0,0,0,0,0,0,0,0,0,0,0,-0.00250000006053597,0,0,0
0,0,5,0,23,0,0,0,0,0,0,0,-13,0,-9,0,0,0,0,0,0,0,0,0,0,0,0,0,0,0,0
0,0,0,0,0,0,0,0,0,0,0,0,0,0,0,0,0,0,0,0,0,0,0,0,0,0,0,0,0,0,0
0,-34,45,10,18,0,0,0,0.0386998057365417,0,6,0,6,0,-7,0,0,0,0,0,0,0,0,0,0,0,0,0,0,0,-0.254999160766602
0,0,26,0,-15,0,0,0,0,0,0,0,14,0,0,0,0,0,0,0,0,0,0,0,0,0,0,0,0,0,0
0,0,0,0,0,0,0,0,0,0,0,0,0,0,0,0,0,0,0,0,0,0,0,0,0,0,0,0,0,0,0
0,0,0,0,0,0,0,0,0,0,0,0,0,0,0,0,0,0,0,0,0,0,0,0,0,0,0,0,0,0,0
0,-34,45,10,18,0,0,0,0.0386998057365417,0,6,0,6,0,-7,0,0,0,0,0,0,0,0,0,0,0,0,0,0,0,-0.254999160766602
0,0,37,0,-1,0,0,0,-0.248809814453125,0,0,0,0,0,1,0,0,0,0,1.46377611160278,28.1663017272949,0,1.95097029209137,227.374168395996,0,37.186767578125,1421.51922607422,0,0,0,-0.380001068115234
0,0,0,0,0,0,0,0,0,0,0,0,0,0,0,0,0,0,0,0,0,0,0,0,0,0,0,0,0,0,-0.0183334350585938
0,0,0,0,0,0,0,0,0,0,0,0,0,0,0,0,0,0,0,0,0,0,0,0,0,0,0,0,0,0,0
0,0,0,0,0,0,0,0,0,0,0,0,0,0,0,0,0,0,0,0,0,0,0,0,0,0,0,0,0,0,0
0,0,9,0,-33,0,0,0,0,0,0,11,0,0,22,0,0,0,0,0,0,0,0,0,0,0,0,0,0,0,-0.0249996185302734
0,0,0,0,0,0,0,0,0,0,0,0,0,0,0,0,0,0,0,0,0,0,0,0,0,0,0,0,0,0,0
0,0,0,0,0,0,0,0,0,0,0,0,0,0,0,0,0,0,0,0,0,0,0,0,0,0,0,0,0,-0.0514037609100342,0
0,0,36,0,11,0,0,0,0,0,0,0,2,0,-13,0,0,0,0,0,0,0,0,0,0,0,0,0,0,0,0
0,0,0,0,0,0,0,0,0,0,0,0,0,0,0,0,0,0,0,0,0,0,0,0,0,0,0,0,0,0,0
0,0,0,0,0,0,0,0,0,0,0,0,0,0,0,0,0,0,0,0,0,0,0,0,0,0,0,-0.0144999995827675,0,0,0
0,-34,45,10,18,0,0,0,0.0386998057365417,0,6,0,6,0,-7,0,0,0,0,0,0,0,0,0,0,0,0,0,0,0,-0.254999160766602
0,34,-45,-10,-18,0,0,0,-0.0386998057365417,0,-6,0,-6,0,7,0,0,0,0,0,0,0,0,0,0,0,0,0,0,0,0.254999160766602
0,0,5,0,23,0,0,0,0,0,0,0,-13,0,-9,0,0,0,0,0,0,0,0,0,0,0,0,0,0,0,0
0,0,-5,0,-3,0,0,0,0,0,0,0,-1,0,4,0,0,0,0,0,0,0,0,0,0,0,0,0,-1,0,0
82,0,-44,0,-21,0,-0.285486996173859,0.354000002145767,-0.404706835746765,0.288085415959358,-17,48,-31,-1,21,-40,-20,-31,0,0,0.154398202896118,0,-0.0737229064106941,5.9862585067749,-194.292541503906,-309.786114692688,-2754.25006103516,-0.00960000045597553,8,1.76602935791016,-6.56166648864746
0,0,0,0,0,0,0,0,0,0,0,0,0,0,0,0,0,0,0,0,0,0,0,0,0,0,0,0,0,0,0
0,3,9,0,-4,0,0,0,0.0386998057365417,0,0,0,0,0,1,0,0,0,0,0,0,0,0,0,0,0,0,-0.00459999975282699,0,0,0.106668472290039
0,0,0,0,0,0,0,0,0,0,0,0,0,0,0,0,0,0,0,0,0,0,0,0,0,0,0,0,0,0,0.0516681671142578
0,-3,-9,0,4,0,0,0,-0.0386998057365417,0,0,0,0,0,-1,0,0,0,0,0,0,0,0,0,0,0,0,-0.0165999992750585,0,0,0.254999160766602
0,0,0,0,0,0,0,0,0,0,0,0,0,0,0,0,0,0,0,0,0,0,0,0,0,0,0,0,0,0,0.0066680908203125
0,0,0,0,0,0,0,0,0,0,0,0,0,0,0,0,0,0,0,0,0,0,0,0,0,0,0,0,0,0,0.0516681671142578
0,0,0,0,0,0,0,0,0,0,0,0,0,0,0,0,0,0,0,0,0,0,0,0,0,0,0,0,0,0,0
0,0,0,0,0,0,0,0,0,0,0,0,0,0,0,0,0,0,0,0,0,0,0,0,0,0,0,-0.00250000006053597,0,0,0.19666862487793
0,0,0,0,0,0,0,0,0,0,0,0,0,0,0,0,0,0,0,0,0,0,0,0,0,0,0,0,0,0,0.19666862487793
0,0,0,0,0,0,0,0,0,0,0,0,0,0,0,0,0,0,0,0,0,0,0,0,0,0,0,0,0,0,0
0,0,5,0,23,0,0,0,0,0,0,0,-13,0,-9,0,0,0,0,0,0,0,0,0,0,0,0,0,0,0,0
0,0,0,0,0,0,0,0,0,0,0,0,0,0,0,0,0,0,0,0,0,0,0,0,0,0,0,-0.00250000006053597,0,0,0
0,0,-5,0,-23,0,0,0,0,0,0,0,13,0,9,0,0,0,0,0,0,0,0,0,0,0,0,0,0,0,-0.0183334350585938
0,0,-5,0,-23,0,0,0,0,0,0,0,13,0,9,0,0,0,0,0,0,0,0,0,0,0,0,0,0,0,0.0183334350585938
0,0,0,0,0,0,0,0,0,0,0,0,0,0,0,0,0,0,0,0,0,0,0,0,0,0,0,0.00250000006053597,0,0,-0.19666862487793
0,0,0,0,0,0,0,0,0,0,0,0,0,0,0,0,0,0,0,0,0,0,0,0,0,0,0,0,0,0,0
0,0,26,0,-15,0,0,0,0,0,0,0,14,0,0,0,0,0,0,0,0,0,0,0,0,0,0,0,0,0,0
0,0,0,0,0,0,0,0,0,0,0,0,0,0,0,0,0,0,0,0,0,0,0,0,0,0,0,0,0,0,0
0,0,-31,0,12,0,0,0,0,0,0,0,-15,0,4,0,0,0,0,0,0,0,0,0,0,0,0,0,-1,0,0
0,0,-2,0,19,0,0,0,0,0,-2,-19,11,0,-9,0,0,0,0,0,0,0,0,0,0,0,0,0,0,0,0.073333740234375
0,0,-18,0,0,0,0,0,0,0,0,0,0,0,0,0,0,0,0,0,0,0,0,0,0,0,0,0.00209999969229102,0,0,0
0,0,0,0,0,0,0,0,0,0,0,0,0,0,0,0,0,0,0,0,0,0,0,0,0,0,0,0,0,0,0
0,0,0,0,0,0,0,0,0,0,0,0,0,0,0,0,0,0,0,0,0,0,0,0,0,0,0,0,0,0,0
0,0,26,0,-15,0,0,0,0,0,0,0,14,0,0,0,0,0,0,0,0,0,0,0,0,0,0,0,-1,0,0
0,0,0,0,0,0,0,0,0,0,0,0,0,0,0,0,0,0,0,0,0,0,0,0,0,0,0,0,0,0,0
0,0,0,0,0,0,0,0,0,0,0,0,0,0,0,0,0,0,0,0,0,0,0,0,0,0,0,-0.0144999995827675,0,0,0
0,0,0,0,0,0,0,0,0,0,0,0,0,0,0,0,0,0,0,0,0,0,0,0,0,0,0,0,0,0,0
0,0,0,0,0,0,0,0,0,0,0,0,0,0,0,0,0,0,0,0,0,0,0,0,0,0,0,0,0,0,0
0,0,0,0,0,0,0,0,0,0,0,0,0,0,0,0,0,0,0,0,0,0,0,0,0,0,0,0,0,0,0
0,0,0,0,0,0,0,0,0,0,0,0,0,0,0,0,0,0,0,0,0,0,0,0,0,0,0,-0.00250000006053597,0,0,0
0,0,31,0,-12,0,0,0,0,0,0,0,15,0,-4,0,0,0,0,0,0,0,0,0,0,0,0,0,1,0,0
0,0,31,0,-12,0,0,0,0,0,0,0,15,0,-4,0,0,0,0,0,0,0,0,0,0,0,0,0,1,0,0
0,0,0,0,0,0,0,0,0,0,0,0,0,0,0,0,0,0,0,0,0,0,0,0,0,0,0,0,0,0,0
0,0,-5,0,-23,0,0,0,0,0,0,0,13,0,9,0,0,0,0,0,0,0,0,0,0,0,0,0,0,0,-0.0183334350585938
0,0,0,0,0,0,0,0,0,0,0,0,0,0,0,0,0,0,0,0,0,0,0,0,0,0,0,0.00250000006053597,0,0,0
0,0,0,0,0,0,0,0,0,0,0,0,0,0,0,0,0,0,0,0,0,0,0,0,0,0,0,0,0,0,0
0,0,94,0,0,0,0,0,-0.175308346748352,-0.000755935907363892,0,0,0,0,0,0,0,0,0,1.46377611160278,28.1663017272949,0,1.95097029209137,227.374168395996,0,37.186767578125,1421.51922607422,0.000699999742209911,0,0.090228796005249,-1.14166641235352
0,0,18,0,0,0,0,0,0,0,0,0,0,0,0,0,0,0,0,0,0,0,0,0,0,0,0,-0.00209999969229102,0,0,0
NA,NA,NA,NA,NA,NA,0.290384352207184,NA,NA,NA,NA,NA,NA,NA,NA,NA,NA,NA,NA,NA,NA,NA,NA,NA,NA,NA,NA,NA,NA,NA,NA
0,0,19,0,-33,0,0,0,0,0,0,20,0,0,12,0,0,0,0,0,0,0,0,0,0,0,0,0,0,0,-0.0116672515869141
0,0,36,0,11,0,0,0,0,0,0,0,2,0,-13,0,0,0,0,0,0,0,0,0,0,0,0,0,0,0,0
0,0,0,0,0,0,0,0,0,0,0,0,0,0,0,0,0,0,0,0,0,0,0,0,0,0,0,0,0,0,0
0,0,5,0,3,0,0,0,0,0,0,0,1,0,-4,0,0,0,0,0,0,0,0,0,0,0,0,0,1,0,0.0516681671142578
0,0,0,0,0,0,0,0,0,0,0,0,0,0,0,0,0,0,0,0,0,0,0,0,0,0,0,0,0,0,0
0,0,0,0,0,0,0,0,0,0,0,0,0,0,0,0,0,0,0,0,0,0,0,0,0,0,0,0,0,0,0
0,0,0,0,0,0,0,0,0,0,0,0,0,0,0,0,0,0,0,0,0,0,0,0,0,0,0,0,0,0,0
0,0,11,0,-18,0,0,0,-0.0590598583221436,0,0,8,9,0,0,0,0,0,0,-11.4929065704346,-5.61216354370117,-560.469573974609,21.4858727455139,-6.0393590927124,0,146.42791557312,613.8828125,0.0105999999505002,0,0,0
0,0,0,0,0,0,0,0,0,0,0,0,0,0,0,0,0,0,0,0,0,0,0,0,0,0,0,0,0,0,-0.0183334350585938
0,0,0,0,0,0,0,0,0,0,0,0,0,0,0,0,0,0,0,0,0,0,0,0,0,0,0,0,-1,0,0
0,0,0,0,0,0,0,0,0,0,0,0,0,0,0,0,0,0,0,0,0,0,0,0,0,0,0,0,0,0,0.19666862487793
0,0,0,0,0,0,0,0,0,0,0,0,0,0,0,0,0,0,0,0,0,0,0,0,0,0,0,0,0,0,0
0,0,0,0,0,0,0,0,0,0,0,0,0,0,0,0,0,0,0,0,0,0,0,0,0,0,0,0,-8,0,0.0166683197021484
0,0,0,0,0,0,0,0,0,0,0,0,0,0,0,0,0,0,0,0,0,0,0,0,0,0,0,0,0,0,0
0,0,37,0,-1,0,0,0,-0.248809814453125,0,0,0,0,0,1,0,0,0,0,1.46377611160278,28.1663017272949,0,1.95097029209137,227.374168395996,0,37.186767578125,1421.51922607422,0,0,0,-0.380001068115234
0,0,0,0,0,0,0,0,0,0,0,0,0,0,0,0,0,0,0,0,0,0,0,0,0,0,0,0.00250000006053597,0,0,0
0,0,0,0,0,0,0,0,0,0,0,0,0,0,0,0,0,0,0,0,0,0,0,0,0,0,0,0,0,0,0
40,0,-47,0,15,0,0,0.0940000116825104,0,0,11,-10,0,0,-16,0,0,0,0,0,0,0,0,0,0,0,0,0,0,0.221792697906494,0.0166683197021484
0,0,0,0,0,0,0,0,0,0,0,0,0,0,0,0,0,0,0,0,0,0,0,0,0,0,0,0,0,0,0.19666862487793
0,0,18,0,0,0,0,0,0,0,0,0,0,0,0,0,0,0,0,0,0,0,0,0,0,0,0,0,0,0,0
0,0,0,0,0,0,0,0,0,0,0,0,0,0,0,0,0,0,0,0,0,0,0,0,0,0,0,0,0,0,0
0,0,0,0,0,0,0,0,0,0,0,0,0,0,0,0,0,0,0,0,0,0,0,0,0,0,0,-0.00250000006053597,0,0,0.19666862487793
0,0,0,0,0,0,0,0,0,0,0,0,0,0,0,0,0,0,0,0,0,0,0,0,0,0,0,0,0,0,0
0,0,0,0,0,0,0,0,0,0,0,0,0,0,0,0,0,0,0,0,0,0,0,0,0,0,0,0,0,0,0
0,0,0,0,0,0,0,0,0,0,0,0,0,0,0,0,0,0,0,0,0,0,0,0,0,0,0,0,0,0,0
0,0,0,0,0,0,0,0,0,0,0,0,0,0,0,0,0,0,0,0,0,0,0,0,0,0,0,0,0,0,0
0,0,0,0,0,0,0,0,0,0,0,0,0,0,0,0,0,0,0,0,0,0,0,0,0,0,0,0,0,0,0
0,0,0,0,0,0,0,0,0,0,0,0,0,0,0,0,0,0,0,0,0,0,0,0,0,0,0,0,0,0,0
0,0,0,0,0,0,0,0,0,0,0,0,0,0,0,0,0,0,0,0,0,0,0,0,0,0,0,0,0,0,0
0,0,0,0,0,0,0,0,0,0,0,0,0,0,0,0,0,0,0,0,0,0,0,0,0,0,0,0,0,0,0
0,0,0,0,0,0,0,0,0,0,0,0,0,0,0,0,0,0,0,0,0,0,0,0,0,0,0,0,0,0,0
0,0,0,0,0,0,0,0,0,0,0,0,0,0,0,0,0,0,0,0,0,0,0,0,0,0,0,0,0,0,0
0,3,9,0,-4,0,0,0,0.0386998057365417,0,0,0,0,0,1,0,0,0,0,0,0,0,0,0,0,0,0,-0.00250000006053597,41,0,-0.0900001525878906
0,0,-5,0,-23,0,0,0,0,0,0,0,13,0,9,0,0,0,0,0,0,0,0,0,0,0,0,0,0,0,0
0,-34,27,10,18,0,0,0,0.0386998057365417,0,6,0,6,0,-7,0,0,0,0,0,0,0,0,0,0,0,0,0.0190999993355945,0,0,-0.254999160766602
0,0,-31,0,12,0,0,0,0,0,0,0,-15,0,4,0,0,0,0,0,0,0,0,0,0,0,0,0,-1,0,-0.0183334350585938
0,0,0,0,0,0,0,0,0,0,0,0,0,0,0,0,0,0,0,0,0,0,0,0,0,0,0,0,0,0,-0.0183334350585938
0,0,0,0,0,0,0,0,0,0,0,0,0,0,0,0,0,0,0,0,0,0,0,0,0,0,0,0,0,0,0
0,0,0,0,-3,0,0,0,0,0,0,0,-1,0,4,0,0,0,0,0,0,0,0,0,0,0,0,0,-1,0,-0.0516681671142578
0,0,-37,0,1,0,0,0,0.248809814453125,0,0,0,0,0,-1,0,0,0,0,-1.46377611160278,-28.1663017272949,0,-1.95097029209137,-227.374168395996,0,-37.186767578125,-1421.51922607422,0,0,0,0.380001068115234
0,0,0,0,0,0,0,0,0,0,0,0,0,0,0,0,0,0,0,0,0,0,0,0,0,0,0,0,0,0,-0.19666862487793
0,3,9,0,-4,0,0,0,0.0386998057365417,0,0,0,0,0,1,0,0,0,0,0,0,0,0,0,0,0,0,-0.00250000006053597,0,0,-0.451667785644531
0,0,0,0,0,0,0,0,0,0,0,0,0,0,0,0,0,0,0,0,0,0,0,0,0,0,0,0,0,0,0
0,0,0,0,0,0,0,0,0,0,0,0,0,0,0,0,0,0,0,0,0,0,0,0,0,0,0,0,0,0,0
0,0,0,0,0,0,0,0,0,0,0,0,0,0,0,0,0,0,0,0,0,0,0,0,0,0,0,0,0,0,0
0,0,0,0,0,0,0,0,0,0,0,0,0,0,0,0,0,0,0,0,0,0,0,0,0,0,0,0,75,0,0.19666862487793
0,0,7,0,-19,0,0,0,0,0,2,15,2,0,0,0,0,0,0,0,0,0,0,0,0,0,0,0,0,0,0
0,-39,92,0,39,0,0,0,0,0,7,7,10,0,-24,0,0,0,0,0,0,0,0,0,0,0,0,0,0,-0.0514037609100342,0
0,-3,-9,0,4,0,0,0,-0.0386998057365417,0,0,0,0,0,-1,0,0,0,0,0,0,0,0,0,0,0,0,0.00250000006053597,-41,0,-0.106668472290039
0,0,-18,0,0,0,0,0,0,0,0,0,0,0,0,0,0,0,0,0,0,0,0,0,0,0,0,0.00209999969229102,0,0,-0.19666862487793
0,0,0,0,0,0,0,0,0,0,0,0,0,0,0,0,0,0,0,0,0,0,0,0,0,0,0,0,0,0,0
0,0,-5,0,-3,0,0,0,0,0,0,0,-1,0,4,0,0,0,0,0,0,0,0,0,0,0,0,0,-1,0,0
0,0,2,0,-19,0,0,0,0,0,2,19,-11,0,9,0,0,0,0,0,0,0,0,0,0,0,0,0,0,0,-0.073333740234375
0,0,0,0,0,0,0,0,0,0,0,0,0,0,0,0,0,0,0,0,0,0,0,0,0,0,0,0,0,0,0
0,0,-2,0,19,0,0,0,0,0,-2,-19,11,0,-9,0,0,0,0,0,0,0,0,0,0,0,0,0,0,0,0.073333740234375
0,0,7,0,-19,0,0,0,0,0,2,15,2,0,0,0,0,0,0,0,0,0,0,0,0,0,0,0,0,0,0.051666259765625
0,0,0,0,0,0,0,0,0,0,0,0,0,0,0,0,0,0,0,0,0,0,0,0,0,0,0,0,0,0,-0.029998779296875
0,0,0,0,0,0,0,0,0,0,0,0,0,0,0,0,0,0,0,0,0,0,0,0,0,0,0,0,0,0,0
0,0,0,0,0,0,0,0,0,0,0,0,0,0,0,0,0,0,0,0,0,0,0,0,0,0,0,0,0,0,-0.0433349609375
0,0,0,0,0,0,0,0,0,0,0,0,0,0,0,0,0,0,0,0,0,0,0,0,0,0,0,0,0,0,0.029998779296875
38,35,541,0,29,0,0.245956480503082,-0.0129999965429306,0.0503590703010559,0.0228209793567657,-17,-22,-23,2,-1,-13,-5,14,41,0,18.7164804935455,0,0.72144453972578,178.757571220398,1701.36761474609,-299.254920959473,-572.88720703125,-0.0281000006943941,0,0.0899255275726318,-1.97499847412109
0,0,0,0,0,0,0,0,0,0,0,0,0,0,0,0,0,0,0,0,0,0,0,0,0,0,0,0,0,0,0.051666259765625
0,0,0,0,0,0,0,0,0,0,0,0,0,0,0,0,0,0,0,0,0,0,0,0,0,0,0,0,0,0,-0.073333740234375
0,-3,-9,0,4,0,0,0,-0.0386998057365417,0,0,0,0,0,-1,0,0,0,0,0,0,0,0,0,0,0,0,0.00250000006053597,0,0,0.0900001525878906
0,0,-18,0,0,0,0,0,0,0,0,0,0,0,0,0,0,0,0,0,0,0,0,0,0,0,0,0.00209999969229102,0,0,0
0,0,31,0,-12,0,0,0,0,0,0,0,15,0,-4,0,0,0,0,0,0,0,0,0,0,0,0,0,1,0,0
0,0,0,0,0,0,0,0,0,0,0,0,0,0,0,0,0,0,0,0,0,0,0,0,0,0,0,0,0,0,0
0,3,9,0,-4,0,0,0,0.0386998057365417,0,0,0,0,0,1,0,0,0,0,0,0,0,0,0,0,0,0,-0.00250000006053597,0,0,0.106668472290039
0,0,0,0,0,0,0,0,0,0,0,0,0,0,0,0,0,0,0,0,0,0,0,0,0,0,0,0,0,0,0
0,0,0,0,0,0,0,0,0,0,0,0,0,0,0,0,0,0,0,0,0,0,0,0,0,0,0,0,0,0,0
0,0,0,0,0,0,0,0,0,0,0,0,0,0,0,0,0,0,0,0,0,0,0,0,0,0,0,0,0,0,-0.0183334350585938
